
 **** DERIVATIVE DATABASE ****    
+DDB, Version number    100401

  Note : temporary (transfer) database

    usepaw         0
     natom         4
      nkpt        32
    nsppol         1
      nsym        12
    ntypat         2
    occopt         1
     nband         8
     acell  0.10000000000000D+01  0.10000000000000D+01  0.10000000000000D+01
       amu  0.26981539000000D+02  0.74921590000000D+02
   dilatmx  0.10000000000000D+01
      ecut  0.60000000000000D+01
    ecutsm  0.50000000000000D+00
     intxc         0
      iscf         7
       ixc         1
       kpt  0.00000000000000D+00  0.00000000000000D+00  0.12500000000000D+00
            0.25000000000000D+00  0.00000000000000D+00  0.12500000000000D+00
            0.50000000000000D+00  0.00000000000000D+00  0.12500000000000D+00
           -0.25000000000000D+00  0.00000000000000D+00  0.12500000000000D+00
            0.00000000000000D+00  0.25000000000000D+00  0.12500000000000D+00
            0.25000000000000D+00  0.25000000000000D+00  0.12500000000000D+00
            0.50000000000000D+00  0.25000000000000D+00  0.12500000000000D+00
           -0.25000000000000D+00  0.25000000000000D+00  0.12500000000000D+00
            0.00000000000000D+00  0.50000000000000D+00  0.12500000000000D+00
            0.25000000000000D+00  0.50000000000000D+00  0.12500000000000D+00
            0.50000000000000D+00  0.50000000000000D+00  0.12500000000000D+00
           -0.25000000000000D+00  0.50000000000000D+00  0.12500000000000D+00
            0.00000000000000D+00 -0.25000000000000D+00  0.12500000000000D+00
            0.25000000000000D+00 -0.25000000000000D+00  0.12500000000000D+00
            0.50000000000000D+00 -0.25000000000000D+00  0.12500000000000D+00
           -0.25000000000000D+00 -0.25000000000000D+00  0.12500000000000D+00
            0.00000000000000D+00  0.00000000000000D+00  0.37500000000000D+00
            0.25000000000000D+00  0.00000000000000D+00  0.37500000000000D+00
            0.50000000000000D+00  0.00000000000000D+00  0.37500000000000D+00
           -0.25000000000000D+00  0.00000000000000D+00  0.37500000000000D+00
            0.00000000000000D+00  0.25000000000000D+00  0.37500000000000D+00
            0.25000000000000D+00  0.25000000000000D+00  0.37500000000000D+00
            0.50000000000000D+00  0.25000000000000D+00  0.37500000000000D+00
           -0.25000000000000D+00  0.25000000000000D+00  0.37500000000000D+00
            0.00000000000000D+00  0.50000000000000D+00  0.37500000000000D+00
            0.25000000000000D+00  0.50000000000000D+00  0.37500000000000D+00
            0.50000000000000D+00  0.50000000000000D+00  0.37500000000000D+00
           -0.25000000000000D+00  0.50000000000000D+00  0.37500000000000D+00
            0.00000000000000D+00 -0.25000000000000D+00  0.37500000000000D+00
            0.25000000000000D+00 -0.25000000000000D+00  0.37500000000000D+00
            0.50000000000000D+00 -0.25000000000000D+00  0.37500000000000D+00
           -0.25000000000000D+00 -0.25000000000000D+00  0.37500000000000D+00
    kptnrm  0.10000000000000D+01
     ngfft        18   18   30
    nspden         1
   nspinor         1
       occ  0.20000000000000D+01  0.20000000000000D+01  0.20000000000000D+01
            0.20000000000000D+01  0.20000000000000D+01  0.20000000000000D+01
            0.20000000000000D+01  0.20000000000000D+01
     rprim  0.65289350475000D+01  0.37694824072000D+01  0.00000000000000D+00
           -0.65289350475000D+01  0.37694824072000D+01  0.00000000000000D+00
            0.00000000000000D+00  0.00000000000000D+00  0.12277795374000D+02
  dfpt_sciss  0.00000000000000D+00
    spinat  0.00000000000000D+00  0.00000000000000D+00  0.00000000000000D+00
            0.00000000000000D+00  0.00000000000000D+00  0.00000000000000D+00
            0.00000000000000D+00  0.00000000000000D+00  0.00000000000000D+00
            0.00000000000000D+00  0.00000000000000D+00  0.00000000000000D+00
    symafm         1    1    1    1    1    1    1    1    1    1    1    1
    symrel         1    0    0    0    1    0    0    0    1
                   0    1    0    1    0    0    0    0    1
                   1    1    0   -1    0    0    0    0    1
                  -1    0    0    1    1    0    0    0    1
                   0    1    0   -1   -1    0    0    0    1
                  -1   -1    0    0    1    0    0    0    1
                  -1    0    0    0   -1    0    0    0    1
                   0   -1    0   -1    0    0    0    0    1
                  -1   -1    0    1    0    0    0    0    1
                   1    0    0   -1   -1    0    0    0    1
                   0   -1    0    1    1    0    0    0    1
                   1    1    0    0   -1    0    0    0    1
     tnons  0.00000000000000D+00  0.00000000000000D+00  0.00000000000000D+00
            0.00000000000000D+00  0.00000000000000D+00  0.50000000000000D+00
            0.10000000827404D-09  0.00000000000000D+00  0.50000000000000D+00
           -0.99999897251735D-10  0.00000000000000D+00  0.00000000000000D+00
            0.00000000000000D+00  0.10000000827404D-09  0.00000000000000D+00
            0.00000000000000D+00 -0.99999897251735D-10  0.50000000000000D+00
            0.00000000000000D+00  0.00000000000000D+00  0.50000000000000D+00
            0.00000000000000D+00  0.00000000000000D+00  0.00000000000000D+00
           -0.99999897251735D-10  0.00000000000000D+00  0.00000000000000D+00
            0.10000000827404D-09  0.00000000000000D+00  0.50000000000000D+00
            0.00000000000000D+00 -0.99999897251735D-10  0.50000000000000D+00
            0.00000000000000D+00  0.10000000827404D-09  0.00000000000000D+00
    tolwfr  0.10000000000000D+01
   tphysel  0.00000000000000D+00
    tsmear  0.10000000000000D-01
     typat         1    1    2    2
       wtk  0.31250000000000D-01  0.31250000000000D-01  0.31250000000000D-01
            0.31250000000000D-01  0.31250000000000D-01  0.31250000000000D-01
            0.31250000000000D-01  0.31250000000000D-01  0.31250000000000D-01
            0.31250000000000D-01  0.31250000000000D-01  0.31250000000000D-01
            0.31250000000000D-01  0.31250000000000D-01  0.31250000000000D-01
            0.31250000000000D-01  0.31250000000000D-01  0.31250000000000D-01
            0.31250000000000D-01  0.31250000000000D-01  0.31250000000000D-01
            0.31250000000000D-01  0.31250000000000D-01  0.31250000000000D-01
            0.31250000000000D-01  0.31250000000000D-01  0.31250000000000D-01
            0.31250000000000D-01  0.31250000000000D-01  0.31250000000000D-01
            0.31250000000000D-01  0.31250000000000D-01
      xred  0.33333333333333D+00  0.66666666666667D+00  0.11102230246252D-15
            0.66666666666667D+00  0.33333333333333D+00  0.50000000000000D+00
            0.33333333333333D+00  0.66666666666667D+00  0.37608588370000D+00
            0.66666666666667D+00  0.33333333333333D+00  0.87608588370000D+00
     znucl  0.13000000000000D+02  0.33000000000000D+02
      zion  0.30000000000000D+01  0.50000000000000D+01
 
  Description of the potentials (KB energies)
  vrsio8 (for pseudopotentials)=100401
  usepaw =  0
  dimekb =  2       lmnmax=  2
  Atom type=    1   pspso=  0   nekb=   2
  iln lpsang iproj  ekb(:)
     1     0     1     2.5406576E+00  0.0000000E+00
     2     1     1     0.0000000E+00  1.3538152E+00
  Atom type=    2   pspso=  0   nekb=   1
  iln lpsang iproj  ekb(:)
     1     0     1     8.3875106E-01
 
 **** Database of total energy derivatives ****
 Number of data blocks=    1

 2nd derivatives (non-stat.)  - # elements :     121
 qpt  0.00000000E+00  0.00000000E+00  0.00000000E+00   1.0
   1   1   3   1  0.00000000000000D+00  0.00000000000000D+00
   1   1   3   2  0.00000000000000D+00  0.00000000000000D+00
   1   1   3   3  0.00000000000000D+00  0.00000000000000D+00
   1   1   3   4  0.00000000000000D+00  0.00000000000000D+00
   1   1   2   6  0.00000000000000D+00  0.00000000000000D+00
   1   1   3   6  0.00000000000000D+00  0.00000000000000D+00
   1   1   1   8  0.38302057265941D+00  0.00000000000000D+00
   2   1   3   1  0.00000000000000D+00  0.00000000000000D+00
   2   1   3   2  0.00000000000000D+00  0.00000000000000D+00
   2   1   3   3  0.00000000000000D+00  0.00000000000000D+00
   2   1   3   4  0.00000000000000D+00  0.00000000000000D+00
   2   1   1   6  0.00000000000000D+00  0.00000000000000D+00
   2   1   3   6  0.00000000000000D+00  0.00000000000000D+00
   2   1   1   8  0.38302057260207D+00  0.00000000000000D+00
   3   1   1   1  0.00000000000000D+00  0.00000000000000D+00
   3   1   2   1  0.00000000000000D+00  0.00000000000000D+00
   3   1   1   2  0.00000000000000D+00  0.00000000000000D+00
   3   1   2   2  0.00000000000000D+00  0.00000000000000D+00
   3   1   1   3  0.00000000000000D+00  0.00000000000000D+00
   3   1   2   3  0.00000000000000D+00  0.00000000000000D+00
   3   1   1   4  0.00000000000000D+00  0.00000000000000D+00
   3   1   2   4  0.00000000000000D+00  0.00000000000000D+00
   3   1   1   8 -0.50089909165907D-09  0.00000000000000D+00
   1   2   3   1  0.00000000000000D+00  0.00000000000000D+00
   1   2   3   2  0.00000000000000D+00  0.00000000000000D+00
   1   2   3   3  0.00000000000000D+00  0.00000000000000D+00
   1   2   3   4  0.00000000000000D+00  0.00000000000000D+00
   1   2   2   6  0.00000000000000D+00  0.00000000000000D+00
   1   2   3   6  0.00000000000000D+00  0.00000000000000D+00
   1   2   1   8  0.38302057277704D+00  0.00000000000000D+00
   2   2   3   1  0.00000000000000D+00  0.00000000000000D+00
   2   2   3   2  0.00000000000000D+00  0.00000000000000D+00
   2   2   3   3  0.00000000000000D+00  0.00000000000000D+00
   2   2   3   4  0.00000000000000D+00  0.00000000000000D+00
   2   2   1   6  0.00000000000000D+00  0.00000000000000D+00
   2   2   3   6  0.00000000000000D+00  0.00000000000000D+00
   2   2   1   8  0.38302057282396D+00  0.00000000000000D+00
   3   2   1   1  0.00000000000000D+00  0.00000000000000D+00
   3   2   2   1  0.00000000000000D+00  0.00000000000000D+00
   3   2   1   2  0.00000000000000D+00  0.00000000000000D+00
   3   2   2   2  0.00000000000000D+00  0.00000000000000D+00
   3   2   1   3  0.00000000000000D+00  0.00000000000000D+00
   3   2   2   3  0.00000000000000D+00  0.00000000000000D+00
   3   2   1   4  0.00000000000000D+00  0.00000000000000D+00
   3   2   2   4  0.00000000000000D+00  0.00000000000000D+00
   3   2   1   8 -0.50590339222048D-09  0.00000000000000D+00
   1   3   3   1  0.00000000000000D+00  0.00000000000000D+00
   1   3   3   2  0.00000000000000D+00  0.00000000000000D+00
   1   3   3   3  0.00000000000000D+00  0.00000000000000D+00
   1   3   3   4  0.00000000000000D+00  0.00000000000000D+00
   1   3   2   6  0.00000000000000D+00  0.00000000000000D+00
   1   3   3   6  0.00000000000000D+00  0.00000000000000D+00
   1   3   1   8 -0.38302132925111D+00  0.00000000000000D+00
   2   3   3   1  0.00000000000000D+00  0.00000000000000D+00
   2   3   3   2  0.00000000000000D+00  0.00000000000000D+00
   2   3   3   3  0.00000000000000D+00  0.00000000000000D+00
   2   3   3   4  0.00000000000000D+00  0.00000000000000D+00
   2   3   1   6  0.00000000000000D+00  0.00000000000000D+00
   2   3   3   6  0.00000000000000D+00  0.00000000000000D+00
   2   3   1   8 -0.38302132926286D+00  0.00000000000000D+00
   3   3   1   1  0.00000000000000D+00  0.00000000000000D+00
   3   3   2   1  0.00000000000000D+00  0.00000000000000D+00
   3   3   1   2  0.00000000000000D+00  0.00000000000000D+00
   3   3   2   2  0.00000000000000D+00  0.00000000000000D+00
   3   3   1   3  0.00000000000000D+00  0.00000000000000D+00
   3   3   2   3  0.00000000000000D+00  0.00000000000000D+00
   3   3   1   4  0.00000000000000D+00  0.00000000000000D+00
   3   3   2   4  0.00000000000000D+00  0.00000000000000D+00
   3   3   1   8 -0.54696165048195D-09  0.00000000000000D+00
   1   4   3   1  0.00000000000000D+00  0.00000000000000D+00
   1   4   3   2  0.00000000000000D+00  0.00000000000000D+00
   1   4   3   3  0.00000000000000D+00  0.00000000000000D+00
   1   4   3   4  0.00000000000000D+00  0.00000000000000D+00
   1   4   2   6  0.00000000000000D+00  0.00000000000000D+00
   1   4   3   6  0.00000000000000D+00  0.00000000000000D+00
   1   4   1   8 -0.38302132925443D+00  0.00000000000000D+00
   2   4   3   1  0.00000000000000D+00  0.00000000000000D+00
   2   4   3   2  0.00000000000000D+00  0.00000000000000D+00
   2   4   3   3  0.00000000000000D+00  0.00000000000000D+00
   2   4   3   4  0.00000000000000D+00  0.00000000000000D+00
   2   4   1   6  0.00000000000000D+00  0.00000000000000D+00
   2   4   3   6  0.00000000000000D+00  0.00000000000000D+00
   2   4   1   8 -0.38302132924334D+00  0.00000000000000D+00
   3   4   1   1  0.00000000000000D+00  0.00000000000000D+00
   3   4   2   1  0.00000000000000D+00  0.00000000000000D+00
   3   4   1   2  0.00000000000000D+00  0.00000000000000D+00
   3   4   2   2  0.00000000000000D+00  0.00000000000000D+00
   3   4   1   3  0.00000000000000D+00  0.00000000000000D+00
   3   4   2   3  0.00000000000000D+00  0.00000000000000D+00
   3   4   1   4  0.00000000000000D+00  0.00000000000000D+00
   3   4   2   4  0.00000000000000D+00  0.00000000000000D+00
   3   4   1   8 -0.54690782635256D-09  0.00000000000000D+00
   1   6   2   1  0.00000000000000D+00  0.00000000000000D+00
   1   6   2   2  0.00000000000000D+00  0.00000000000000D+00
   1   6   2   3  0.00000000000000D+00  0.00000000000000D+00
   1   6   2   4  0.00000000000000D+00  0.00000000000000D+00
   1   6   3   6  0.00000000000000D+00  0.00000000000000D+00
   1   6   1   8  0.38336337904712D+01  0.00000000000000D+00
   2   6   1   1  0.00000000000000D+00  0.00000000000000D+00
   2   6   1   2  0.00000000000000D+00  0.00000000000000D+00
   2   6   1   3  0.00000000000000D+00  0.00000000000000D+00
   2   6   1   4  0.00000000000000D+00  0.00000000000000D+00
   2   6   3   6  0.00000000000000D+00  0.00000000000000D+00
   2   6   1   8  0.38336337904712D+01  0.00000000000000D+00
   3   6   1   1  0.00000000000000D+00  0.00000000000000D+00
   3   6   2   1  0.00000000000000D+00  0.00000000000000D+00
   3   6   1   2  0.00000000000000D+00  0.00000000000000D+00
   3   6   2   2  0.00000000000000D+00  0.00000000000000D+00
   3   6   1   3  0.00000000000000D+00  0.00000000000000D+00
   3   6   2   3  0.00000000000000D+00  0.00000000000000D+00
   3   6   1   4  0.00000000000000D+00  0.00000000000000D+00
   3   6   2   4  0.00000000000000D+00  0.00000000000000D+00
   3   6   1   6  0.00000000000000D+00  0.00000000000000D+00
   3   6   2   6  0.00000000000000D+00  0.00000000000000D+00
   3   6   1   8  0.28497480200271D-09  0.00000000000000D+00
   1   7   1   8  0.82051796268452D-10  0.00000000000000D+00
   2   7   1   8  0.99316416973431D-10  0.00000000000000D+00
   3   7   1   8  0.77741971564085D-10  0.00000000000000D+00
   1   8   1   8  0.83843742523154D+00  0.00000000000000D+00
   2   8   1   8 -0.15990438517693D-09  0.00000000000000D+00
   3   8   1   8  0.11333636851114D-09  0.00000000000000D+00
