# GW complex dielectric tensor (red. coord.) without local field effects 
# Scissor operator energy =  0.8000 [eV]
# Tolerance =  0.0200 0.0200
# npweps  = 59
# npwwfn  = 137
# nbands  = 6
# loband  = 2
# nkibz   = 216
# nkbz    = 216
# Lorentzian broadening =  0.1500 [eV]
# omega [eV] RE(eps_11) IM(eps_11) RE(eps_22)IM(eps_22) RE(eps_33) IM(eps_33) RE(eps_12) IM(eps_12)RE(eps_13) IM(eps_13) RE(eps_23) IM(eps_23))
  0.000  1.541769E+01  0.000000E+00  1.496747E+01  0.000000E+00  1.399707E+01  0.000000E+00  7.279765E+00  0.000000E+00  7.167626E+00  0.000000E+00  6.745472E+00  0.000000E+00
  0.020  1.541799E+01  4.477023E-03  1.496775E+01  4.226129E-03  1.399732E+01  3.739118E-03  7.279899E+00  2.021459E-03  7.167756E+00  1.967128E-03  6.745587E+00  1.728642E-03
  0.040  1.541888E+01  8.955286E-03  1.496859E+01  8.453400E-03  1.399806E+01  7.479196E-03  7.280301E+00  4.043458E-03  7.168148E+00  3.934775E-03  6.745931E+00  3.457708E-03
  0.060  1.542036E+01  1.343603E-02  1.497000E+01  1.268295E-02  1.399930E+01  1.122119E-02  7.280972E+00  6.066538E-03  7.168801E+00  5.903462E-03  6.746505E+00  5.187622E-03
  0.080  1.542244E+01  1.792051E-02  1.497196E+01  1.691594E-02  1.400104E+01  1.496608E-02  7.281911E+00  8.091238E-03  7.169714E+00  7.873709E-03  6.747308E+00  6.918811E-03
  0.100  1.542512E+01  2.240995E-02  1.497448E+01  2.115349E-02  1.400328E+01  1.871481E-02  7.283119E+00  1.011810E-02  7.170890E+00  9.846038E-03  6.748341E+00  8.651699E-03
  0.120  1.542839E+01  2.690562E-02  1.497757E+01  2.539677E-02  1.400601E+01  2.246835E-02  7.284596E+00  1.214767E-02  7.172327E+00  1.182097E-02  6.749605E+00  1.038671E-02
  0.140  1.543226E+01  3.140877E-02  1.498122E+01  2.964693E-02  1.400924E+01  2.622768E-02  7.286342E+00  1.418049E-02  7.174027E+00  1.379903E-02  6.751099E+00  1.212428E-02
  0.160  1.543672E+01  3.592066E-02  1.498544E+01  3.390512E-02  1.401297E+01  2.999377E-02  7.288358E+00  1.621712E-02  7.175989E+00  1.578076E-02  6.752823E+00  1.386484E-02
  0.180  1.544178E+01  4.044255E-02  1.499022E+01  3.817252E-02  1.401720E+01  3.376759E-02  7.290645E+00  1.825809E-02  7.178214E+00  1.776666E-02  6.754779E+00  1.560881E-02
  0.200  1.544745E+01  4.497573E-02  1.499557E+01  4.245029E-02  1.402193E+01  3.755013E-02  7.293203E+00  2.030397E-02  7.180703E+00  1.975729E-02  6.756966E+00  1.735663E-02
  0.220  1.545372E+01  4.952147E-02  1.500148E+01  4.673961E-02  1.402716E+01  4.134239E-02  7.296032E+00  2.235531E-02  7.183456E+00  2.175317E-02  6.759386E+00  1.910875E-02
  0.240  1.546059E+01  5.408106E-02  1.500797E+01  5.104166E-02  1.403290E+01  4.514536E-02  7.299134E+00  2.441268E-02  7.186475E+00  2.375485E-02  6.762038E+00  2.086558E-02
  0.260  1.546806E+01  5.865581E-02  1.501502E+01  5.535766E-02  1.403914E+01  4.896003E-02  7.302510E+00  2.647663E-02  7.189760E+00  2.576288E-02  6.764924E+00  2.262759E-02
  0.280  1.547615E+01  6.324703E-02  1.502265E+01  5.968879E-02  1.404589E+01  5.278744E-02  7.306159E+00  2.854775E-02  7.193311E+00  2.777778E-02  6.768045E+00  2.439522E-02
  0.300  1.548484E+01  6.785605E-02  1.503086E+01  6.403629E-02  1.405315E+01  5.662858E-02  7.310084E+00  3.062660E-02  7.197130E+00  2.980014E-02  6.771400E+00  2.616891E-02
  0.320  1.549415E+01  7.248421E-02  1.503964E+01  6.840137E-02  1.406092E+01  6.048451E-02  7.314285E+00  3.271377E-02  7.201218E+00  3.183049E-02  6.774991E+00  2.794913E-02
  0.340  1.550407E+01  7.713286E-02  1.504901E+01  7.278529E-02  1.406920E+01  6.435626E-02  7.318763E+00  3.480984E-02  7.205576E+00  3.386941E-02  6.778818E+00  2.973632E-02
  0.360  1.551461E+01  8.180337E-02  1.505895E+01  7.718930E-02  1.407800E+01  6.824487E-02  7.323520E+00  3.691541E-02  7.210204E+00  3.591747E-02  6.782883E+00  3.153095E-02
  0.380  1.552577E+01  8.649714E-02  1.506948E+01  8.161467E-02  1.408731E+01  7.215142E-02  7.328557E+00  3.903108E-02  7.215105E+00  3.797524E-02  6.787187E+00  3.333349E-02
  0.400  1.553755E+01  9.121555E-02  1.508060E+01  8.606269E-02  1.409715E+01  7.607699E-02  7.333875E+00  4.115746E-02  7.220280E+00  4.004331E-02  6.791731E+00  3.514441E-02
  0.420  1.554996E+01  9.596005E-02  1.509231E+01  9.053467E-02  1.410750E+01  8.002266E-02  7.339476E+00  4.329516E-02  7.225729E+00  4.212228E-02  6.796515E+00  3.696420E-02
  0.440  1.556300E+01  1.007321E-01  1.510462E+01  9.503192E-02  1.411838E+01  8.398954E-02  7.345361E+00  4.544482E-02  7.231455E+00  4.421274E-02  6.801541E+00  3.879333E-02
  0.460  1.557668E+01  1.055331E-01  1.511752E+01  9.955580E-02  1.412979E+01  8.797875E-02  7.351532E+00  4.760705E-02  7.237459E+00  4.631530E-02  6.806811E+00  4.063230E-02
  0.480  1.559099E+01  1.103645E-01  1.513103E+01  1.041077E-01  1.414172E+01  9.199142E-02  7.357991E+00  4.978252E-02  7.243743E+00  4.843058E-02  6.812325E+00  4.248160E-02
  0.500  1.560595E+01  1.152280E-01  1.514514E+01  1.086889E-01  1.415420E+01  9.602872E-02  7.364739E+00  5.197186E-02  7.250308E+00  5.055921E-02  6.818085E+00  4.434174E-02
  0.520  1.562155E+01  1.201250E-01  1.515986E+01  1.133009E-01  1.416720E+01  1.000918E-01  7.371778E+00  5.417576E-02  7.257156E+00  5.270183E-02  6.824093E+00  4.621324E-02
  0.540  1.563781E+01  1.250571E-01  1.517519E+01  1.179451E-01  1.418075E+01  1.041819E-01  7.379110E+00  5.639487E-02  7.264289E+00  5.485908E-02  6.830350E+00  4.809661E-02
  0.560  1.565472E+01  1.300258E-01  1.519114E+01  1.226230E-01  1.419485E+01  1.083001E-01  7.386737E+00  5.862989E-02  7.271709E+00  5.703162E-02  6.836857E+00  4.999238E-02
  0.580  1.567229E+01  1.350329E-01  1.520772E+01  1.273360E-01  1.420949E+01  1.124478E-01  7.394662E+00  6.088152E-02  7.279418E+00  5.922013E-02  6.843617E+00  5.190109E-02
  0.600  1.569053E+01  1.400799E-01  1.522492E+01  1.320856E-01  1.422468E+01  1.166262E-01  7.402886E+00  6.315046E-02  7.287418E+00  6.142529E-02  6.850631E+00  5.382328E-02
  0.620  1.570944E+01  1.451686E-01  1.524275E+01  1.368735E-01  1.424043E+01  1.208365E-01  7.411412E+00  6.543746E-02  7.295712E+00  6.364780E-02  6.857900E+00  5.575952E-02
  0.640  1.572903E+01  1.503006E-01  1.526122E+01  1.417011E-01  1.425674E+01  1.250801E-01  7.420243E+00  6.774324E-02  7.304301E+00  6.588835E-02  6.865427E+00  5.771036E-02
  0.660  1.574929E+01  1.554778E-01  1.528033E+01  1.465701E-01  1.427361E+01  1.293582E-01  7.429380E+00  7.006856E-02  7.313189E+00  6.814769E-02  6.873214E+00  5.967639E-02
  0.680  1.577025E+01  1.607018E-01  1.530009E+01  1.514820E-01  1.429105E+01  1.336723E-01  7.438827E+00  7.241420E-02  7.322377E+00  7.042655E-02  6.881263E+00  6.165819E-02
  0.700  1.579191E+01  1.659746E-01  1.532051E+01  1.564387E-01  1.430907E+01  1.380237E-01  7.448586E+00  7.478094E-02  7.331868E+00  7.272569E-02  6.889575E+00  6.365636E-02
  0.720  1.581426E+01  1.712980E-01  1.534158E+01  1.614417E-01  1.432767E+01  1.424139E-01  7.458659E+00  7.716958E-02  7.341666E+00  7.504586E-02  6.898153E+00  6.567152E-02
  0.740  1.583732E+01  1.766739E-01  1.536332E+01  1.664928E-01  1.434685E+01  1.468442E-01  7.469051E+00  7.958095E-02  7.351772E+00  7.738788E-02  6.907000E+00  6.770427E-02
  0.760  1.586110E+01  1.821044E-01  1.538573E+01  1.715938E-01  1.436662E+01  1.513161E-01  7.479764E+00  8.201590E-02  7.362190E+00  7.975253E-02  6.916117E+00  6.975527E-02
  0.780  1.588560E+01  1.875913E-01  1.540882E+01  1.767466E-01  1.438699E+01  1.558312E-01  7.490801E+00  8.447528E-02  7.372923E+00  8.214065E-02  6.925507E+00  7.182517E-02
  0.800  1.591084E+01  1.931368E-01  1.543259E+01  1.819530E-01  1.440795E+01  1.603909E-01  7.502165E+00  8.695997E-02  7.383973E+00  8.455308E-02  6.935173E+00  7.391462E-02
  0.820  1.593681E+01  1.987430E-01  1.545706E+01  1.872149E-01  1.442953E+01  1.649969E-01  7.513860E+00  8.947088E-02  7.395345E+00  8.699068E-02  6.945117E+00  7.602431E-02
  0.840  1.596352E+01  2.044121E-01  1.548223E+01  1.925342E-01  1.445171E+01  1.696508E-01  7.525889E+00  9.200894E-02  7.407041E+00  8.945435E-02  6.955342E+00  7.815492E-02
  0.860  1.599099E+01  2.101462E-01  1.550811E+01  1.979131E-01  1.447452E+01  1.743542E-01  7.538256E+00  9.457509E-02  7.419065E+00  9.194499E-02  6.965851E+00  8.030718E-02
  0.880  1.601923E+01  2.159476E-01  1.553470E+01  2.033536E-01  1.449795E+01  1.791089E-01  7.550964E+00  9.717031E-02  7.431421E+00  9.446352E-02  6.976646E+00  8.248181E-02
  0.900  1.604823E+01  2.218187E-01  1.556202E+01  2.088577E-01  1.452202E+01  1.839164E-01  7.564018E+00  9.979561E-02  7.444112E+00  9.701092E-02  6.987731E+00  8.467956E-02
  0.920  1.607802E+01  2.277619E-01  1.559007E+01  2.144277E-01  1.454673E+01  1.887787E-01  7.577422E+00  1.024520E-01  7.457142E+00  9.958816E-02  6.999109E+00  8.690119E-02
  0.940  1.610860E+01  2.337797E-01  1.561886E+01  2.200659E-01  1.457208E+01  1.936976E-01  7.591179E+00  1.051405E-01  7.470515E+00  1.021962E-01  7.010782E+00  8.914748E-02
  0.960  1.613998E+01  2.398746E-01  1.564841E+01  2.257745E-01  1.459809E+01  1.986750E-01  7.605294E+00  1.078623E-01  7.484236E+00  1.048362E-01  7.022755E+00  9.141923E-02
  0.980  1.617217E+01  2.460493E-01  1.567871E+01  2.315558E-01  1.462476E+01  2.037127E-01  7.619771E+00  1.106184E-01  7.498308E+00  1.075091E-01  7.035030E+00  9.371727E-02
  1.000  1.620518E+01  2.523064E-01  1.570978E+01  2.374124E-01  1.465210E+01  2.088127E-01  7.634616E+00  1.134101E-01  7.512736E+00  1.102161E-01  7.047611E+00  9.604245E-02
  1.020  1.623903E+01  2.586486E-01  1.574163E+01  2.433467E-01  1.468012E+01  2.139772E-01  7.649831E+00  1.162384E-01  7.527524E+00  1.129582E-01  7.060502E+00  9.839563E-02
  1.040  1.627371E+01  2.650790E-01  1.577427E+01  2.493613E-01  1.470883E+01  2.192081E-01  7.665424E+00  1.191046E-01  7.542677E+00  1.157367E-01  7.073706E+00  1.007777E-01
  1.060  1.630926E+01  2.716004E-01  1.580771E+01  2.554589E-01  1.473824E+01  2.245077E-01  7.681398E+00  1.220099E-01  7.558200E+00  1.185527E-01  7.087228E+00  1.031896E-01
  1.080  1.634567E+01  2.782158E-01  1.584197E+01  2.616423E-01  1.476835E+01  2.298781E-01  7.697759E+00  1.249557E-01  7.574099E+00  1.214074E-01  7.101071E+00  1.056322E-01
  1.100  1.638297E+01  2.849285E-01  1.587704E+01  2.679141E-01  1.479917E+01  2.353217E-01  7.714512E+00  1.279432E-01  7.590377E+00  1.243021E-01  7.115239E+00  1.081066E-01
  1.120  1.642115E+01  2.917416E-01  1.591296E+01  2.742775E-01  1.483072E+01  2.408408E-01  7.731662E+00  1.309739E-01  7.607040E+00  1.272382E-01  7.129737E+00  1.106136E-01
  1.140  1.646025E+01  2.986584E-01  1.594972E+01  2.807353E-01  1.486301E+01  2.464378E-01  7.749216E+00  1.340491E-01  7.624095E+00  1.302170E-01  7.144568E+00  1.131545E-01
  1.160  1.650026E+01  3.056826E-01  1.598733E+01  2.872906E-01  1.489604E+01  2.521153E-01  7.767180E+00  1.371704E-01  7.641545E+00  1.332398E-01  7.159738E+00  1.157301E-01
  1.180  1.654121E+01  3.128175E-01  1.602582E+01  2.939468E-01  1.492983E+01  2.578758E-01  7.785559E+00  1.403391E-01  7.659399E+00  1.363082E-01  7.175251E+00  1.183415E-01
  1.200  1.658311E+01  3.200669E-01  1.606520E+01  3.007070E-01  1.496438E+01  2.637219E-01  7.804359E+00  1.435570E-01  7.677661E+00  1.394235E-01  7.191112E+00  1.209900E-01
  1.220  1.662597E+01  3.274347E-01  1.610548E+01  3.075748E-01  1.499971E+01  2.696565E-01  7.823588E+00  1.468255E-01  7.696337E+00  1.425873E-01  7.207325E+00  1.236766E-01
  1.240  1.666982E+01  3.349247E-01  1.614667E+01  3.145537E-01  1.503584E+01  2.756823E-01  7.843252E+00  1.501464E-01  7.715434E+00  1.458012E-01  7.223896E+00  1.264026E-01
  1.260  1.671466E+01  3.425411E-01  1.618879E+01  3.216473E-01  1.507276E+01  2.818024E-01  7.863358E+00  1.535213E-01  7.734960E+00  1.490669E-01  7.240831E+00  1.291692E-01
  1.280  1.676051E+01  3.502882E-01  1.623185E+01  3.288594E-01  1.511050E+01  2.880196E-01  7.883913E+00  1.569521E-01  7.754920E+00  1.523860E-01  7.258134E+00  1.319775E-01
  1.300  1.680740E+01  3.581702E-01  1.627587E+01  3.361939E-01  1.514907E+01  2.943372E-01  7.904925E+00  1.604406E-01  7.775321E+00  1.557603E-01  7.275810E+00  1.348290E-01
  1.320  1.685533E+01  3.661917E-01  1.632087E+01  3.436550E-01  1.518847E+01  3.007584E-01  7.926401E+00  1.639887E-01  7.796172E+00  1.591916E-01  7.293867E+00  1.377250E-01
  1.340  1.690433E+01  3.743576E-01  1.636686E+01  3.512468E-01  1.522874E+01  3.072866E-01  7.948349E+00  1.675984E-01  7.817479E+00  1.626818E-01  7.312309E+00  1.406669E-01
  1.360  1.695442E+01  3.826726E-01  1.641387E+01  3.589737E-01  1.526987E+01  3.139251E-01  7.970777E+00  1.712717E-01  7.839251E+00  1.662327E-01  7.331142E+00  1.436561E-01
  1.380  1.700561E+01  3.911418E-01  1.646190E+01  3.668403E-01  1.531188E+01  3.206777E-01  7.993694E+00  1.750108E-01  7.861495E+00  1.698466E-01  7.350374E+00  1.466941E-01
  1.400  1.705793E+01  3.997706E-01  1.651097E+01  3.748511E-01  1.535479E+01  3.275480E-01  8.017108E+00  1.788179E-01  7.884220E+00  1.735253E-01  7.370010E+00  1.497825E-01
  1.420  1.711139E+01  4.085643E-01  1.656111E+01  3.830112E-01  1.539862E+01  3.345399E-01  8.041029E+00  1.826953E-01  7.907435E+00  1.772712E-01  7.390058E+00  1.529228E-01
  1.440  1.716603E+01  4.175288E-01  1.661234E+01  3.913256E-01  1.544338E+01  3.416574E-01  8.065465E+00  1.866452E-01  7.931147E+00  1.810864E-01  7.410523E+00  1.561167E-01
  1.460  1.722185E+01  4.266699E-01  1.666467E+01  3.997995E-01  1.548908E+01  3.489047E-01  8.090427E+00  1.906703E-01  7.955367E+00  1.849734E-01  7.431414E+00  1.593658E-01
  1.480  1.727889E+01  4.359937E-01  1.671813E+01  4.084384E-01  1.553575E+01  3.562859E-01  8.115923E+00  1.947731E-01  7.980104E+00  1.889344E-01  7.452737E+00  1.626721E-01
  1.500  1.733717E+01  4.455068E-01  1.677274E+01  4.172481E-01  1.558340E+01  3.638057E-01  8.141966E+00  1.989562E-01  8.005368E+00  1.929722E-01  7.474500E+00  1.660372E-01
  1.520  1.739672E+01  4.552157E-01  1.682852E+01  4.262343E-01  1.563206E+01  3.714687E-01  8.168564E+00  2.032224E-01  8.031168E+00  1.970892E-01  7.496711E+00  1.694631E-01
  1.540  1.745755E+01  4.651274E-01  1.688549E+01  4.354033E-01  1.568173E+01  3.792796E-01  8.195730E+00  2.075747E-01  8.057516E+00  2.012882E-01  7.519377E+00  1.729517E-01
  1.560  1.751971E+01  4.752492E-01  1.694368E+01  4.447615E-01  1.573243E+01  3.872435E-01  8.223474E+00  2.120159E-01  8.084422E+00  2.055721E-01  7.542509E+00  1.765051E-01
  1.580  1.758320E+01  4.855887E-01  1.700312E+01  4.543156E-01  1.578420E+01  3.953656E-01  8.251808E+00  2.165493E-01  8.111898E+00  2.099437E-01  7.566112E+00  1.801254E-01
  1.600  1.764807E+01  4.961536E-01  1.706382E+01  4.640725E-01  1.583705E+01  4.036513E-01  8.280745E+00  2.211781E-01  8.139955E+00  2.144063E-01  7.590198E+00  1.838148E-01
  1.620  1.771435E+01  5.069522E-01  1.712582E+01  4.740395E-01  1.589100E+01  4.121063E-01  8.310297E+00  2.259057E-01  8.168604E+00  2.189630E-01  7.614774E+00  1.875756E-01
  1.640  1.778205E+01  5.179931E-01  1.718915E+01  4.842241E-01  1.594607E+01  4.207365E-01  8.340476E+00  2.307357E-01  8.197859E+00  2.236172E-01  7.639851E+00  1.914101E-01
  1.660  1.785122E+01  5.292853E-01  1.725382E+01  4.946343E-01  1.600229E+01  4.295479E-01  8.371297E+00  2.356718E-01  8.227732E+00  2.283723E-01  7.665437E+00  1.953208E-01
  1.680  1.792189E+01  5.408382E-01  1.731988E+01  5.052782E-01  1.605968E+01  4.385470E-01  8.402774E+00  2.407177E-01  8.258237E+00  2.332320E-01  7.691544E+00  1.993103E-01
  1.700  1.799410E+01  5.526614E-01  1.738736E+01  5.161646E-01  1.611827E+01  4.477403E-01  8.434920E+00  2.458777E-01  8.289387E+00  2.382001E-01  7.718181E+00  2.033812E-01
  1.720  1.806787E+01  5.647654E-01  1.745627E+01  5.273024E-01  1.617808E+01  4.571349E-01  8.467752E+00  2.511558E-01  8.321196E+00  2.432806E-01  7.745360E+00  2.075363E-01
  1.740  1.814325E+01  5.771608E-01  1.752667E+01  5.387010E-01  1.623913E+01  4.667380E-01  8.501284E+00  2.565565E-01  8.353680E+00  2.484776E-01  7.773090E+00  2.117784E-01
  1.760  1.822027E+01  5.898588E-01  1.759858E+01  5.503704E-01  1.630146E+01  4.765571E-01  8.535532E+00  2.620845E-01  8.386854E+00  2.537955E-01  7.801385E+00  2.161107E-01
  1.780  1.829897E+01  6.028713E-01  1.767203E+01  5.623207E-01  1.636510E+01  4.866001E-01  8.570514E+00  2.677445E-01  8.420733E+00  2.592388E-01  7.830255E+00  2.205361E-01
  1.800  1.837940E+01  6.162107E-01  1.774707E+01  5.745628E-01  1.643007E+01  4.968754E-01  8.606247E+00  2.735416E-01  8.455335E+00  2.648123E-01  7.859714E+00  2.250580E-01
  1.820  1.846160E+01  6.298897E-01  1.782374E+01  5.871080E-01  1.649640E+01  5.073915E-01  8.642748E+00  2.794811E-01  8.490676E+00  2.705210E-01  7.889773E+00  2.296798E-01
  1.840  1.854561E+01  6.439221E-01  1.790206E+01  5.999683E-01  1.656412E+01  5.181575E-01  8.680036E+00  2.855686E-01  8.526773E+00  2.763700E-01  7.920446E+00  2.344050E-01
  1.860  1.863148E+01  6.583222E-01  1.798209E+01  6.131560E-01  1.663328E+01  5.291828E-01  8.718131E+00  2.918099E-01  8.563646E+00  2.823650E-01  7.951747E+00  2.392373E-01
  1.880  1.871925E+01  6.731049E-01  1.806387E+01  6.266842E-01  1.670390E+01  5.404774E-01  8.757053E+00  2.982111E-01  8.601314E+00  2.885115E-01  7.983690E+00  2.441806E-01
  1.900  1.880898E+01  6.882861E-01  1.814744E+01  6.405667E-01  1.677601E+01  5.520517E-01  8.796823E+00  3.047788E-01  8.639795E+00  2.948156E-01  8.016288E+00  2.492389E-01
  1.920  1.890072E+01  7.038823E-01  1.823285E+01  6.548179E-01  1.684966E+01  5.639165E-01  8.837463E+00  3.115195E-01  8.679112E+00  3.012838E-01  8.049559E+00  2.544165E-01
  1.940  1.899452E+01  7.199111E-01  1.832014E+01  6.694530E-01  1.692488E+01  5.760833E-01  8.878995E+00  3.184406E-01  8.719285E+00  3.079225E-01  8.083516E+00  2.597178E-01
  1.960  1.909044E+01  7.363909E-01  1.840937E+01  6.844880E-01  1.700171E+01  5.885640E-01  8.921442E+00  3.255493E-01  8.760337E+00  3.147390E-01  8.118177E+00  2.651473E-01
  1.980  1.918854E+01  7.533412E-01  1.850059E+01  6.999396E-01  1.708020E+01  6.013714E-01  8.964830E+00  3.328537E-01  8.802291E+00  3.217404E-01  8.153558E+00  2.707099E-01
  2.000  1.928888E+01  7.707824E-01  1.859385E+01  7.158257E-01  1.716038E+01  6.145187E-01  9.009184E+00  3.403620E-01  8.845171E+00  3.289346E-01  8.189676E+00  2.764108E-01
  2.020  1.939152E+01  7.887362E-01  1.868921E+01  7.321649E-01  1.724230E+01  6.280197E-01  9.054530E+00  3.480831E-01  8.889002E+00  3.363297E-01  8.226551E+00  2.822552E-01
  2.040  1.949653E+01  8.072255E-01  1.878673E+01  7.489769E-01  1.732601E+01  6.418893E-01  9.100896E+00  3.560260E-01  8.933811E+00  3.439344E-01  8.264200E+00  2.882486E-01
  2.060  1.960398E+01  8.262745E-01  1.888647E+01  7.662827E-01  1.741155E+01  6.561428E-01  9.148311E+00  3.642007E-01  8.979624E+00  3.517578E-01  8.302644E+00  2.943970E-01
  2.080  1.971394E+01  8.459088E-01  1.898849E+01  7.841041E-01  1.749898E+01  6.707965E-01  9.196805E+00  3.726174E-01  9.026471E+00  3.598096E-01  8.341902E+00  3.007064E-01
  2.100  1.982648E+01  8.661555E-01  1.909286E+01  8.024646E-01  1.758835E+01  6.858678E-01  9.246409E+00  3.812871E-01  9.074380E+00  3.680997E-01  8.381996E+00  3.071833E-01
  2.120  1.994170E+01  8.870434E-01  1.919966E+01  8.213887E-01  1.767970E+01  7.013746E-01  9.297157E+00  3.902212E-01  9.123383E+00  3.766391E-01  8.422947E+00  3.138346E-01
  2.140  2.005966E+01  9.086029E-01  1.930894E+01  8.409026E-01  1.777310E+01  7.173363E-01  9.349082E+00  3.994322E-01  9.173513E+00  3.854391E-01  8.464779E+00  3.206672E-01
  2.160  2.018046E+01  9.308665E-01  1.942080E+01  8.610340E-01  1.786861E+01  7.337730E-01  9.402220E+00  4.089328E-01  9.224802E+00  3.945118E-01  8.507514E+00  3.276887E-01
  2.180  2.030419E+01  9.538685E-01  1.953531E+01  8.818122E-01  1.796629E+01  7.507062E-01  9.456609E+00  4.187370E-01  9.277286E+00  4.038699E-01  8.551179E+00  3.349070E-01
  2.200  2.043094E+01  9.776455E-01  1.965255E+01  9.032685E-01  1.806620E+01  7.681586E-01  9.512288E+00  4.288594E-01  9.331002E+00  4.135270E-01  8.595797E+00  3.423305E-01
  2.220  2.056081E+01  1.002237E+00  1.977262E+01  9.254359E-01  1.816841E+01  7.861543E-01  9.569298E+00  4.393155E-01  9.385988E+00  4.234975E-01  8.641397E+00  3.499678E-01
  2.240  2.069391E+01  1.027683E+00  1.989559E+01  9.483499E-01  1.827299E+01  8.047189E-01  9.627682E+00  4.501219E-01  9.442286E+00  4.337967E-01  8.688006E+00  3.578283E-01
  2.260  2.083034E+01  1.054029E+00  2.002158E+01  9.720478E-01  1.838002E+01  8.238793E-01  9.687484E+00  4.612963E-01  9.499936E+00  4.444410E-01  8.735653E+00  3.659217E-01
  2.280  2.097023E+01  1.081323E+00  2.015067E+01  9.965699E-01  1.848956E+01  8.436645E-01  9.748752E+00  4.728574E-01  9.558984E+00  4.554478E-01  8.784368E+00  3.742583E-01
  2.300  2.111368E+01  1.109614E+00  2.028297E+01  1.021959E+00  1.860171E+01  8.641050E-01  9.811535E+00  4.848253E-01  9.619476E+00  4.668354E-01  8.834183E+00  3.828491E-01
  2.320  2.126083E+01  1.138956E+00  2.041860E+01  1.048260E+00  1.871654E+01  8.852334E-01  9.875886E+00  4.972216E-01  9.681461E+00  4.786238E-01  8.885131E+00  3.917057E-01
  2.340  2.141182E+01  1.169408E+00  2.055768E+01  1.075523E+00  1.883414E+01  9.070846E-01  9.941858E+00  5.100691E-01  9.744989E+00  4.908340E-01  8.937246E+00  4.008402E-01
  2.360  2.156678E+01  1.201032E+00  2.070031E+01  1.103799E+00  1.895461E+01  9.296955E-01  1.000951E+01  5.233926E-01  9.810115E+00  5.034887E-01  8.990564E+00  4.102657E-01
  2.380  2.172586E+01  1.233894E+00  2.084664E+01  1.133145E+00  1.907804E+01  9.531057E-01  1.007890E+01  5.372183E-01  9.876895E+00  5.166120E-01  9.045123E+00  4.199959E-01
  2.400  2.188921E+01  1.268066E+00  2.099680E+01  1.163620E+00  1.920454E+01  9.773576E-01  1.015010E+01  5.515745E-01  9.945389E+00  5.302299E-01  9.100962E+00  4.300454E-01
  2.420  2.205701E+01  1.303626E+00  2.115092E+01  1.195290E+00  1.933421E+01  1.002497E+00  1.022316E+01  5.664918E-01  1.001566E+01  5.443702E-01  9.158122E+00  4.404299E-01
  2.440  2.222942E+01  1.340655E+00  2.130917E+01  1.228223E+00  1.946717E+01  1.028571E+00  1.029817E+01  5.820029E-01  1.008777E+01  5.590629E-01  9.216647E+00  4.511657E-01
  2.460  2.240664E+01  1.379245E+00  2.147170E+01  1.262494E+00  1.960353E+01  1.055633E+00  1.037519E+01  5.981432E-01  1.016179E+01  5.743403E-01  9.276582E+00  4.622705E-01
  2.480  2.258885E+01  1.419492E+00  2.163867E+01  1.298185E+00  1.974341E+01  1.083738E+00  1.045430E+01  6.149508E-01  1.023780E+01  5.902370E-01  9.337973E+00  4.737631E-01
  2.500  2.277626E+01  1.461501E+00  2.181027E+01  1.335382E+00  1.988696E+01  1.112947E+00  1.053559E+01  6.324668E-01  1.031587E+01  6.067906E-01  9.400870E+00  4.856634E-01
  2.520  2.296908E+01  1.505387E+00  2.198668E+01  1.374179E+00  2.003430E+01  1.143325E+00  1.061915E+01  6.507362E-01  1.039609E+01  6.240416E-01  9.465327E+00  4.979929E-01
  2.540  2.316756E+01  1.551271E+00  2.216810E+01  1.414679E+00  2.018559E+01  1.174941E+00  1.070506E+01  6.698071E-01  1.047853E+01  6.420339E-01  9.531397E+00  5.107743E-01
  2.560  2.337193E+01  1.599290E+00  2.235474E+01  1.456992E+00  2.034098E+01  1.207871E+00  1.079343E+01  6.897324E-01  1.056330E+01  6.608150E-01  9.599137E+00  5.240321E-01
  2.580  2.358246E+01  1.649588E+00  2.254683E+01  1.501239E+00  2.050064E+01  1.242197E+00  1.088436E+01  7.105693E-01  1.065049E+01  6.804366E-01  9.668610E+00  5.377925E-01
  2.600  2.379942E+01  1.702327E+00  2.274459E+01  1.547551E+00  2.066472E+01  1.278006E+00  1.097797E+01  7.323802E-01  1.074020E+01  7.009549E-01  9.739877E+00  5.520836E-01
  2.620  2.402311E+01  1.757681E+00  2.294829E+01  1.596071E+00  2.083343E+01  1.315396E+00  1.107436E+01  7.552335E-01  1.083255E+01  7.224311E-01  9.813007E+00  5.669355E-01
  2.640  2.425384E+01  1.815840E+00  2.315818E+01  1.646956E+00  2.100695E+01  1.354471E+00  1.117367E+01  7.792038E-01  1.092764E+01  7.449322E-01  9.888069E+00  5.823807E-01
  2.660  2.449194E+01  1.877015E+00  2.337456E+01  1.700375E+00  2.118549E+01  1.395345E+00  1.127604E+01  8.043732E-01  1.102561E+01  7.685312E-01  9.965140E+00  5.984541E-01
  2.680  2.473778E+01  1.941437E+00  2.359772E+01  1.756518E+00  2.136927E+01  1.438141E+00  1.138159E+01  8.308319E-01  1.112658E+01  7.933084E-01  1.004430E+01  6.151933E-01
  2.700  2.499173E+01  2.009361E+00  2.382800E+01  1.815590E+00  2.155852E+01  1.482996E+00  1.149048E+01  8.586791E-01  1.123069E+01  8.193519E-01  1.012562E+01  6.326390E-01
  2.720  2.525421E+01  2.081067E+00  2.406573E+01  1.877819E+00  2.175349E+01  1.530058E+00  1.160289E+01  8.880246E-01  1.133810E+01  8.467586E-01  1.020921E+01  6.508352E-01
  2.740  2.552565E+01  2.156867E+00  2.431128E+01  1.943456E+00  2.195444E+01  1.579491E+00  1.171897E+01  9.189900E-01  1.144896E+01  8.756355E-01  1.029514E+01  6.698294E-01
  2.760  2.580652E+01  2.237106E+00  2.456505E+01  2.012779E+00  2.216165E+01  1.631474E+00  1.183891E+01  9.517104E-01  1.156345E+01  9.061011E-01  1.038353E+01  6.896733E-01
  2.780  2.609732E+01  2.322170E+00  2.482745E+01  2.086097E+00  2.237542E+01  1.686207E+00  1.196292E+01  9.863361E-01  1.168175E+01  9.382864E-01  1.047446E+01  7.104229E-01
  2.800  2.639859E+01  2.412488E+00  2.509895E+01  2.163753E+00  2.259608E+01  1.743908E+00  1.209120E+01  1.023035E+00  1.180405E+01  9.723375E-01  1.056807E+01  7.321391E-01
  2.820  2.671090E+01  2.508540E+00  2.538003E+01  2.246131E+00  2.282395E+01  1.804820E+00  1.222398E+01  1.061995E+00  1.193056E+01  1.008417E+00  1.066445E+01  7.548885E-01
  2.840  2.703489E+01  2.610865E+00  2.567120E+01  2.333660E+00  2.305942E+01  1.869214E+00  1.236151E+01  1.103429E+00  1.206151E+01  1.046706E+00  1.076375E+01  7.787436E-01
  2.860  2.737121E+01  2.720071E+00  2.597302E+01  2.426821E+00  2.330287E+01  1.937391E+00  1.250404E+01  1.147574E+00  1.219714E+01  1.087410E+00  1.086609E+01  8.037838E-01
  2.880  2.772058E+01  2.836844E+00  2.628609E+01  2.526158E+00  2.355472E+01  2.009688E+00  1.265185E+01  1.194702E+00  1.233771E+01  1.130756E+00  1.097161E+01  8.300961E-01
  2.900  2.808379E+01  2.961961E+00  2.661105E+01  2.632283E+00  2.381541E+01  2.086482E+00  1.280525E+01  1.245118E+00  1.248349E+01  1.177005E+00  1.108046E+01  8.577761E-01
  2.920  2.846164E+01  3.096307E+00  2.694860E+01  2.745892E+00  2.408544E+01  2.168199E+00  1.296454E+01  1.299173E+00  1.263479E+01  1.226449E+00  1.119282E+01  8.869288E-01
  2.940  2.885504E+01  3.240891E+00  2.729946E+01  2.867777E+00  2.436532E+01  2.255318E+00  1.313007E+01  1.357269E+00  1.279192E+01  1.279421E+00  1.130885E+01  9.176703E-01
  2.960  2.926493E+01  3.396870E+00  2.766444E+01  2.998841E+00  2.465560E+01  2.348382E+00  1.330220E+01  1.419865E+00  1.295524E+01  1.336300E+00  1.142873E+01  9.501286E-01
  2.980  2.969234E+01  3.565574E+00  2.804436E+01  3.140121E+00  2.495688E+01  2.448010E+00  1.348131E+01  1.487495E+00  1.312510E+01  1.397522E+00  1.155266E+01  9.844458E-01
  3.000  3.013833E+01  3.748539E+00  2.844012E+01  3.292811E+00  2.526979E+01  2.554907E+00  1.366778E+01  1.560776E+00  1.330191E+01  1.463586E+00  1.168086E+01  1.020780E+00
  3.020  3.060404E+01  3.947546E+00  2.885267E+01  3.458290E+00  2.559501E+01  2.669880E+00  1.386203E+01  1.640426E+00  1.348607E+01  1.535069E+00  1.181356E+01  1.059306E+00
  3.040  3.109066E+01  4.164665E+00  2.928298E+01  3.638156E+00  2.593326E+01  2.793861E+00  1.406447E+01  1.727281E+00  1.367803E+01  1.612640E+00  1.195100E+01  1.100220E+00
  3.060  3.159941E+01  4.402315E+00  2.973207E+01  3.834270E+00  2.628531E+01  2.927921E+00  1.427547E+01  1.822324E+00  1.387826E+01  1.697076E+00  1.209343E+01  1.143742E+00
  3.080  3.213150E+01  4.663324E+00  3.020096E+01  4.048801E+00  2.665196E+01  3.073309E+00  1.449542E+01  1.926703E+00  1.408724E+01  1.789285E+00  1.224116E+01  1.190118E+00
  3.100  3.268812E+01  4.951013E+00  3.069064E+01  4.284284E+00  2.703403E+01  3.231473E+00  1.472460E+01  2.041764E+00  1.430544E+01  1.890333E+00  1.239448E+01  1.239626E+00
  3.120  3.327031E+01  5.269275E+00  3.120200E+01  4.543681E+00  2.743240E+01  3.404109E+00  1.496318E+01  2.169075E+00  1.453336E+01  2.001473E+00  1.255372E+01  1.292579E+00
  3.140  3.387892E+01  5.622673E+00  3.173580E+01  4.830440E+00  2.784789E+01  3.593207E+00  1.521115E+01  2.310450E+00  1.477144E+01  2.124182E+00  1.271924E+01  1.349331E+00
  3.160  3.451441E+01  6.016524E+00  3.229247E+01  5.148553E+00  2.828132E+01  3.801104E+00  1.546819E+01  2.467951E+00  1.502006E+01  2.260206E+00  1.289142E+01  1.410287E+00
  3.180  3.517663E+01  6.456962E+00  3.287204E+01  5.502581E+00  2.873341E+01  4.030550E+00  1.573355E+01  2.643849E+00  1.527948E+01  2.411602E+00  1.307069E+01  1.475906E+00
  3.200  3.586456E+01  6.950939E+00  3.347385E+01  5.897618E+00  2.920470E+01  4.284782E+00  1.600590E+01  2.840520E+00  1.554978E+01  2.580793E+00  1.325750E+01  1.546715E+00
  3.220  3.657594E+01  7.506102E+00  3.409637E+01  6.339160E+00  2.969544E+01  4.567593E+00  1.628311E+01  3.060214E+00  1.583069E+01  2.770604E+00  1.345235E+01  1.623320E+00
  3.240  3.730696E+01  8.130499E+00  3.473703E+01  6.832802E+00  3.020542E+01  4.883388E+00  1.656223E+01  3.304648E+00  1.612151E+01  2.984284E+00  1.365580E+01  1.706423E+00
  3.260  3.805203E+01  8.832042E+00  3.539217E+01  7.383779E+00  3.073372E+01  5.237209E+00  1.683959E+01  3.574426E+00  1.642084E+01  3.225480E+00  1.386846E+01  1.796849E+00
  3.280  3.880401E+01  9.617824E+00  3.605751E+01  7.996442E+00  3.127844E+01  5.634675E+00  1.711144E+01  3.868384E+00  1.672634E+01  3.498118E+00  1.409104E+01  1.895583E+00
  3.300  3.955492E+01  1.049361E+01  3.672908E+01  8.674059E+00  3.183633E+01  6.081787E+00  1.737523E+01  4.183284E+00  1.703450E+01  3.806146E+00  1.432435E+01  2.003851E+00
  3.320  4.029720E+01  1.146410E+01  3.740462E+01  9.419592E+00  3.240246E+01  6.584517E+00  1.763140E+01  4.514529E+00  1.734038E+01  4.153073E+00  1.456932E+01  2.123232E+00
  3.340  4.102462E+01  1.253448E+01  3.808428E+01  1.023795E+01  3.297012E+01  7.148163E+00  1.788465E+01  4.858460E+00  1.763772E+01  4.541304E+00  1.482689E+01  2.255845E+00
  3.360  4.173167E+01  1.371292E+01  3.876941E+01  1.113920E+01  3.353107E+01  7.776578E+00  1.814333E+01  5.215764E+00  1.791939E+01  4.971403E+00  1.509786E+01  2.404546E+00
  3.380  4.241079E+01  1.501243E+01  3.945838E+01  1.214081E+01  3.407646E+01  8.471663E+00  1.841607E+01  5.594044E+00  1.817863E+01  5.441722E+00  1.538246E+01  2.573049E+00
  3.400  4.304847E+01  1.645066E+01  4.014091E+01  1.326661E+01  3.459799E+01  9.233761E+00  1.870709E+01  6.007457E+00  1.841048E+01  5.949086E+00  1.567982E+01  2.765803E+00
  3.420  4.362165E+01  1.804784E+01  4.079345E+01  1.454221E+01  3.508841E+01  1.006327E+01  1.901287E+01  6.473300E+00  1.861258E+01  6.490967E+00  1.598753E+01  2.987510E+00
  3.440  4.409453E+01  1.982344E+01  4.137725E+01  1.598821E+01  3.553991E+01  1.096248E+01  1.932169E+01  7.007636E+00  1.878355E+01  7.068227E+00  1.630140E+01  3.242331E+00
  3.460  4.441516E+01  2.179057E+01  4.183957E+01  1.761272E+01  3.594049E+01  1.193531E+01  1.961547E+01  7.622192E+00  1.891878E+01  7.685936E+00  1.661579E+01  3.533022E+00
  3.480  4.451409E+01  2.394613E+01  4.211795E+01  1.940368E+01  3.627103E+01  1.298303E+01  1.987189E+01  8.323105E+00  1.900593E+01  8.350034E+00  1.692437E+01  3.860269E+00
  3.500  4.430967E+01  2.625736E+01  4.214894E+01  2.132190E+01  3.650676E+01  1.409763E+01  2.006562E+01  9.110350E+00  1.902400E+01  9.060526E+00  1.722122E+01  4.222347E+00
  3.520  4.372413E+01  2.865053E+01  4.188262E+01  2.329821E+01  3.662454E+01  1.525733E+01  2.016922E+01  9.976381E+00  1.894787E+01  9.804853E+00  1.750243E+01  4.615462E+00
  3.540  4.270866E+01  3.101108E+01  4.130036E+01  2.524045E+01  3.661244E+01  1.642902E+01  2.015526E+01  1.090402E+01  1.875703E+01  1.055560E+01  1.776770E+01  5.035482E+00
  3.560  4.126700E+01  3.320209E+01  4.042724E+01  2.705349E+01  3.647520E+01  1.757766E+01  2.000069E+01  1.186528E+01  1.844445E+01  1.127457E+01  1.802031E+01  5.481392E+00
  3.580  3.946300E+01  3.509658E+01  3.932815E+01  2.866606E+01  3.623091E+01  1.867672E+01  1.969226E+01  1.282305E+01  1.802103E+01  1.192153E+01  1.826359E+01  5.958607E+00
  3.600  3.740568E+01  3.660822E+01  3.808567E+01  3.004951E+01  3.590165E+01  1.971249E+01  1.923063E+01  1.373638E+01  1.751419E+01  1.246362E+01  1.849452E+01  6.478264E+00
  3.620  3.521962E+01  3.770550E+01  3.677083E+01  3.121691E+01  3.550538E+01  2.068016E+01  1.863038E+01  1.456779E+01  1.696200E+01  1.288191E+01  1.869935E+01  7.050654E+00
  3.640  3.301528E+01  3.840574E+01  3.542247E+01  3.220352E+01  3.505409E+01  2.157643E+01  1.791495E+01  1.528889E+01  1.640547E+01  1.317403E+01  1.885586E+01  7.676389E+00
  3.660  3.087046E+01  3.875442E+01  3.404500E+01  3.303935E+01  3.455810E+01  2.239420E+01  1.710939E+01  1.587977E+01  1.588066E+01  1.335261E+01  1.894222E+01  8.341740E+00
  3.680  2.882916E+01  3.879949E+01  3.262489E+01  3.372810E+01  3.403295E+01  2.312254E+01  1.623793E+01  1.632292E+01  1.541357E+01  1.343961E+01  1.894679E+01  9.021658E+00
  3.700  2.691716E+01  3.857376E+01  3.115703E+01  3.424333E+01  3.350464E+01  2.375293E+01  1.532974E+01  1.659850E+01  1.501974E+01  1.345997E+01  1.887331E+01  9.688795E+00
  3.720  2.516332E+01  3.809494E+01  2.966609E+01  3.454442E+01  3.300833E+01  2.428898E+01  1.442801E+01  1.668904E+01  1.470720E+01  1.343790E+01  1.873878E+01  1.032342E+01
  3.740  2.361177E+01  3.738127E+01  2.821063E+01  3.460302E+01  3.257924E+01  2.475335E+01  1.359188E+01  1.659344E+01  1.447912E+01  1.339658E+01  1.856590E+01  1.091933E+01
  3.760  2.231692E+01  3.647031E+01  2.686757E+01  3.442521E+01  3.224011E+01  2.518667E+01  1.288443E+01  1.634062E+01  1.433451E+01  1.335904E+01  1.837420E+01  1.148412E+01
  3.780  2.132544E+01  3.542723E+01  2.570578E+01  3.405692E+01  3.199212E+01  2.563850E+01  1.235126E+01  1.599027E+01  1.426740E+01  1.334846E+01  1.817276E+01  1.203466E+01
  3.800  2.065790E+01  3.433687E+01  2.476355E+01  3.357028E+01  3.181268E+01  2.615527E+01  1.200354E+01  1.561714E+01  1.426544E+01  1.338724E+01  1.795634E+01  1.258934E+01
  3.820  2.030144E+01  3.328642E+01  2.404177E+01  3.304018E+01  3.165947E+01  2.676964E+01  1.181682E+01  1.528801E+01  1.430900E+01  1.349480E+01  1.770664E+01  1.315881E+01
  3.840  2.021423E+01  3.234954E+01  2.351276E+01  3.252463E+01  3.147766E+01  2.749325E+01  1.174424E+01  1.504593E+01  1.437115E+01  1.368457E+01  1.739926E+01  1.373885E+01
  3.860  2.033544E+01  3.157718E+01  2.313653E+01  3.205630E+01  3.120903E+01  2.831192E+01  1.173287E+01  1.490708E+01  1.441888E+01  1.396036E+01  1.701372E+01  1.430888E+01
  3.880  2.059601E+01  3.099365E+01  2.287586E+01  3.164479E+01  3.080369E+01  2.918367E+01  1.173496E+01  1.486549E+01  1.441647E+01  1.431206E+01  1.654246E+01  1.483649E+01
  3.900  2.092969E+01  3.059643E+01  2.270601E+01  3.128535E+01  3.023485E+01  3.004263E+01  1.171419E+01  1.489919E+01  1.433289E+01  1.471254E+01  1.599594E+01  1.528587E+01
  3.920  2.128399E+01  3.036112E+01  2.261726E+01  3.097040E+01  2.951217E+01  3.081315E+01  1.164958E+01  1.497687E+01  1.415241E+01  1.512015E+01  1.540312E+01  1.562802E+01
  3.940  2.162662E+01  3.025184E+01  2.260978E+01  3.069941E+01  2.868395E+01  3.143345E+01  1.153651E+01  1.506577E+01  1.388237E+01  1.548982E+01  1.480589E+01  1.585120E+01
  3.960  2.194405E+01  3.023216E+01  2.268326E+01  3.048192E+01  2.782087E+01  3.187700E+01  1.138302E+01  1.513876E+01  1.355057E+01  1.578771E+01  1.424668E+01  1.596672E+01
  3.980  2.223501E+01  3.026997E+01  2.282810E+01  3.033114E+01  2.698810E+01  3.215528E+01  1.120359E+01  1.517621E+01  1.319300E+01  1.599900E+01  1.375351E+01  1.600458E+01
  4.000  2.250707E+01  3.033566E+01  2.302590E+01  3.025251E+01  2.622646E+01  3.229922E+01  1.101618E+01  1.516368E+01  1.284185E+01  1.612387E+01  1.333232E+01  1.599888E+01
  4.020  2.278018E+01  3.040138E+01  2.326013E+01  3.023733E+01  2.555608E+01  3.233606E+01  1.084389E+01  1.509079E+01  1.252327E+01  1.616842E+01  1.297278E+01  1.597259E+01
  4.040  2.309113E+01  3.044842E+01  2.352834E+01  3.026820E+01  2.499477E+01  3.228237E+01  1.071652E+01  1.495552E+01  1.226268E+01  1.614128E+01  1.266246E+01  1.593264E+01
  4.060  2.348968E+01  3.047955E+01  2.384584E+01  3.033237E+01  2.457054E+01  3.215596E+01  1.066608E+01  1.476984E+01  1.208802E+01  1.605856E+01  1.239827E+01  1.587714E+01
  4.080  2.402490E+01  3.052656E+01  2.423854E+01  3.043342E+01  2.431643E+01  3.199198E+01  1.071815E+01  1.456019E+01  1.202467E+01  1.594997E+01  1.218733E+01  1.580704E+01
  4.100  2.472892E+01  3.064733E+01  2.473054E+01  3.059501E+01  2.425339E+01  3.184747E+01  1.088544E+01  1.436166E+01  1.208564E+01  1.585809E+01  1.203951E+01  1.573295E+01
  4.120  2.560552E+01  3.091411E+01  2.533270E+01  3.085670E+01  2.437515E+01  3.179074E+01  1.116680E+01  1.421081E+01  1.226442E+01  1.583010E+01  1.195864E+01  1.567376E+01
  4.140  2.662680E+01  3.139819E+01  2.603570E+01  3.126436E+01  2.464496E+01  3.188302E+01  1.154929E+01  1.414059E+01  1.253507E+01  1.590658E+01  1.193816E+01  1.565020E+01
  4.160  2.773802E+01  3.215538E+01  2.680959E+01  3.185847E+01  2.500467E+01  3.216288E+01  1.201105E+01  1.417693E+01  1.285875E+01  1.611309E+01  1.196216E+01  1.567770E+01
  4.180  2.886877E+01  3.321640E+01  2.761009E+01  3.266422E+01  2.539080E+01  3.263998E+01  1.252523E+01  1.433649E+01  1.319320E+01  1.645724E+01  1.201060E+01  1.576227E+01
  4.200  2.994699E+01  3.458427E+01  2.838929E+01  3.368729E+01  2.574966E+01  3.329965E+01  1.306452E+01  1.462666E+01  1.350137E+01  1.693140E+01  1.206514E+01  1.590046E+01
  4.220  3.091216E+01  3.623942E+01  2.910646E+01  3.491627E+01  2.604543E+01  3.411409E+01  1.360473E+01  1.504795E+01  1.375630E+01  1.751883E+01  1.211302E+01  1.608239E+01
  4.240  3.172382E+01  3.815125E+01  2.973577E+01  3.633092E+01  2.626002E+01  3.505361E+01  1.412583E+01  1.559747E+01  1.394173E+01  1.820039E+01  1.214868E+01  1.629495E+01
  4.260  3.236161E+01  4.029362E+01  3.026804E+01  3.791425E+01  2.638872E+01  3.609371E+01  1.461113E+01  1.627143E+01  1.404967E+01  1.895946E+01  1.217478E+01  1.652490E+01
  4.280  3.281428E+01  4.265781E+01  3.070346E+01  3.966462E+01  2.643537E+01  3.721931E+01  1.504609E+01  1.706630E+01  1.407664E+01  1.978480E+01  1.220253E+01  1.676322E+01
  4.300  3.306112E+01  4.525482E+01  3.103593E+01  4.160032E+01  2.640637E+01  3.842802E+01  1.541724E+01  1.798004E+01  1.401921E+01  2.067145E+01  1.224896E+01  1.701055E+01
  4.320  3.305535E+01  4.810328E+01  3.123681E+01  4.375079E+01  2.630161E+01  3.973074E+01  1.570967E+01  1.901327E+01  1.386902E+01  2.161944E+01  1.233009E+01  1.728022E+01
  4.340  3.271964E+01  5.120785E+01  3.124924E+01  4.613758E+01  2.610466E+01  4.114501E+01  1.590293E+01  2.016811E+01  1.360847E+01  2.262898E+01  1.245318E+01  1.759594E+01
  4.360  3.195684E+01  5.453903E+01  3.099752E+01  4.875635E+01  2.577954E+01  4.268132E+01  1.596795E+01  2.144290E+01  1.321001E+01  2.369229E+01  1.261238E+01  1.798498E+01
  4.380  3.067086E+01  5.802310E+01  3.040560E+01  5.157047E+01  2.527867E+01  4.432946E+01  1.586914E+01  2.282446E+01  1.264203E+01  2.478516E+01  1.278965E+01  1.847100E+01
  4.400  2.878974E+01  6.154545E+01  2.941321E+01  5.451801E+01  2.455932E+01  4.605429E+01  1.557315E+01  2.428335E+01  1.188105E+01  2.586367E+01  1.295904E+01  1.906990E+01
  4.420  2.628364E+01  6.496562E+01  2.798193E+01  5.752512E+01  2.359828E+01  4.780471E+01  1.505979E+01  2.577775E+01  1.092495E+01  2.687110E+01  1.309086E+01  1.978920E+01
  4.440  2.317205E+01  6.814033E+01  2.609173E+01  6.051685E+01  2.239503E+01  4.953043E+01  1.432618E+01  2.726561E+01  9.798581E+00  2.775378E+01  1.315379E+01  2.062912E+01
  4.460  1.951596E+01  7.094669E+01  2.373340E+01  6.342110E+01  2.096086E+01  5.119408E+01  1.337850E+01  2.871523E+01  8.545627E+00  2.847718E+01  1.311514E+01  2.158285E+01
  4.480  1.539771E+01  7.329403E+01  2.090219E+01  6.616572E+01  1.930397E+01  5.276842E+01  1.221859E+01  3.010276E+01  7.211562E+00  2.903036E+01  1.294105E+01  2.263449E+01
  4.500  1.090139E+01  7.511873E+01  1.759700E+01  6.867104E+01  1.742561E+01  5.422234E+01  1.084070E+01  3.139838E+01  5.830873E+00  2.941662E+01  1.259997E+01  2.375582E+01
  4.520  6.105930E+00  7.636987E+01  1.382757E+01  7.084315E+01  1.533164E+01  5.551080E+01  9.243572E+00  3.255696E+01  4.427132E+00  2.964037E+01  1.207012E+01  2.490587E+01
  4.540  1.090120E+00  7.699815E+01  9.627183E+00  7.257428E+01  1.304860E+01  5.658023E+01  7.445327E+00  3.352413E+01  3.021585E+00  2.970172E+01  1.134703E+01  2.603725E+01
  4.560 -4.057049E+00  7.695200E+01  5.064683E+00  7.375210E+01  1.062964E+01  5.738567E+01  5.487275E+00  3.425171E+01  1.640147E+00  2.959988E+01  1.044462E+01  2.710742E+01
  4.580 -9.223014E+00  7.618124E+01  2.515294E-01  7.427605E+01  8.146744E+00  5.790722E+01  3.426070E+00  3.470935E+01  3.148188E-01  2.933913E+01  9.388077E+00  2.808754E+01
  4.600 -1.425880E+01  7.465453E+01 -4.659247E+00  7.408000E+01  5.675026E+00  5.815875E+01  1.323114E+00  3.488798E+01 -9.179133E-01  2.893411E+01  8.203401E+00  2.896425E+01
  4.620 -1.898308E+01  7.239174E+01 -9.490654E+00  7.315736E+01  3.273575E+00  5.818782E+01 -7.645416E-01  3.479904E+01 -2.021735E+00  2.841586E+01  6.909124E+00  2.973545E+01
  4.640 -2.321725E+01  6.949005E+01 -1.407950E+01  7.157125E+01  9.657270E-01  5.806370E+01 -2.793506E+00  3.447030E+01 -2.972006E+00  2.783545E+01  5.511066E+00  3.040288E+01
  4.660 -2.683608E+01  6.611448E+01 -1.831552E+01  6.943191E+01 -1.271282E+00  5.785095E+01 -4.741219E+00  3.393489E+01 -3.771277E+00  2.725685E+01  4.001509E+00  3.096092E+01
  4.680 -2.979644E+01  6.245239E+01 -2.215080E+01  6.685044E+01 -3.494601E+00  5.757835E+01 -6.602887E+00  3.321548E+01 -4.456729E+00  2.673688E+01  2.367680E+00  3.138457E+01
  4.700 -3.212477E+01  5.866464E+01 -2.557047E+01  6.390377E+01 -5.762481E+00  5.722349E+01 -8.375606E+00  3.231517E+01 -5.090239E+00  2.630336E+01  6.105103E-01  3.162608E+01
  4.720 -3.387951E+01  5.486480E+01 -2.855034E+01  6.063797E+01 -8.098311E+00  5.672682E+01 -1.003960E+01  3.122495E+01 -5.735007E+00  2.594621E+01 -1.236579E+00  3.162898E+01
  4.740 -3.511999E+01  5.112992E+01 -3.103826E+01  5.710368E+01 -1.047657E+01  5.602824E+01 -1.155216E+01  2.994480E+01 -6.433349E+00  2.562741E+01 -3.104894E+00  3.135531E+01
  4.760 -3.589926E+01  4.752202E+01 -3.297438E+01  5.338971E+01 -1.284159E+01  5.510121E+01 -1.286162E+01  2.850292E+01 -7.199499E+00  2.530189E+01 -4.910892E+00  3.080835E+01
  4.780 -3.627432E+01  4.409803E+01 -3.433119E+01  4.962474E+01 -1.514493E+01  5.395862E+01 -1.393250E+01  2.695689E+01 -8.029068E+00  2.493334E+01 -6.588564E+00  3.003260E+01
  4.800 -3.631503E+01  4.090299E+01 -3.513936E+01  4.594593E+01 -1.737142E+01  5.262661E+01 -1.476287E+01  2.537486E+01 -8.913135E+00  2.449491E+01 -8.111134E+00  2.908925E+01
  4.820 -3.609953E+01  3.795782E+01 -3.548113E+01  4.245972E+01 -1.953250E+01  5.110823E+01 -1.538194E+01  2.381052E+01 -9.842704E+00  2.395931E+01 -9.487140E+00  2.802456E+01
  4.840 -3.569941E+01  3.525530E+01 -3.545977E+01  3.922082E+01 -2.163167E+01  4.936709E+01 -1.583107E+01  2.228867E+01 -1.080015E+01  2.329228E+01 -1.073539E+01  2.685291E+01
  4.860 -3.516533E+01  3.276884E+01 -3.516700E+01  3.623760E+01 -2.362791E+01  4.734556E+01 -1.614217E+01  2.080871E+01 -1.174705E+01  2.245898E+01 -1.185725E+01  2.556406E+01
  4.880 -3.452260E+01  3.046858E+01 -3.466558E+01  3.349425E+01 -2.542480E+01  4.500753E+01 -1.632635E+01  1.936092E+01 -1.262142E+01  2.144134E+01 -1.282458E+01  2.414765E+01
  4.900 -3.377833E+01  2.833575E+01 -3.399112E+01  3.097406E+01 -2.689588E+01  4.237779E+01 -1.637760E+01  1.794370E+01 -1.335050E+01  2.025438E+01 -1.358970E+01  2.261750E+01
  4.920 -3.293501E+01  2.636780E+01 -3.316611E+01  2.867175E+01 -2.793158E+01  3.955215E+01 -1.628596E+01  1.657179E+01 -1.387320E+01  1.894938E+01 -1.410904E+01  2.102027E+01
  4.940 -3.200253E+01  2.457349E+01 -3.221441E+01  2.659230E+01 -2.847948E+01  3.667296E+01 -1.605080E+01  1.527277E+01 -1.415931E+01  1.760091E+01 -1.436446E+01  1.942512E+01
  4.960 -3.100263E+01  2.296247E+01 -3.116804E+01  2.474184E+01 -2.855712E+01  3.388716E+01 -1.568682E+01  1.407679E+01 -1.421541E+01  1.628555E+01 -1.437082E+01  1.790350E+01
  4.980 -2.996522E+01  2.153602E+01 -3.006503E+01  2.311857E+01 -2.823680E+01  3.131053E+01 -1.522169E+01  1.300635E+01 -1.407694E+01  1.506348E+01 -1.416915E+01  1.651142E+01
  5.000 -2.892028E+01  2.028344E+01 -2.894219E+01  2.170905E+01 -2.761682E+01  2.901200E+01 -1.468871E+01  1.207118E+01 -1.379327E+01  1.397018E+01 -1.381285E+01  1.528149E+01
  5.020 -2.789030E+01  1.918500E+01 -2.782785E+01  2.049089E+01 -2.679572E+01  2.701743E+01 -1.411917E+01  1.126882E+01 -1.341389E+01  1.301808E+01 -1.335485E+01  1.422459E+01
  5.040 -2.688740E+01  1.821851E+01 -2.673908E+01  1.943947E+01 -2.585815E+01  2.532308E+01 -1.353784E+01  1.058909E+01 -1.298032E+01  1.220359E+01 -1.284048E+01  1.333664E+01
  5.060 -2.591550E+01  1.736504E+01 -2.568442E+01  1.853406E+01 -2.487219E+01  2.390855E+01 -1.296261E+01  1.001893E+01 -1.252412E+01  1.151458E+01 -1.230613E+01  1.260532E+01
  5.080 -2.497482E+01  1.661088E+01 -2.466926E+01  1.775958E+01 -2.389163E+01  2.274376E+01 -1.240642E+01  9.544949E+00 -1.206818E+01  1.093507E+01 -1.178081E+01  1.201388E+01
  5.100 -2.406490E+01  1.594618E+01 -2.369967E+01  1.710421E+01 -2.295739E+01  2.179149E+01 -1.187887E+01  9.153672E+00 -1.162823E+01  1.044728E+01 -1.128742E+01  1.154210E+01
  5.120 -2.318508E+01  1.536336E+01 -2.278240E+01  1.655633E+01 -2.209619E+01  2.100952E+01 -1.138620E+01  8.831339E+00 -1.121319E+01  1.003284E+01 -1.084217E+01  1.116671E+01
  5.140 -2.233408E+01  1.485710E+01 -2.192333E+01  1.610368E+01 -2.131896E+01  2.035572E+01 -1.093084E+01  8.565025E+00 -1.082516E+01  9.675027E+00 -1.045347E+01  1.086334E+01
  5.160 -2.151102E+01  1.442543E+01 -2.112682E+01  1.573429E+01 -2.062294E+01  1.979478E+01 -1.051240E+01  8.344369E+00 -1.046100E+01  9.361609E+00 -1.012214E+01  1.060971E+01
  5.180 -2.071798E+01  1.406925E+01 -2.039665E+01  1.543692E+01 -1.999806E+01  1.930266E+01 -1.013008E+01  8.161911E+00 -1.011593E+01  9.086401E+00 -9.843828E+00  1.038805E+01
  5.200 -1.996174E+01  1.378957E+01 -1.973679E+01  1.519996E+01 -1.943423E+01  1.886561E+01 -9.784256E+00  8.011264E+00 -9.787253E+00  8.847872E+00 -9.612094E+00  1.018548E+01
  5.220 -1.925285E+01  1.358389E+01 -1.915062E+01  1.500990E+01 -1.892514E+01  1.847550E+01 -9.475709E+00  7.884746E+00 -9.475692E+00  8.645964E+00 -9.420332E+00  9.992556E+00
  5.240 -1.860227E+01  1.344429E+01 -1.863862E+01  1.485088E+01 -1.846774E+01  1.812550E+01 -9.202894E+00  7.773008E+00 -9.184322E+00  8.479701E+00 -9.261915E+00  9.801792E+00
  5.260 -1.801776E+01  1.335864E+01 -1.819600E+01  1.470664E+01 -1.806011E+01  1.780873E+01 -8.959946E+00  7.667588E+00 -8.917003E+00  8.346750E+00 -9.129507E+00  9.607340E+00
  5.280 -1.750240E+01  1.331368E+01 -1.781236E+01  1.456417E+01 -1.770044E+01  1.751866E+01 -8.737781E+00  7.564611E+00 -8.677849E+00  8.243796E+00 -9.014913E+00  9.405820E+00
  5.300 -1.705587E+01  1.329782E+01 -1.747451E+01  1.441723E+01 -1.738737E+01  1.724968E+01 -8.528231E+00  7.466470E+00 -8.471313E+00  8.166398E+00 -8.910216E+00  9.197264E+00
  5.320 -1.667685E+01  1.330180E+01 -1.717158E+01  1.426666E+01 -1.712098E+01  1.699660E+01 -8.328342E+00  7.379595E+00 -8.301853E+00  8.108364E+00 -8.809955E+00  8.984869E+00
  5.340 -1.636460E+01  1.331748E+01 -1.689889E+01  1.411676E+01 -1.690334E+01  1.675286E+01 -8.141603E+00  7.309638E+00 -8.172997E+00  8.061426E+00 -8.712893E+00  8.772716E+00
  5.360 -1.611906E+01  1.333625E+01 -1.665796E+01  1.396990E+01 -1.673718E+01  1.650816E+01 -7.975291E+00  7.257473E+00 -8.086368E+00  8.015470E+00 -8.621444E+00  8.562381E+00
  5.380 -1.594000E+01  1.334811E+01 -1.645275E+01  1.382321E+01 -1.662251E+01  1.624723E+01 -7.836165E+00  7.218538E+00 -8.040873E+00  7.959029E+00 -8.538431E+00  8.350957E+00
  5.400 -1.582602E+01  1.334126E+01 -1.628525E+01  1.366898E+01 -1.655243E+01  1.595171E+01 -7.727635E+00  7.185160E+00 -8.031815E+00  7.880011E+00 -8.463340E+00  8.132280E+00
  5.420 -1.577332E+01  1.330188E+01 -1.615331E+01  1.349746E+01 -1.651105E+01  1.560484E+01 -7.649716E+00  7.149354E+00 -8.050037E+00  7.767098E+00 -8.390856E+00  7.900535E+00
  5.440 -1.577372E+01  1.321458E+01 -1.605062E+01  1.329934E+01 -1.647490E+01  1.519674E+01 -7.600499E+00  7.103863E+00 -8.081753E+00  7.611974E+00 -8.312461E+00  7.653490E+00
  5.460 -1.581244E+01  1.306457E+01 -1.596754E+01  1.306739E+01 -1.641717E+01  1.472791E+01 -7.576807E+00  7.041521E+00 -8.109842E+00  7.411873E+00 -8.219463E+00  7.393499E+00
  5.480 -1.586771E+01  1.284217E+01 -1.589195E+01  1.279765E+01 -1.631326E+01  1.420989E+01 -7.573193E+00  6.954886E+00 -8.116835E+00  7.171261E+00 -8.105468E+00  7.126416E+00
  5.500 -1.591412E+01  1.254697E+01 -1.581094E+01  1.249048E+01 -1.614583E+01  1.366286E+01 -7.580655E+00  6.837698E+00 -8.088727E+00  6.901403E+00 -7.967479E+00  6.859654E+00
  5.520 -1.592834E+01  1.218889E+01 -1.571293E+01  1.215046E+01 -1.590777E+01  1.311089E+01 -7.587179E+00  6.687597E+00 -8.017886E+00  6.617672E+00 -7.805789E+00  6.600293E+00
  5.540 -1.589417E+01  1.178522E+01 -1.558945E+01  1.178483E+01 -1.560208E+01  1.257654E+01 -7.580643E+00  6.507785E+00 -7.903857E+00  6.335816E+00 -7.623068E+00  6.353681E+00
  5.560 -1.580438E+01  1.135553E+01 -1.543526E+01  1.140119E+01 -1.523911E+01  1.207666E+01 -7.552206E+00  6.305872E+00 -7.752109E+00  6.068600E+00 -7.422946E+00  6.122670E+00
  5.580 -1.565921E+01  1.091704E+01 -1.524673E+01  1.100608E+01 -1.483227E+01  1.162027E+01 -7.497610E+00  6.090734E+00 -7.571353E+00  5.823688E+00 -7.208311E+00  5.907708E+00
  5.600 -1.546293E+01  1.048226E+01 -1.502004E+01  1.060552E+01 -1.439325E+01  1.120912E+01 -7.415848E+00  5.869881E+00 -7.370151E+00  5.603341E+00 -6.979830E+00  5.708050E+00
  5.620 -1.522029E+01  1.005938E+01 -1.475071E+01  1.020680E+01 -1.392851E+01  1.084088E+01 -7.306859E+00  5.649012E+00 -7.154036E+00  5.406244E+00 -6.735593E+00  5.523901E+00
  5.640 -1.493457E+01  9.654444E+00 -1.443496E+01  9.819882E+00 -1.343855E+01  1.051396E+01 -7.170298E+00  5.433279E+00 -6.924604E+00  5.230700E+00 -6.472468E+00  5.358397E+00
  5.660 -1.460778E+01  9.273664E+00 -1.407176E+01  9.457378E+00 -1.292055E+01  1.023155E+01 -7.005950E+00  5.228591E+00 -6.680987E+00  5.077364E+00 -6.188598E+00  5.218090E+00
  5.680 -1.424212E+01  8.924666E+00 -1.366445E+01  9.133062E+00 -1.237286E+01  1.000275E+01 -6.814919E+00  5.041832E+00 -6.422533E+00  4.950043E+00 -5.885539E+00  5.111583E+00
  5.700 -1.384178E+01  8.616259E+00 -1.322112E+01  8.859845E+00 -1.179895E+01  9.840621E+00 -6.600451E+00  4.880112E+00 -6.150963E+00  4.854576E+00 -5.568888E+00  5.047257E+00
  5.720 -1.341398E+01  8.357220E+00 -1.275413E+01  8.647863E+00 -1.120901E+01  9.758506E+00 -6.368080E+00  4.749729E+00 -5.871158E+00  4.796926E+00 -5.247532E+00  5.031442E+00
  5.740 -1.296919E+01  8.154573E+00 -1.227882E+01  8.503054E+00 -1.061935E+01  9.766534E+00 -6.125251E+00  4.655279E+00 -5.590751E+00  4.781475E+00 -4.932414E+00  5.067517E+00
  5.760 -1.252031E+01  8.011911E+00 -1.181197E+01  8.426278E+00 -1.005026E+01  9.869317E+00 -5.880640E+00  4.599000E+00 -5.319052E+00  4.809902E+00 -4.635501E+00  5.155602E+00
  5.780 -1.208080E+01  7.928484E+00 -1.137001E+01  8.412937E+00 -9.523543E+00  1.006486E+01 -5.643220E+00  4.580414E+00 -5.065642E+00  4.880770E+00 -4.368895E+00  5.292291E+00
  5.800 -1.166270E+01  7.899548E+00 -1.096694E+01  8.453174E+00 -9.059875E+00  1.034453E+01 -5.421220E+00  4.596431E+00 -4.838955E+00  4.989877E+00 -4.143647E+00  5.470428E+00
  5.820 -1.127542E+01  7.917736E+00 -1.061226E+01  8.532977E+00 -8.676303E+00  1.069425E+01 -5.221212E+00  4.641968E+00 -4.645303E+00  5.131415E+00 -3.968071E+00  5.679484E+00
  5.840 -1.092557E+01  7.974608E+00 -1.030921E+01  8.636584E+00 -8.384783E+00  1.109700E+01 -5.047726E+00  4.710986E+00 -4.488938E+00  5.299567E+00 -3.846232E+00  5.907209E+00
  5.860 -1.061772E+01  8.061560E+00 -1.005482E+01  8.749883E+00 -8.192752E+00  1.153563E+01 -4.903636E+00  4.797460E+00 -4.373439E+00  5.489588E+00 -3.777913E+00  6.142298E+00
  5.880 -1.035513E+01  8.169809E+00 -9.842141E+00  8.863289E+00 -8.105805E+00  1.199425E+01 -4.791086E+00  4.895611E+00 -4.303716E+00  5.697227E+00 -3.760742E+00  6.376414E+00
  5.900 -1.013985E+01  8.289811E+00 -9.664022E+00  8.972226E+00 -8.130452E+00  1.245627E+01 -4.712081E+00  4.999095E+00 -4.286950E+00  5.916236E+00 -3.793318E+00  6.603719E+00
  5.920 -9.971997E+00  8.410830E+00 -9.515715E+00  9.074875E+00 -8.273818E+00  1.289999E+01 -4.667815E+00  5.099832E+00 -4.330944E+00  6.135367E+00 -3.876726E+00  6.817775E+00
  5.940 -9.848369E+00  8.521383E+00 -9.394799E+00  9.169035E+00 -8.538573E+00  1.329523E+01 -4.656772E+00  5.187792E+00 -4.439987E+00  6.337194E+00 -4.012614E+00  7.008069E+00
  5.960 -9.761443E+00  8.610878E+00 -9.298781E+00  9.250594E+00 -8.914939E+00  1.360514E+01 -4.672712E+00  5.252624E+00 -4.610205E+00  6.500438E+00 -4.198512E+00  7.159333E+00
  5.980 -9.699531E+00  8.672206E+00 -9.222639E+00  9.314657E+00 -9.375185E+00  1.379501E+01 -4.704192E+00  5.286916E+00 -4.827283E+00  6.605599E+00 -4.423709E+00  7.255251E+00
