
 **** DERIVATIVE DATABASE ****    
+DDB, Version number    100401

 DDB file merged by ElasticWork on Mon Aug 13 17:57:59 2018

    usepaw         0
     natom         4
      nkpt        40
    nsppol         1
      nsym        12
    ntypat         2
    occopt         1
     nband         8
     acell  0.10000000000000D+01  0.10000000000000D+01  0.10000000000000D+01
       amu  0.26981539000000D+02  0.74921590000000D+02
   dilatmx  0.10000000000000D+01
      ecut  0.60000000000000D+01
    ecutsm  0.50000000000000D+00
     intxc         0
      iscf         7
       ixc         1
       kpt  0.00000000000000D+00  0.00000000000000D+00  0.62500000000000D-01
            0.12500000000000D+00  0.00000000000000D+00  0.62500000000000D-01
            0.25000000000000D+00  0.00000000000000D+00  0.62500000000000D-01
            0.37500000000000D+00  0.00000000000000D+00  0.62500000000000D-01
            0.50000000000000D+00  0.00000000000000D+00  0.62500000000000D-01
            0.12500000000000D+00  0.12500000000000D+00  0.62500000000000D-01
            0.25000000000000D+00  0.12500000000000D+00  0.62500000000000D-01
            0.37500000000000D+00  0.12500000000000D+00  0.62500000000000D-01
            0.25000000000000D+00  0.25000000000000D+00  0.62500000000000D-01
            0.37500000000000D+00  0.25000000000000D+00  0.62500000000000D-01
            0.00000000000000D+00  0.00000000000000D+00  0.18750000000000D+00
            0.12500000000000D+00  0.00000000000000D+00  0.18750000000000D+00
            0.25000000000000D+00  0.00000000000000D+00  0.18750000000000D+00
            0.37500000000000D+00  0.00000000000000D+00  0.18750000000000D+00
            0.50000000000000D+00  0.00000000000000D+00  0.18750000000000D+00
            0.12500000000000D+00  0.12500000000000D+00  0.18750000000000D+00
            0.25000000000000D+00  0.12500000000000D+00  0.18750000000000D+00
            0.37500000000000D+00  0.12500000000000D+00  0.18750000000000D+00
            0.25000000000000D+00  0.25000000000000D+00  0.18750000000000D+00
            0.37500000000000D+00  0.25000000000000D+00  0.18750000000000D+00
            0.00000000000000D+00  0.00000000000000D+00  0.31250000000000D+00
            0.12500000000000D+00  0.00000000000000D+00  0.31250000000000D+00
            0.25000000000000D+00  0.00000000000000D+00  0.31250000000000D+00
            0.37500000000000D+00  0.00000000000000D+00  0.31250000000000D+00
            0.50000000000000D+00  0.00000000000000D+00  0.31250000000000D+00
            0.12500000000000D+00  0.12500000000000D+00  0.31250000000000D+00
            0.25000000000000D+00  0.12500000000000D+00  0.31250000000000D+00
            0.37500000000000D+00  0.12500000000000D+00  0.31250000000000D+00
            0.25000000000000D+00  0.25000000000000D+00  0.31250000000000D+00
            0.37500000000000D+00  0.25000000000000D+00  0.31250000000000D+00
            0.00000000000000D+00  0.00000000000000D+00  0.43750000000000D+00
            0.12500000000000D+00  0.00000000000000D+00  0.43750000000000D+00
            0.25000000000000D+00  0.00000000000000D+00  0.43750000000000D+00
            0.37500000000000D+00  0.00000000000000D+00  0.43750000000000D+00
            0.50000000000000D+00  0.00000000000000D+00  0.43750000000000D+00
            0.12500000000000D+00  0.12500000000000D+00  0.43750000000000D+00
            0.25000000000000D+00  0.12500000000000D+00  0.43750000000000D+00
            0.37500000000000D+00  0.12500000000000D+00  0.43750000000000D+00
            0.25000000000000D+00  0.25000000000000D+00  0.43750000000000D+00
            0.37500000000000D+00  0.25000000000000D+00  0.43750000000000D+00
    kptnrm  0.10000000000000D+01
     ngfft        18   18   30
    nspden         1
   nspinor         1
       occ  0.20000000000000D+01  0.20000000000000D+01  0.20000000000000D+01
            0.20000000000000D+01  0.20000000000000D+01  0.20000000000000D+01
            0.20000000000000D+01  0.20000000000000D+01
     rprim  0.65289350475000D+01  0.37694824072000D+01  0.00000000000000D+00
           -0.65289350475000D+01  0.37694824072000D+01  0.00000000000000D+00
            0.00000000000000D+00  0.00000000000000D+00  0.12277795374000D+02
  dfpt_sciss  0.00000000000000D+00
    spinat  0.00000000000000D+00  0.00000000000000D+00  0.00000000000000D+00
            0.00000000000000D+00  0.00000000000000D+00  0.00000000000000D+00
            0.00000000000000D+00  0.00000000000000D+00  0.00000000000000D+00
            0.00000000000000D+00  0.00000000000000D+00  0.00000000000000D+00
    symafm         1    1    1    1    1    1    1    1    1    1    1    1
    symrel         1    0    0    0    1    0    0    0    1
                   0    1    0    1    0    0    0    0    1
                   1    1    0   -1    0    0    0    0    1
                  -1    0    0    1    1    0    0    0    1
                   0    1    0   -1   -1    0    0    0    1
                  -1   -1    0    0    1    0    0    0    1
                  -1    0    0    0   -1    0    0    0    1
                   0   -1    0   -1    0    0    0    0    1
                  -1   -1    0    1    0    0    0    0    1
                   1    0    0   -1   -1    0    0    0    1
                   0   -1    0    1    1    0    0    0    1
                   1    1    0    0   -1    0    0    0    1
     tnons  0.00000000000000D+00  0.00000000000000D+00  0.00000000000000D+00
            0.00000000000000D+00  0.00000000000000D+00  0.50000000000000D+00
            0.10000000827404D-09  0.00000000000000D+00  0.50000000000000D+00
           -0.99999897251735D-10  0.00000000000000D+00  0.00000000000000D+00
            0.00000000000000D+00  0.10000000827404D-09  0.00000000000000D+00
            0.00000000000000D+00 -0.99999897251735D-10  0.50000000000000D+00
            0.00000000000000D+00  0.00000000000000D+00  0.50000000000000D+00
            0.00000000000000D+00  0.00000000000000D+00  0.00000000000000D+00
           -0.99999897251735D-10  0.00000000000000D+00  0.00000000000000D+00
            0.10000000827404D-09  0.00000000000000D+00  0.50000000000000D+00
            0.00000000000000D+00 -0.99999897251735D-10  0.50000000000000D+00
            0.00000000000000D+00  0.10000000827404D-09  0.00000000000000D+00
    tolwfr  0.10000000000000D+01
   tphysel  0.00000000000000D+00
    tsmear  0.10000000000000D-01
     typat         1    1    2    2
       wtk  0.39062500000000D-02  0.23437500000000D-01  0.23437500000000D-01
            0.23437500000000D-01  0.11718750000000D-01  0.23437500000000D-01
            0.46875000000000D-01  0.46875000000000D-01  0.23437500000000D-01
            0.23437500000000D-01  0.39062500000000D-02  0.23437500000000D-01
            0.23437500000000D-01  0.23437500000000D-01  0.11718750000000D-01
            0.23437500000000D-01  0.46875000000000D-01  0.46875000000000D-01
            0.23437500000000D-01  0.23437500000000D-01  0.39062500000000D-02
            0.23437500000000D-01  0.23437500000000D-01  0.23437500000000D-01
            0.11718750000000D-01  0.23437500000000D-01  0.46875000000000D-01
            0.46875000000000D-01  0.23437500000000D-01  0.23437500000000D-01
            0.39062500000000D-02  0.23437500000000D-01  0.23437500000000D-01
            0.23437500000000D-01  0.11718750000000D-01  0.23437500000000D-01
            0.46875000000000D-01  0.46875000000000D-01  0.23437500000000D-01
            0.23437500000000D-01
      xred  0.33333333333333D+00  0.66666666666667D+00  0.11102230246252D-15
            0.66666666666667D+00  0.33333333333333D+00  0.50000000000000D+00
            0.33333333333333D+00  0.66666666666667D+00  0.37608588370000D+00
            0.66666666666667D+00  0.33333333333333D+00  0.87608588370000D+00
     znucl  0.13000000000000D+02  0.33000000000000D+02
      zion  0.30000000000000D+01  0.50000000000000D+01
 
  Description of the potentials (KB energies)
  vrsio8 (for pseudopotentials)=100401
  usepaw =  0
  dimekb =  2       lmnmax=  2
  Atom type=    1   pspso=  0   nekb=   2
  iln lpsang iproj  ekb(:)
     1     0     1     2.5406576E+00  0.0000000E+00
     2     1     1     0.0000000E+00  1.3538152E+00
  Atom type=    2   pspso=  0   nekb=   1
  iln lpsang iproj  ekb(:)
     1     0     1     8.3875106E-01
 
 **** Database of total energy derivatives ****
 Number of data blocks=    3
  
 Total energy                 - # elements :       1
 -0.20275898234278D+02  0.00000000000000D+00
  
 1st derivatives              - # elements :      18
   1   1  0.00000000000000D+00  0.00000000000000D+00
   2   1  0.00000000000000D+00  0.00000000000000D+00
   3   1 -0.22709988402417D-02  0.00000000000000D+00
   1   2  0.00000000000000D+00  0.00000000000000D+00
   2   2  0.00000000000000D+00  0.00000000000000D+00
   3   2 -0.22709988402417D-02  0.00000000000000D+00
   1   3  0.00000000000000D+00  0.00000000000000D+00
   2   3  0.00000000000000D+00  0.00000000000000D+00
   3   3  0.22710484691541D-02  0.00000000000000D+00
   1   4  0.00000000000000D+00  0.00000000000000D+00
   2   4  0.00000000000000D+00  0.00000000000000D+00
   3   4  0.22710484691541D-02  0.00000000000000D+00
   1   7  0.21398603378215D-04  0.00000000000000D+00
   2   7  0.21398603372692D-04  0.00000000000000D+00
   3   7 -0.14053353894580D-04  0.00000000000000D+00
   1   8  0.00000000000000D+00  0.00000000000000D+00
   2   8  0.00000000000000D+00  0.00000000000000D+00
   3   8  0.00000000000000D+00  0.00000000000000D+00
  
 2nd derivatives (non-stat.)  - # elements :     346
 qpt  0.00000000E+00  0.00000000E+00  0.00000000E+00   1.0
   1   1   1   1  0.54012186278281D+01  0.00000000000000D+00
   2   1   1   1 -0.27006093134332D+01  0.00000000000000D+00
   3   1   1   1  0.00000000000000D+00  0.00000000000000D+00
   1   2   1   1  0.11254994760684D+00  0.57495452329496D-16
   2   2   1   1 -0.56274974051745D-01 -0.12944481021547D-15
   3   2   1   1  0.00000000000000D+00  0.00000000000000D+00
   1   3   1   1 -0.30177563990011D+00 -0.27999976405949D-15
   2   3   1   1  0.15088781995539D+00  0.47385498987791D-16
   3   3   1   1  0.00000000000000D+00  0.00000000000000D+00
   1   4   1   1 -0.52119915637322D+01 -0.29444183163339D-15
   2   4   1   1  0.26059957813440D+01  0.92955154589694D-16
   3   4   1   1  0.00000000000000D+00  0.00000000000000D+00
   1   6   1   1 -0.60502193014077D+01  0.00000000000000D+00
   2   6   1   1  0.00000000000000D+00  0.00000000000000D+00
   3   6   1   1  0.00000000000000D+00  0.00000000000000D+00
   1   1   2   1 -0.27006093134332D+01  0.00000000000000D+00
   2   1   2   1  0.54012186278281D+01  0.00000000000000D+00
   3   1   2   1  0.00000000000000D+00  0.00000000000000D+00
   1   2   2   1 -0.56274973804127D-01 -0.12944481021547D-15
   2   2   2   1  0.11254994760684D+00  0.45047519490260D-17
   3   2   2   1  0.00000000000000D+00  0.00000000000000D+00
   1   3   2   1  0.15088781997292D+00  0.47385498987791D-16
   2   3   2   1 -0.30177563990011D+00  0.14777864601599D-15
   3   3   2   1  0.00000000000000D+00  0.00000000000000D+00
   1   4   2   1  0.26059957818603D+01  0.92955154589694D-16
   2   4   2   1 -0.52119915637322D+01  0.29066851211985D-15
   3   4   2   1  0.00000000000000D+00  0.00000000000000D+00
   1   6   2   1  0.00000000000000D+00  0.00000000000000D+00
   2   6   2   1 -0.60502193008499D+01  0.00000000000000D+00
   3   6   2   1  0.00000000000000D+00  0.00000000000000D+00
   1   1   3   1  0.00000000000000D+00  0.00000000000000D+00
   2   1   3   1  0.00000000000000D+00  0.00000000000000D+00
   3   1   3   1  0.16964950640812D+02  0.00000000000000D+00
   1   2   3   1  0.00000000000000D+00  0.00000000000000D+00
   2   2   3   1  0.00000000000000D+00  0.00000000000000D+00
   3   2   3   1 -0.25415461036528D+01 -0.49010713220847D-16
   1   3   3   1  0.00000000000000D+00  0.00000000000000D+00
   2   3   3   1  0.00000000000000D+00  0.00000000000000D+00
   3   3   3   1 -0.91207026272115D+01  0.19000217783455D-15
   1   4   3   1  0.00000000000000D+00  0.00000000000000D+00
   2   4   3   1  0.00000000000000D+00  0.00000000000000D+00
   3   4   3   1 -0.53027045880185D+01  0.63061857364518D-15
   1   6   3   1  0.00000000000000D+00  0.00000000000000D+00
   2   6   3   1  0.46259292692715D-17  0.00000000000000D+00
   3   6   3   1 -0.49630756668129D+01  0.00000000000000D+00
   1   1   1   2  0.11254994760684D+00 -0.57495452329496D-16
   2   1   1   2 -0.56274973804127D-01  0.12944481021547D-15
   3   1   1   2  0.00000000000000D+00  0.00000000000000D+00
   1   2   1   2  0.54012186278281D+01  0.00000000000000D+00
   2   2   1   2 -0.27006093134332D+01  0.00000000000000D+00
   3   2   1   2  0.00000000000000D+00  0.00000000000000D+00
   1   3   1   2 -0.52119915637322D+01  0.41532290261413D-16
   2   3   1   2  0.26059957818603D+01  0.20516807156257D-16
   3   3   1   2  0.00000000000000D+00  0.00000000000000D+00
   1   4   1   2 -0.30177563990011D+00  0.23760863577876D-15
   2   4   1   2  0.15088781997292D+00 -0.75715946495543D-16
   3   4   1   2  0.00000000000000D+00  0.00000000000000D+00
   1   6   1   2 -0.60502193008499D+01  0.00000000000000D+00
   2   6   1   2  0.00000000000000D+00  0.00000000000000D+00
   3   6   1   2  0.00000000000000D+00  0.00000000000000D+00
   1   1   2   2 -0.56274974051745D-01  0.12944481021547D-15
   2   1   2   2  0.11254994760684D+00 -0.45047519490260D-17
   3   1   2   2  0.00000000000000D+00  0.00000000000000D+00
   1   2   2   2 -0.27006093134332D+01  0.00000000000000D+00
   2   2   2   2  0.54012186278281D+01  0.00000000000000D+00
   3   2   2   2  0.00000000000000D+00  0.00000000000000D+00
   1   3   2   2  0.26059957813440D+01  0.20516807156257D-16
   2   3   2   2 -0.52119915637322D+01 -0.68268081726343D-16
   3   3   2   2  0.00000000000000D+00  0.00000000000000D+00
   1   4   2   2  0.15088781995539D+00 -0.75715946495543D-16
   2   4   2   2 -0.30177563990011D+00 -0.29397482535802D-15
   3   4   2   2  0.00000000000000D+00  0.00000000000000D+00
   1   6   2   2  0.00000000000000D+00  0.00000000000000D+00
   2   6   2   2 -0.60502193014077D+01  0.00000000000000D+00
   3   6   2   2  0.00000000000000D+00  0.00000000000000D+00
   1   1   3   2  0.00000000000000D+00  0.00000000000000D+00
   2   1   3   2  0.00000000000000D+00  0.00000000000000D+00
   3   1   3   2 -0.25415461036528D+01  0.49010713220847D-16
   1   2   3   2  0.00000000000000D+00  0.00000000000000D+00
   2   2   3   2  0.00000000000000D+00  0.00000000000000D+00
   3   2   3   2  0.16964950640812D+02  0.00000000000000D+00
   1   3   3   2  0.00000000000000D+00  0.00000000000000D+00
   2   3   3   2  0.00000000000000D+00  0.00000000000000D+00
   3   3   3   2 -0.53027045880184D+01  0.21560860890834D-15
   1   4   3   2  0.00000000000000D+00  0.00000000000000D+00
   2   4   3   2  0.00000000000000D+00  0.00000000000000D+00
   3   4   3   2 -0.91207026272115D+01  0.25365589259802D-15
   1   6   3   2  0.46259292692715D-17  0.00000000000000D+00
   2   6   3   2  0.00000000000000D+00  0.00000000000000D+00
   3   6   3   2 -0.49630756668129D+01  0.00000000000000D+00
   1   1   1   3 -0.30177563990011D+00  0.27999976405949D-15
   2   1   1   3  0.15088781997292D+00 -0.47385498987791D-16
   3   1   1   3  0.00000000000000D+00  0.00000000000000D+00
   1   2   1   3 -0.52119915637322D+01 -0.41532290261413D-16
   2   2   1   3  0.26059957813440D+01 -0.20516807156257D-16
   3   2   1   3  0.00000000000000D+00  0.00000000000000D+00
   1   3   1   3  0.54776127687262D+01  0.00000000000000D+00
   2   3   1   3 -0.27388063838907D+01  0.00000000000000D+00
   3   3   1   3  0.00000000000000D+00  0.00000000000000D+00
   1   4   1   3  0.36161550901592D-01  0.33741613535246D-15
   2   4   1   3 -0.18080775493233D-01 -0.82315592705474D-16
   3   4   1   3  0.00000000000000D+00  0.00000000000000D+00
   1   6   1   3 -0.44680506268541D+02  0.00000000000000D+00
   2   6   1   3  0.00000000000000D+00  0.00000000000000D+00
   3   6   1   3  0.00000000000000D+00  0.00000000000000D+00
   1   1   2   3  0.15088781995539D+00 -0.47385498987791D-16
   2   1   2   3 -0.30177563990011D+00 -0.14777864601599D-15
   3   1   2   3  0.00000000000000D+00  0.00000000000000D+00
   1   2   2   3  0.26059957818603D+01 -0.20516807156257D-16
   2   2   2   3 -0.52119915637322D+01  0.68268081726343D-16
   3   2   2   3  0.00000000000000D+00  0.00000000000000D+00
   1   3   2   3 -0.27388063838907D+01  0.00000000000000D+00
   2   3   2   3  0.54776127687262D+01  0.00000000000000D+00
   3   3   2   3  0.00000000000000D+00  0.00000000000000D+00
   1   4   2   3 -0.18080775452759D-01 -0.82315592705474D-16
   2   4   2   3  0.36161550901588D-01  0.18744764356857D-15
   3   4   2   3  0.00000000000000D+00  0.00000000000000D+00
   1   6   2   3  0.00000000000000D+00  0.00000000000000D+00
   2   6   2   3 -0.44680506267225D+02  0.00000000000000D+00
   3   6   2   3  0.00000000000000D+00  0.00000000000000D+00
   1   1   3   3  0.00000000000000D+00  0.00000000000000D+00
   2   1   3   3  0.00000000000000D+00  0.00000000000000D+00
   3   1   3   3 -0.91207026272115D+01 -0.19000217783455D-15
   1   2   3   3  0.00000000000000D+00  0.00000000000000D+00
   2   2   3   3  0.00000000000000D+00  0.00000000000000D+00
   3   2   3   3 -0.53027045880184D+01 -0.21560860890834D-15
   1   3   3   3  0.00000000000000D+00  0.00000000000000D+00
   2   3   3   3  0.00000000000000D+00  0.00000000000000D+00
   3   3   3   3  0.17150713309267D+02  0.00000000000000D+00
   1   4   3   3  0.00000000000000D+00  0.00000000000000D+00
   2   4   3   3  0.00000000000000D+00  0.00000000000000D+00
   3   4   3   3 -0.27273002573330D+01 -0.10823166460523D-15
   1   6   3   3  0.74014868308344D-16  0.00000000000000D+00
   2   6   3   3 -0.74014868308344D-16  0.00000000000000D+00
   3   6   3   3 -0.45295295450814D+02  0.00000000000000D+00
   1   1   1   4 -0.52119915637322D+01  0.29444183163339D-15
   2   1   1   4  0.26059957818603D+01 -0.92955154589694D-16
   3   1   1   4  0.00000000000000D+00  0.00000000000000D+00
   1   2   1   4 -0.30177563990011D+00 -0.23760863577876D-15
   2   2   1   4  0.15088781995539D+00  0.75715946495543D-16
   3   2   1   4  0.00000000000000D+00  0.00000000000000D+00
   1   3   1   4  0.36161550901592D-01 -0.33741613535246D-15
   2   3   1   4 -0.18080775452759D-01  0.82315592705474D-16
   3   3   1   4  0.00000000000000D+00  0.00000000000000D+00
   1   4   1   4  0.54776127687262D+01  0.00000000000000D+00
   2   4   1   4 -0.27388063838907D+01  0.00000000000000D+00
   3   4   1   4  0.00000000000000D+00  0.00000000000000D+00
   1   6   1   4 -0.44680506267225D+02  0.00000000000000D+00
   2   6   1   4  0.00000000000000D+00  0.00000000000000D+00
   3   6   1   4  0.00000000000000D+00  0.00000000000000D+00
   1   1   2   4  0.26059957813440D+01 -0.92955154589694D-16
   2   1   2   4 -0.52119915637322D+01 -0.29066851211985D-15
   3   1   2   4  0.00000000000000D+00  0.00000000000000D+00
   1   2   2   4  0.15088781997292D+00  0.75715946495543D-16
   2   2   2   4 -0.30177563990011D+00  0.29397482535802D-15
   3   2   2   4  0.00000000000000D+00  0.00000000000000D+00
   1   3   2   4 -0.18080775493233D-01  0.82315592705474D-16
   2   3   2   4  0.36161550901588D-01 -0.18744764356857D-15
   3   3   2   4  0.00000000000000D+00  0.00000000000000D+00
   1   4   2   4 -0.27388063838907D+01  0.00000000000000D+00
   2   4   2   4  0.54776127687261D+01  0.00000000000000D+00
   3   4   2   4  0.00000000000000D+00  0.00000000000000D+00
   1   6   2   4  0.00000000000000D+00  0.00000000000000D+00
   2   6   2   4 -0.44680506268541D+02  0.00000000000000D+00
   3   6   2   4  0.00000000000000D+00  0.00000000000000D+00
   1   1   3   4  0.00000000000000D+00  0.00000000000000D+00
   2   1   3   4  0.00000000000000D+00  0.00000000000000D+00
   3   1   3   4 -0.53027045880185D+01 -0.63061857364518D-15
   1   2   3   4  0.00000000000000D+00  0.00000000000000D+00
   2   2   3   4  0.00000000000000D+00  0.00000000000000D+00
   3   2   3   4 -0.91207026272115D+01 -0.25365589259802D-15
   1   3   3   4  0.00000000000000D+00  0.00000000000000D+00
   2   3   3   4  0.00000000000000D+00  0.00000000000000D+00
   3   3   3   4 -0.27273002573330D+01  0.10823166460523D-15
   1   4   3   4  0.00000000000000D+00  0.00000000000000D+00
   2   4   3   4  0.00000000000000D+00  0.00000000000000D+00
   3   4   3   4  0.17150713309267D+02  0.00000000000000D+00
   1   6   3   4 -0.74014868308344D-16  0.00000000000000D+00
   2   6   3   4  0.74014868308344D-16  0.00000000000000D+00
   3   6   3   4 -0.45295295450814D+02  0.00000000000000D+00
   1   1   1   6 -0.60502193014077D+01  0.00000000000000D+00
   2   1   1   6  0.00000000000000D+00  0.00000000000000D+00
   3   1   1   6  0.00000000000000D+00  0.00000000000000D+00
   1   2   1   6 -0.60502193008499D+01  0.00000000000000D+00
   2   2   1   6  0.00000000000000D+00  0.00000000000000D+00
   3   2   1   6  0.46259292692715D-17  0.00000000000000D+00
   1   3   1   6 -0.44680506268541D+02  0.00000000000000D+00
   2   3   1   6  0.00000000000000D+00  0.00000000000000D+00
   3   3   1   6  0.74014868308344D-16  0.00000000000000D+00
   1   4   1   6 -0.44680506267225D+02  0.00000000000000D+00
   2   4   1   6  0.00000000000000D+00  0.00000000000000D+00
   3   4   1   6 -0.74014868308344D-16  0.00000000000000D+00
   3   6   1   6  0.00000000000000D+00  0.00000000000000D+00
   1   1   2   6  0.00000000000000D+00  0.00000000000000D+00
   2   1   2   6 -0.60502193008499D+01  0.00000000000000D+00
   3   1   2   6  0.46259292692715D-17  0.00000000000000D+00
   1   2   2   6  0.00000000000000D+00  0.00000000000000D+00
   2   2   2   6 -0.60502193014077D+01  0.00000000000000D+00
   3   2   2   6  0.00000000000000D+00  0.00000000000000D+00
   1   3   2   6  0.00000000000000D+00  0.00000000000000D+00
   2   3   2   6 -0.44680506267225D+02  0.00000000000000D+00
   3   3   2   6 -0.74014868308344D-16  0.00000000000000D+00
   1   4   2   6  0.00000000000000D+00  0.00000000000000D+00
   2   4   2   6 -0.44680506268541D+02  0.00000000000000D+00
   3   4   2   6  0.74014868308344D-16  0.00000000000000D+00
   3   6   2   6  0.00000000000000D+00  0.00000000000000D+00
   1   1   3   6  0.00000000000000D+00  0.00000000000000D+00
   2   1   3   6  0.00000000000000D+00  0.00000000000000D+00
   3   1   3   6 -0.49630756668129D+01  0.00000000000000D+00
   1   2   3   6  0.00000000000000D+00  0.00000000000000D+00
   2   2   3   6  0.00000000000000D+00  0.00000000000000D+00
   3   2   3   6 -0.49630756668129D+01  0.00000000000000D+00
   1   3   3   6  0.00000000000000D+00  0.00000000000000D+00
   2   3   3   6  0.00000000000000D+00  0.00000000000000D+00
   3   3   3   6 -0.45295295450814D+02  0.00000000000000D+00
   1   4   3   6  0.00000000000000D+00  0.00000000000000D+00
   2   4   3   6  0.00000000000000D+00  0.00000000000000D+00
   3   4   3   6 -0.45295295450814D+02  0.00000000000000D+00
   1   6   3   6  0.00000000000000D+00  0.00000000000000D+00
   2   6   3   6  0.00000000000000D+00  0.00000000000000D+00
   1   1   1   7 -0.82673280239803D+00  0.00000000000000D+00
   2   1   1   7  0.82673280256107D+00  0.00000000000000D+00
   3   1   1   7  0.11398793761006D+01  0.00000000000000D+00
   1   2   1   7  0.82673280158369D+00  0.00000000000000D+00
   2   2   1   7 -0.82673280142606D+00  0.00000000000000D+00
   3   2   1   7  0.11398793769442D+01  0.00000000000000D+00
   1   3   1   7 -0.97417497806295D+00  0.00000000000000D+00
   2   3   1   7  0.97417497823979D+00  0.00000000000000D+00
   3   3   1   7 -0.11398820885717D+01  0.00000000000000D+00
   1   4   1   7  0.97417498690780D+00  0.00000000000000D+00
   2   4   1   7 -0.97417498673179D+00  0.00000000000000D+00
   3   4   1   7 -0.11398820899776D+01  0.00000000000000D+00
   1   6   1   7  0.00000000000000D+00  0.00000000000000D+00
   2   6   1   7  0.00000000000000D+00  0.00000000000000D+00
   3   6   1   7  0.20658332797061D+01  0.00000000000000D+00
   1   7   1   7  0.33443795823337D+01  0.00000000000000D+00
   2   7   1   7  0.78477304358903D+00  0.00000000000000D+00
   3   7   1   7  0.42019296789930D+00  0.00000000000000D+00
   1   8   1   7  0.94722896478466D-10  0.00000000000000D+00
   2   8   1   7 -0.10822489186824D-09  0.00000000000000D+00
   3   8   1   7 -0.12751924340492D-09  0.00000000000000D+00
   1   1   2   7  0.82673280131629D+00  0.00000000000000D+00
   2   1   2   7 -0.82673280140984D+00  0.00000000000000D+00
   3   1   2   7  0.11398793727093D+01  0.00000000000000D+00
   1   2   2   7 -0.82673280095296D+00  0.00000000000000D+00
   2   2   2   7  0.82673280085715D+00  0.00000000000000D+00
   3   2   2   7  0.11398793695638D+01  0.00000000000000D+00
   1   3   2   7  0.97417498298615D+00  0.00000000000000D+00
   2   3   2   7 -0.97417498289940D+00  0.00000000000000D+00
   3   3   2   7 -0.11398820250414D+01  0.00000000000000D+00
   1   4   2   7 -0.97417498949965D+00  0.00000000000000D+00
   2   4   2   7  0.97417498958588D+00  0.00000000000000D+00
   3   4   2   7 -0.11398820244835D+01  0.00000000000000D+00
   1   6   2   7  0.00000000000000D+00  0.00000000000000D+00
   2   6   2   7  0.00000000000000D+00  0.00000000000000D+00
   3   6   2   7  0.20658333001429D+01  0.00000000000000D+00
   1   7   2   7  0.78477303969380D+00  0.00000000000000D+00
   2   7   2   7  0.33443795750225D+01  0.00000000000000D+00
   3   7   2   7  0.42019296769209D+00  0.00000000000000D+00
   1   8   2   7  0.52661533852493D-09  0.00000000000000D+00
   2   8   2   7  0.20410774468197D-09  0.00000000000000D+00
   3   8   2   7 -0.30183042651814D-10  0.00000000000000D+00
   1   1   3   7 -0.88873705680602D-09  0.00000000000000D+00
   2   1   3   7  0.10485786128834D-08  0.00000000000000D+00
   3   1   3   7 -0.22895291201762D+01  0.00000000000000D+00
   1   2   3   7 -0.88055868530151D-09  0.00000000000000D+00
   2   2   3   7  0.10276694822979D-08  0.00000000000000D+00
   3   2   3   7 -0.22895291152059D+01  0.00000000000000D+00
   1   3   3   7 -0.92577813878204D-09  0.00000000000000D+00
   2   3   3   7  0.11022181014457D-08  0.00000000000000D+00
   3   3   3   7  0.22895261494149D+01  0.00000000000000D+00
   1   4   3   7 -0.91451498463413D-09  0.00000000000000D+00
   2   4   3   7  0.10905902164416D-08  0.00000000000000D+00
   3   4   3   7  0.22895261486464D+01  0.00000000000000D+00
   1   6   3   7  0.00000000000000D+00  0.00000000000000D+00
   2   6   3   7  0.46259292692715D-17  0.00000000000000D+00
   3   6   3   7 -0.40436912547699D+01  0.00000000000000D+00
   1   7   3   7  0.42019296375922D+00  0.00000000000000D+00
   2   7   3   7  0.42019296349616D+00  0.00000000000000D+00
   3   7   3   7  0.37906311790286D+01  0.00000000000000D+00
   1   8   3   7  0.70146736255858D-09  0.00000000000000D+00
   2   8   3   7  0.15291776529272D-09  0.00000000000000D+00
   3   8   3   7 -0.13470715758473D-10  0.00000000000000D+00
   1   1   1   8  0.38351183788849D+00  0.00000000000000D+00
   2   1   1   8  0.38351183784099D+00  0.00000000000000D+00
   3   1   1   8 -0.30168122533141D-09  0.00000000000000D+00
   1   2   1   8  0.38351183803477D+00  0.00000000000000D+00
   2   2   1   8  0.38351183807750D+00  0.00000000000000D+00
   3   2   1   8 -0.30379986950392D-09  0.00000000000000D+00
   1   3   1   8 -0.38351259835669D+00  0.00000000000000D+00
   2   3   1   8 -0.38351259838482D+00  0.00000000000000D+00
   3   3   1   8 -0.36954768417824D-09  0.00000000000000D+00
   1   4   1   8 -0.38351259837664D+00  0.00000000000000D+00
   2   4   1   8 -0.38351259834878D+00  0.00000000000000D+00
   3   4   1   8 -0.36946098548532D-09  0.00000000000000D+00
   1   6   1   8  0.33723777267418D+01  0.00000000000000D+00
   2   6   1   8  0.33723777267418D+01  0.00000000000000D+00
   3   6   1   8  0.19076089452096D-09  0.00000000000000D+00
   1   7   1   8 -0.95060425957500D-10  0.00000000000000D+00
   2   7   1   8 -0.23172350138172D-09  0.00000000000000D+00
   3   7   1   8 -0.39896689675307D-09  0.00000000000000D+00
   1   8   1   8  0.85645387334608D+00  0.00000000000000D+00
   2   8   1   8 -0.13126435542860D-10  0.00000000000000D+00
   3   8   1   8  0.11005912566839D-09  0.00000000000000D+00
   1   1   2   8  0.66426199164970D+00  0.00000000000000D+00
   2   1   2   8 -0.66426199163604D+00  0.00000000000000D+00
   3   1   2   8  0.12145313675376D-07  0.00000000000000D+00
   1   2   2   8  0.66426199380559D+00  0.00000000000000D+00
   2   2   2   8 -0.66426199381639D+00  0.00000000000000D+00
   3   2   2   8 -0.13817188075300D-07  0.00000000000000D+00
   1   3   2   8 -0.66426339543755D+00  0.00000000000000D+00
   2   3   2   8  0.66426339543879D+00  0.00000000000000D+00
   3   3   2   8 -0.18503267783164D-06  0.00000000000000D+00
   1   4   2   8 -0.66426339633504D+00  0.00000000000000D+00
   2   4   2   8  0.66426339633448D+00  0.00000000000000D+00
   3   4   2   8  0.19337319087609D-06  0.00000000000000D+00
   1   6   2   8  0.19470431202502D+01  0.00000000000000D+00
   2   6   2   8 -0.19470431202502D+01  0.00000000000000D+00
   3   6   2   8  0.15114599948149D-08  0.00000000000000D+00
   1   7   2   8  0.31845563847242D-09  0.00000000000000D+00
   2   7   2   8  0.24563179506799D-09  0.00000000000000D+00
   3   7   2   8  0.11505786582961D-08  0.00000000000000D+00
   1   8   2   8 -0.13126695199594D-10  0.00000000000000D+00
   2   8   2   8  0.85645388297889D+00  0.00000000000000D+00
   3   8   2   8  0.96995584951853D-10  0.00000000000000D+00
   1   1   3   8  0.47731440406627D+00  0.00000000000000D+00
   2   1   3   8  0.47731440141749D+00  0.00000000000000D+00
   3   1   3   8  0.11428690395188D-08  0.00000000000000D+00
   1   2   3   8 -0.47731440408513D+00  0.00000000000000D+00
   2   2   3   8 -0.47731440100824D+00  0.00000000000000D+00
   3   2   3   8  0.11054477769711D-08  0.00000000000000D+00
   1   3   3   8  0.56244017711628D+00  0.00000000000000D+00
   2   3   3   8  0.56244016567986D+00  0.00000000000000D+00
   3   3   3   8 -0.12556090712682D-07  0.00000000000000D+00
   1   4   3   8 -0.56244017688823D+00  0.00000000000000D+00
   2   4   3   8 -0.56244016529839D+00  0.00000000000000D+00
   3   4   3   8 -0.12559514782191D-07  0.00000000000000D+00
   1   6   3   8  0.00000000000000D+00  0.00000000000000D+00
   2   6   3   8  0.00000000000000D+00  0.00000000000000D+00
   3   6   3   8 -0.36827757573871D-08  0.00000000000000D+00
   1   7   3   8  0.80336380489023D-09  0.00000000000000D+00
   2   7   3   8  0.19387047735500D-08  0.00000000000000D+00
   3   7   3   8 -0.22593862612123D-08  0.00000000000000D+00
   1   8   3   8  0.10773033752556D-09  0.00000000000000D+00
   2   8   3   8  0.96995881725018D-10  0.00000000000000D+00
   3   8   3   8  0.12798032623707D+01  0.00000000000000D+00

 List of bloks and their characteristics 
  
 Total energy                 - # elements :       1
  
 1st derivatives              - # elements :      18
  
 2nd derivatives (non-stat.)  - # elements :     346
 qpt  0.00000000E+00  0.00000000E+00  0.00000000E+00   1.0
