
 **** DERIVATIVE DATABASE ****    
+DDB, Version number    100401

 DDB file merged by ElasticWork on Mon Aug 13 17:50:54 2018

    usepaw         0
     natom         4
      nkpt         2
    nsppol         1
      nsym        12
    ntypat         2
    occopt         1
     nband         8
     acell  0.10000000000000D+01  0.10000000000000D+01  0.10000000000000D+01
       amu  0.26981539000000D+02  0.74921590000000D+02
   dilatmx  0.10000000000000D+01
      ecut  0.60000000000000D+01
    ecutsm  0.50000000000000D+00
     intxc         0
      iscf         7
       ixc         1
       kpt  0.00000000000000D+00  0.00000000000000D+00  0.25000000000000D+00
            0.50000000000000D+00  0.00000000000000D+00  0.25000000000000D+00
    kptnrm  0.10000000000000D+01
     ngfft        18   18   30
    nspden         1
   nspinor         1
       occ  0.20000000000000D+01  0.20000000000000D+01  0.20000000000000D+01
            0.20000000000000D+01  0.20000000000000D+01  0.20000000000000D+01
            0.20000000000000D+01  0.20000000000000D+01
     rprim  0.65289350475000D+01  0.37694824072000D+01  0.00000000000000D+00
           -0.65289350475000D+01  0.37694824072000D+01  0.00000000000000D+00
            0.00000000000000D+00  0.00000000000000D+00  0.12277795374000D+02
  dfpt_sciss  0.00000000000000D+00
    spinat  0.00000000000000D+00  0.00000000000000D+00  0.00000000000000D+00
            0.00000000000000D+00  0.00000000000000D+00  0.00000000000000D+00
            0.00000000000000D+00  0.00000000000000D+00  0.00000000000000D+00
            0.00000000000000D+00  0.00000000000000D+00  0.00000000000000D+00
    symafm         1    1    1    1    1    1    1    1    1    1    1    1
    symrel         1    0    0    0    1    0    0    0    1
                   0    1    0    1    0    0    0    0    1
                   1    1    0   -1    0    0    0    0    1
                  -1    0    0    1    1    0    0    0    1
                   0    1    0   -1   -1    0    0    0    1
                  -1   -1    0    0    1    0    0    0    1
                  -1    0    0    0   -1    0    0    0    1
                   0   -1    0   -1    0    0    0    0    1
                  -1   -1    0    1    0    0    0    0    1
                   1    0    0   -1   -1    0    0    0    1
                   0   -1    0    1    1    0    0    0    1
                   1    1    0    0   -1    0    0    0    1
     tnons  0.00000000000000D+00  0.00000000000000D+00  0.00000000000000D+00
            0.00000000000000D+00  0.00000000000000D+00  0.50000000000000D+00
            0.10000000827404D-09  0.00000000000000D+00  0.50000000000000D+00
           -0.99999897251735D-10  0.00000000000000D+00  0.00000000000000D+00
            0.00000000000000D+00  0.10000000827404D-09  0.00000000000000D+00
            0.00000000000000D+00 -0.99999897251735D-10  0.50000000000000D+00
            0.00000000000000D+00  0.00000000000000D+00  0.50000000000000D+00
            0.00000000000000D+00  0.00000000000000D+00  0.00000000000000D+00
           -0.99999897251735D-10  0.00000000000000D+00  0.00000000000000D+00
            0.10000000827404D-09  0.00000000000000D+00  0.50000000000000D+00
            0.00000000000000D+00 -0.99999897251735D-10  0.50000000000000D+00
            0.00000000000000D+00  0.10000000827404D-09  0.00000000000000D+00
    tolwfr  0.10000000000000D+01
   tphysel  0.00000000000000D+00
    tsmear  0.10000000000000D-01
     typat         1    1    2    2
       wtk  0.25000000000000D+00  0.75000000000000D+00
      xred  0.33333333333333D+00  0.66666666666667D+00  0.11102230246252D-15
            0.66666666666667D+00  0.33333333333333D+00  0.50000000000000D+00
            0.33333333333333D+00  0.66666666666667D+00  0.37608588370000D+00
            0.66666666666667D+00  0.33333333333333D+00  0.87608588370000D+00
     znucl  0.13000000000000D+02  0.33000000000000D+02
      zion  0.30000000000000D+01  0.50000000000000D+01
 
  Description of the potentials (KB energies)
  vrsio8 (for pseudopotentials)=100401
  usepaw =  0
  dimekb =  2       lmnmax=  2
  Atom type=    1   pspso=  0   nekb=   2
  iln lpsang iproj  ekb(:)
     1     0     1     2.5406576E+00  0.0000000E+00
     2     1     1     0.0000000E+00  1.3538152E+00
  Atom type=    2   pspso=  0   nekb=   1
  iln lpsang iproj  ekb(:)
     1     0     1     8.3875106E-01
 
 **** Database of total energy derivatives ****
 Number of data blocks=    3
  
 Total energy                 - # elements :       1
 -0.20203201944608D+02  0.00000000000000D+00
  
 1st derivatives              - # elements :      18
   1   1  0.00000000000000D+00  0.00000000000000D+00
   2   1  0.00000000000000D+00  0.00000000000000D+00
   3   1  0.11458942792724D-01  0.00000000000000D+00
   1   2  0.00000000000000D+00  0.00000000000000D+00
   2   2  0.00000000000000D+00  0.00000000000000D+00
   3   2  0.11458942792724D-01  0.00000000000000D+00
   1   3  0.00000000000000D+00  0.00000000000000D+00
   2   3  0.00000000000000D+00  0.00000000000000D+00
   3   3 -0.11458895323068D-01  0.00000000000000D+00
   1   4  0.00000000000000D+00  0.00000000000000D+00
   2   4  0.00000000000000D+00  0.00000000000000D+00
   3   4 -0.11458895323068D-01  0.00000000000000D+00
   1   7 -0.18904691688104D-03  0.00000000000000D+00
   2   7 -0.18904691688608D-03  0.00000000000000D+00
   3   7  0.10248357316870D-03  0.00000000000000D+00
   1   8  0.00000000000000D+00  0.00000000000000D+00
   2   8  0.00000000000000D+00  0.00000000000000D+00
   3   8  0.00000000000000D+00  0.00000000000000D+00
  
 2nd derivatives (non-stat.)  - # elements :     346
 qpt  0.00000000E+00  0.00000000E+00  0.00000000E+00   1.0
   1   1   1   1  0.57579348616139D+01  0.00000000000000D+00
   2   1   1   1 -0.28789674317655D+01  0.00000000000000D+00
   3   1   1   1  0.00000000000000D+00  0.00000000000000D+00
   1   2   1   1  0.75581353896161D-01  0.57495452329496D-16
   2   2   1   1 -0.37790676990675D-01 -0.12944481021547D-15
   3   2   1   1  0.00000000000000D+00  0.00000000000000D+00
   1   3   1   1 -0.27816204541936D+00 -0.27999976405949D-15
   2   3   1   1  0.13908102271501D+00  0.47385498987791D-16
   3   3   1   1  0.00000000000000D+00  0.00000000000000D+00
   1   4   1   1 -0.55553527753577D+01 -0.29444183163339D-15
   2   4   1   1  0.27776763868388D+01  0.92955154589694D-16
   3   4   1   1  0.00000000000000D+00  0.00000000000000D+00
   1   6   1   1 -0.12963764531065D+02  0.00000000000000D+00
   2   6   1   1  0.00000000000000D+00  0.00000000000000D+00
   3   6   1   1  0.00000000000000D+00  0.00000000000000D+00
   1   1   2   1 -0.28789674317655D+01  0.00000000000000D+00
   2   1   2   1  0.57579348616139D+01  0.00000000000000D+00
   3   1   2   1  0.00000000000000D+00  0.00000000000000D+00
   1   2   2   1 -0.37790676948788D-01 -0.12944481021547D-15
   2   2   2   1  0.75581353896162D-01  0.45047519490260D-17
   3   2   2   1  0.00000000000000D+00  0.00000000000000D+00
   1   3   2   1  0.13908102312572D+00  0.47385498987791D-16
   2   3   2   1 -0.27816204541936D+00  0.14777864601599D-15
   3   3   2   1  0.00000000000000D+00  0.00000000000000D+00
   1   4   2   1  0.27776763876730D+01  0.92955154589694D-16
   2   4   2   1 -0.55553527753576D+01  0.29066851211985D-15
   3   4   2   1  0.00000000000000D+00  0.00000000000000D+00
   1   6   2   1  0.00000000000000D+00  0.00000000000000D+00
   2   6   2   1 -0.12963764533536D+02  0.00000000000000D+00
   3   6   2   1  0.00000000000000D+00  0.00000000000000D+00
   1   1   3   1  0.00000000000000D+00  0.00000000000000D+00
   2   1   3   1  0.00000000000000D+00  0.00000000000000D+00
   3   1   3   1  0.15837440361681D+02  0.00000000000000D+00
   1   2   3   1  0.00000000000000D+00  0.00000000000000D+00
   2   2   3   1  0.00000000000000D+00  0.00000000000000D+00
   3   2   3   1 -0.24053811314195D+01 -0.49010713220847D-16
   1   3   3   1  0.00000000000000D+00  0.00000000000000D+00
   2   3   3   1  0.00000000000000D+00  0.00000000000000D+00
   3   3   3   1 -0.81377229789590D+01  0.19000217783455D-15
   1   4   3   1  0.00000000000000D+00  0.00000000000000D+00
   2   4   3   1  0.00000000000000D+00  0.00000000000000D+00
   3   4   3   1 -0.52943388641241D+01  0.63061857364518D-15
   1   6   3   1  0.00000000000000D+00  0.00000000000000D+00
   2   6   3   1  0.00000000000000D+00  0.00000000000000D+00
   3   6   3   1 -0.41056746178937D+01  0.00000000000000D+00
   1   1   1   2  0.75581353896161D-01 -0.57495452329496D-16
   2   1   1   2 -0.37790676948788D-01  0.12944481021547D-15
   3   1   1   2  0.00000000000000D+00  0.00000000000000D+00
   1   2   1   2  0.57579348616139D+01  0.00000000000000D+00
   2   2   1   2 -0.28789674317654D+01  0.00000000000000D+00
   3   2   1   2  0.00000000000000D+00  0.00000000000000D+00
   1   3   1   2 -0.55553527753576D+01  0.41532290261413D-16
   2   3   1   2  0.27776763876730D+01  0.20516807156257D-16
   3   3   1   2  0.00000000000000D+00  0.00000000000000D+00
   1   4   1   2 -0.27816204541936D+00  0.23760863577876D-15
   2   4   1   2  0.13908102312571D+00 -0.75715946495543D-16
   3   4   1   2  0.00000000000000D+00  0.00000000000000D+00
   1   6   1   2 -0.12963764533536D+02  0.00000000000000D+00
   2   6   1   2  0.00000000000000D+00  0.00000000000000D+00
   3   6   1   2  0.00000000000000D+00  0.00000000000000D+00
   1   1   2   2 -0.37790676990675D-01  0.12944481021547D-15
   2   1   2   2  0.75581353896162D-01 -0.45047519490260D-17
   3   1   2   2  0.00000000000000D+00  0.00000000000000D+00
   1   2   2   2 -0.28789674317654D+01  0.00000000000000D+00
   2   2   2   2  0.57579348616139D+01  0.00000000000000D+00
   3   2   2   2  0.00000000000000D+00  0.00000000000000D+00
   1   3   2   2  0.27776763868388D+01  0.20516807156257D-16
   2   3   2   2 -0.55553527753577D+01 -0.68268081726343D-16
   3   3   2   2  0.00000000000000D+00  0.00000000000000D+00
   1   4   2   2  0.13908102271501D+00 -0.75715946495543D-16
   2   4   2   2 -0.27816204541936D+00 -0.29397482535802D-15
   3   4   2   2  0.00000000000000D+00  0.00000000000000D+00
   1   6   2   2  0.00000000000000D+00  0.00000000000000D+00
   2   6   2   2 -0.12963764531065D+02  0.00000000000000D+00
   3   6   2   2  0.00000000000000D+00  0.00000000000000D+00
   1   1   3   2  0.00000000000000D+00  0.00000000000000D+00
   2   1   3   2  0.00000000000000D+00  0.00000000000000D+00
   3   1   3   2 -0.24053811314195D+01  0.49010713220847D-16
   1   2   3   2  0.00000000000000D+00  0.00000000000000D+00
   2   2   3   2  0.00000000000000D+00  0.00000000000000D+00
   3   2   3   2  0.15837440361681D+02  0.00000000000000D+00
   1   3   3   2  0.00000000000000D+00  0.00000000000000D+00
   2   3   3   2  0.00000000000000D+00  0.00000000000000D+00
   3   3   3   2 -0.52943388641241D+01  0.21560860890834D-15
   1   4   3   2  0.00000000000000D+00  0.00000000000000D+00
   2   4   3   2  0.00000000000000D+00  0.00000000000000D+00
   3   4   3   2 -0.81377229789590D+01  0.25365589259802D-15
   1   6   3   2  0.00000000000000D+00  0.00000000000000D+00
   2   6   3   2  0.00000000000000D+00  0.00000000000000D+00
   3   6   3   2 -0.41056746178937D+01  0.00000000000000D+00
   1   1   1   3 -0.27816204541936D+00  0.27999976405949D-15
   2   1   1   3  0.13908102312572D+00 -0.47385498987791D-16
   3   1   1   3  0.00000000000000D+00  0.00000000000000D+00
   1   2   1   3 -0.55553527753576D+01 -0.41532290261413D-16
   2   2   1   3  0.27776763868388D+01 -0.20516807156257D-16
   3   2   1   3  0.00000000000000D+00  0.00000000000000D+00
   1   3   1   3  0.56761664937406D+01  0.00000000000000D+00
   2   3   1   3 -0.28380832477386D+01  0.00000000000000D+00
   3   3   1   3  0.00000000000000D+00  0.00000000000000D+00
   1   4   1   3  0.15735529769771D+00  0.33741613535246D-15
   2   4   1   3 -0.78677656022989D-01 -0.82315592705474D-16
   3   4   1   3  0.00000000000000D+00  0.00000000000000D+00
   1   6   1   3 -0.75774928393255D+02  0.00000000000000D+00
   2   6   1   3  0.00000000000000D+00  0.00000000000000D+00
   3   6   1   3  0.00000000000000D+00  0.00000000000000D+00
   1   1   2   3  0.13908102271501D+00 -0.47385498987791D-16
   2   1   2   3 -0.27816204541936D+00 -0.14777864601599D-15
   3   1   2   3  0.00000000000000D+00  0.00000000000000D+00
   1   2   2   3  0.27776763876730D+01 -0.20516807156257D-16
   2   2   2   3 -0.55553527753577D+01  0.68268081726343D-16
   3   2   2   3  0.00000000000000D+00  0.00000000000000D+00
   1   3   2   3 -0.28380832477386D+01  0.00000000000000D+00
   2   3   2   3  0.56761664937406D+01  0.00000000000000D+00
   3   3   2   3  0.00000000000000D+00  0.00000000000000D+00
   1   4   2   3 -0.78677648850817D-01 -0.82315592705474D-16
   2   4   2   3  0.15735529769770D+00  0.18744764356857D-15
   3   4   2   3  0.00000000000000D+00  0.00000000000000D+00
   1   6   2   3  0.00000000000000D+00  0.00000000000000D+00
   2   6   2   3 -0.75774928389861D+02  0.00000000000000D+00
   3   6   2   3  0.00000000000000D+00  0.00000000000000D+00
   1   1   3   3  0.00000000000000D+00  0.00000000000000D+00
   2   1   3   3  0.00000000000000D+00  0.00000000000000D+00
   3   1   3   3 -0.81377229789590D+01 -0.19000217783455D-15
   1   2   3   3  0.00000000000000D+00  0.00000000000000D+00
   2   2   3   3  0.00000000000000D+00  0.00000000000000D+00
   3   2   3   3 -0.52943388641241D+01 -0.21560860890834D-15
   1   3   3   3  0.00000000000000D+00  0.00000000000000D+00
   2   3   3   3  0.00000000000000D+00  0.00000000000000D+00
   3   3   3   3  0.15020058250395D+02  0.00000000000000D+00
   1   4   3   3  0.00000000000000D+00  0.00000000000000D+00
   2   4   3   3  0.00000000000000D+00  0.00000000000000D+00
   3   4   3   3 -0.15879907477334D+01 -0.10823166460523D-15
   1   6   3   3  0.18503717077086D-16  0.00000000000000D+00
   2   6   3   3 -0.92518585385430D-17  0.00000000000000D+00
   3   6   3   3 -0.41524890677494D+02  0.00000000000000D+00
   1   1   1   4 -0.55553527753577D+01  0.29444183163339D-15
   2   1   1   4  0.27776763876730D+01 -0.92955154589694D-16
   3   1   1   4  0.00000000000000D+00  0.00000000000000D+00
   1   2   1   4 -0.27816204541936D+00 -0.23760863577876D-15
   2   2   1   4  0.13908102271501D+00  0.75715946495543D-16
   3   2   1   4  0.00000000000000D+00  0.00000000000000D+00
   1   3   1   4  0.15735529769771D+00 -0.33741613535246D-15
   2   3   1   4 -0.78677648850817D-01  0.82315592705474D-16
   3   3   1   4  0.00000000000000D+00  0.00000000000000D+00
   1   4   1   4  0.56761664937406D+01  0.00000000000000D+00
   2   4   1   4 -0.28380832477386D+01  0.00000000000000D+00
   3   4   1   4  0.00000000000000D+00  0.00000000000000D+00
   1   6   1   4 -0.75774928389861D+02  0.00000000000000D+00
   2   6   1   4  0.00000000000000D+00  0.00000000000000D+00
   3   6   1   4  0.00000000000000D+00  0.00000000000000D+00
   1   1   2   4  0.27776763868388D+01 -0.92955154589694D-16
   2   1   2   4 -0.55553527753576D+01 -0.29066851211985D-15
   3   1   2   4  0.00000000000000D+00  0.00000000000000D+00
   1   2   2   4  0.13908102312571D+00  0.75715946495543D-16
   2   2   2   4 -0.27816204541936D+00  0.29397482535802D-15
   3   2   2   4  0.00000000000000D+00  0.00000000000000D+00
   1   3   2   4 -0.78677656022989D-01  0.82315592705474D-16
   2   3   2   4  0.15735529769770D+00 -0.18744764356857D-15
   3   3   2   4  0.00000000000000D+00  0.00000000000000D+00
   1   4   2   4 -0.28380832477386D+01  0.00000000000000D+00
   2   4   2   4  0.56761664937406D+01  0.00000000000000D+00
   3   4   2   4  0.00000000000000D+00  0.00000000000000D+00
   1   6   2   4  0.00000000000000D+00  0.00000000000000D+00
   2   6   2   4 -0.75774928393255D+02  0.00000000000000D+00
   3   6   2   4  0.00000000000000D+00  0.00000000000000D+00
   1   1   3   4  0.00000000000000D+00  0.00000000000000D+00
   2   1   3   4  0.00000000000000D+00  0.00000000000000D+00
   3   1   3   4 -0.52943388641241D+01 -0.63061857364518D-15
   1   2   3   4  0.00000000000000D+00  0.00000000000000D+00
   2   2   3   4  0.00000000000000D+00  0.00000000000000D+00
   3   2   3   4 -0.81377229789590D+01 -0.25365589259802D-15
   1   3   3   4  0.00000000000000D+00  0.00000000000000D+00
   2   3   3   4  0.00000000000000D+00  0.00000000000000D+00
   3   3   3   4 -0.15879907477334D+01  0.10823166460523D-15
   1   4   3   4  0.00000000000000D+00  0.00000000000000D+00
   2   4   3   4  0.00000000000000D+00  0.00000000000000D+00
   3   4   3   4  0.15020058250395D+02  0.00000000000000D+00
   1   6   3   4 -0.92518585385430D-17  0.00000000000000D+00
   2   6   3   4  0.18503717077086D-16  0.00000000000000D+00
   3   6   3   4 -0.41524890677494D+02  0.00000000000000D+00
   1   1   1   6 -0.12963764531065D+02  0.00000000000000D+00
   2   1   1   6  0.00000000000000D+00  0.00000000000000D+00
   3   1   1   6  0.00000000000000D+00  0.00000000000000D+00
   1   2   1   6 -0.12963764533536D+02  0.00000000000000D+00
   2   2   1   6  0.00000000000000D+00  0.00000000000000D+00
   3   2   1   6  0.00000000000000D+00  0.00000000000000D+00
   1   3   1   6 -0.75774928393255D+02  0.00000000000000D+00
   2   3   1   6  0.00000000000000D+00  0.00000000000000D+00
   3   3   1   6  0.18503717077086D-16  0.00000000000000D+00
   1   4   1   6 -0.75774928389861D+02  0.00000000000000D+00
   2   4   1   6  0.00000000000000D+00  0.00000000000000D+00
   3   4   1   6 -0.92518585385430D-17  0.00000000000000D+00
   3   6   1   6  0.00000000000000D+00  0.00000000000000D+00
   1   1   2   6  0.00000000000000D+00  0.00000000000000D+00
   2   1   2   6 -0.12963764533536D+02  0.00000000000000D+00
   3   1   2   6  0.00000000000000D+00  0.00000000000000D+00
   1   2   2   6  0.00000000000000D+00  0.00000000000000D+00
   2   2   2   6 -0.12963764531065D+02  0.00000000000000D+00
   3   2   2   6  0.00000000000000D+00  0.00000000000000D+00
   1   3   2   6  0.00000000000000D+00  0.00000000000000D+00
   2   3   2   6 -0.75774928389861D+02  0.00000000000000D+00
   3   3   2   6 -0.92518585385430D-17  0.00000000000000D+00
   1   4   2   6  0.00000000000000D+00  0.00000000000000D+00
   2   4   2   6 -0.75774928393255D+02  0.00000000000000D+00
   3   4   2   6  0.18503717077086D-16  0.00000000000000D+00
   3   6   2   6  0.00000000000000D+00  0.00000000000000D+00
   1   1   3   6  0.00000000000000D+00  0.00000000000000D+00
   2   1   3   6  0.00000000000000D+00  0.00000000000000D+00
   3   1   3   6 -0.41056746178937D+01  0.00000000000000D+00
   1   2   3   6  0.00000000000000D+00  0.00000000000000D+00
   2   2   3   6  0.00000000000000D+00  0.00000000000000D+00
   3   2   3   6 -0.41056746178937D+01  0.00000000000000D+00
   1   3   3   6  0.00000000000000D+00  0.00000000000000D+00
   2   3   3   6  0.00000000000000D+00  0.00000000000000D+00
   3   3   3   6 -0.41524890677494D+02  0.00000000000000D+00
   1   4   3   6  0.00000000000000D+00  0.00000000000000D+00
   2   4   3   6  0.00000000000000D+00  0.00000000000000D+00
   3   4   3   6 -0.41524890677494D+02  0.00000000000000D+00
   1   6   3   6  0.00000000000000D+00  0.00000000000000D+00
   2   6   3   6  0.00000000000000D+00  0.00000000000000D+00
   1   1   1   7 -0.84452677608507D+00  0.00000000000000D+00
   2   1   1   7  0.84452677631349D+00  0.00000000000000D+00
   3   1   1   7  0.83941351179990D+00  0.00000000000000D+00
   1   2   1   7  0.84452677505271D+00  0.00000000000000D+00
   2   2   1   7 -0.84452677482382D+00  0.00000000000000D+00
   3   2   1   7  0.83941351316443D+00  0.00000000000000D+00
   1   3   1   7 -0.91887008196080D+00  0.00000000000000D+00
   2   3   1   7  0.91887008211116D+00  0.00000000000000D+00
   3   3   1   7 -0.83941625637796D+00  0.00000000000000D+00
   1   4   1   7  0.91887009040926D+00  0.00000000000000D+00
   2   4   1   7 -0.91887009026111D+00  0.00000000000000D+00
   3   4   1   7 -0.83941625788031D+00  0.00000000000000D+00
   1   6   1   7  0.00000000000000D+00  0.00000000000000D+00
   2   6   1   7  0.00000000000000D+00  0.00000000000000D+00
   3   6   1   7  0.20364918002642D+01  0.00000000000000D+00
   1   7   1   7  0.36541120899722D+01  0.00000000000000D+00
   2   7   1   7  0.78639943931995D+00  0.00000000000000D+00
   3   7   1   7  0.35372231139196D+00  0.00000000000000D+00
   1   8   1   7  0.10467702834783D-10  0.00000000000000D+00
   2   8   1   7 -0.51507674414202D-10  0.00000000000000D+00
   3   8   1   7 -0.40602495516228D-09  0.00000000000000D+00
   1   1   2   7  0.84452678613368D+00  0.00000000000000D+00
   2   1   2   7 -0.84452678643529D+00  0.00000000000000D+00
   3   1   2   7  0.83941349356663D+00  0.00000000000000D+00
   1   2   2   7 -0.84452678561154D+00  0.00000000000000D+00
   2   2   2   7  0.84452678531024D+00  0.00000000000000D+00
   3   2   2   7  0.83941349001124D+00  0.00000000000000D+00
   1   3   2   7  0.91887014762655D+00  0.00000000000000D+00
   2   3   2   7 -0.91887014759849D+00  0.00000000000000D+00
   3   3   2   7 -0.83941604907807D+00  0.00000000000000D+00
   1   4   2   7 -0.91887015431947D+00  0.00000000000000D+00
   2   4   2   7  0.91887015434551D+00  0.00000000000000D+00
   3   4   2   7 -0.83941604847859D+00  0.00000000000000D+00
   1   6   2   7  0.00000000000000D+00  0.00000000000000D+00
   2   6   2   7  0.00000000000000D+00  0.00000000000000D+00
   3   6   2   7  0.20364918625177D+01  0.00000000000000D+00
   1   7   2   7  0.78639941642600D+00  0.00000000000000D+00
   2   7   2   7  0.36541120818506D+01  0.00000000000000D+00
   3   7   2   7  0.35372232179448D+00  0.00000000000000D+00
   1   8   2   7  0.10878805674900D-10  0.00000000000000D+00
   2   8   2   7  0.23567206924706D-09  0.00000000000000D+00
   3   8   2   7  0.22667216087904D-09  0.00000000000000D+00
   1   1   3   7 -0.77469149036462D-09  0.00000000000000D+00
   2   1   3   7  0.92892942709699D-09  0.00000000000000D+00
   3   1   3   7 -0.20225525620928D+01  0.00000000000000D+00
   1   2   3   7 -0.73403278675169D-09  0.00000000000000D+00
   2   2   3   7  0.88655694015534D-09  0.00000000000000D+00
   3   2   3   7 -0.20225525566123D+01  0.00000000000000D+00
   1   3   3   7 -0.83694779148945D-09  0.00000000000000D+00
   2   3   3   7  0.98153084988693D-09  0.00000000000000D+00
   3   3   3   7  0.20225495819123D+01  0.00000000000000D+00
   1   4   3   7 -0.82736747273065D-09  0.00000000000000D+00
   2   4   3   7  0.96990151110233D-09  0.00000000000000D+00
   3   4   3   7  0.20225495810994D+01  0.00000000000000D+00
   1   6   3   7  0.00000000000000D+00  0.00000000000000D+00
   2   6   3   7  0.00000000000000D+00  0.00000000000000D+00
   3   6   3   7 -0.31957294793710D+01  0.00000000000000D+00
   1   7   3   7  0.35372233188157D+00  0.00000000000000D+00
   2   7   3   7  0.35372233246016D+00  0.00000000000000D+00
   3   7   3   7  0.33227169106711D+01  0.00000000000000D+00
   1   8   3   7  0.14766958388005D-10  0.00000000000000D+00
   2   8   3   7  0.16664230698414D-09  0.00000000000000D+00
   3   8   3   7  0.13336505715915D-09  0.00000000000000D+00
   1   1   1   8  0.40239910702908D+00  0.00000000000000D+00
   2   1   1   8  0.40239910698305D+00  0.00000000000000D+00
   3   1   1   8 -0.41187984125546D-09  0.00000000000000D+00
   1   2   1   8  0.40239910705740D+00  0.00000000000000D+00
   2   2   1   8  0.40239910709911D+00  0.00000000000000D+00
   3   2   1   8 -0.41089945465806D-09  0.00000000000000D+00
   1   3   1   8 -0.40239984265533D+00  0.00000000000000D+00
   2   3   1   8 -0.40239984259745D+00  0.00000000000000D+00
   3   3   1   8 -0.49613261475943D-09  0.00000000000000D+00
   1   4   1   8 -0.40239984258925D+00  0.00000000000000D+00
   2   4   1   8 -0.40239984264693D+00  0.00000000000000D+00
   3   4   1   8 -0.49569068225035D-09  0.00000000000000D+00
   1   6   1   8  0.57677617833856D+01  0.00000000000000D+00
   2   6   1   8  0.57677617833856D+01  0.00000000000000D+00
   3   6   1   8  0.13121715526663D-09  0.00000000000000D+00
   1   7   1   8  0.11966098460309D-10  0.00000000000000D+00
   2   7   1   8 -0.31706413229973D-10  0.00000000000000D+00
   3   7   1   8  0.33299826465149D-11  0.00000000000000D+00
   1   8   1   8  0.68905364022218D+00  0.00000000000000D+00
   2   8   1   8  0.13207025080486D-09  0.00000000000000D+00
   3   8   1   8  0.12680089070497D-09  0.00000000000000D+00
   1   1   2   8  0.69697569351471D+00  0.00000000000000D+00
   2   1   2   8 -0.69697569350670D+00  0.00000000000000D+00
   3   1   2   8 -0.66298240096284D-07  0.00000000000000D+00
   1   2   2   8  0.69697569593038D+00  0.00000000000000D+00
   2   2   2   8 -0.69697569593593D+00  0.00000000000000D+00
   3   2   2   8  0.64259099032249D-07  0.00000000000000D+00
   1   3   2   8 -0.69697710030562D+00  0.00000000000000D+00
   2   3   2   8  0.69697710030674D+00  0.00000000000000D+00
   3   3   2   8  0.50412325977809D-07  0.00000000000000D+00
   1   4   2   8 -0.69697710180026D+00  0.00000000000000D+00
   2   4   2   8  0.69697710179903D+00  0.00000000000000D+00
   3   4   2   8 -0.43715269576735D-07  0.00000000000000D+00
   1   6   2   8  0.33300186215296D+01  0.00000000000000D+00
   2   6   2   8 -0.33300186215296D+01  0.00000000000000D+00
   3   6   2   8  0.38593840659402D-09  0.00000000000000D+00
   1   7   2   8 -0.13515431976982D-09  0.00000000000000D+00
   2   7   2   8  0.16376609392646D-09  0.00000000000000D+00
   3   7   2   8  0.25802202075631D-09  0.00000000000000D+00
   1   8   2   8  0.13206984871276D-09  0.00000000000000D+00
   2   8   2   8  0.68905364424783D+00  0.00000000000000D+00
   3   8   2   8  0.97784552350997D-11  0.00000000000000D+00
   1   1   3   8  0.48758777770313D+00  0.00000000000000D+00
   2   1   3   8  0.48758776915237D+00  0.00000000000000D+00
   3   1   3   8  0.98100100421561D-08  0.00000000000000D+00
   1   2   3   8 -0.48758777772675D+00  0.00000000000000D+00
   2   2   3   8 -0.48758776886466D+00  0.00000000000000D+00
   3   2   3   8  0.97865429080162D-08  0.00000000000000D+00
   1   3   3   8  0.53050994358007D+00  0.00000000000000D+00
   2   3   3   8  0.53050989123978D+00  0.00000000000000D+00
   3   3   3   8 -0.91414850098042D-07  0.00000000000000D+00
   1   4   3   8 -0.53050994348177D+00  0.00000000000000D+00
   2   4   3   8 -0.53050989095118D+00  0.00000000000000D+00
   3   4   3   8 -0.91418756154379D-07  0.00000000000000D+00
   1   6   3   8  0.00000000000000D+00  0.00000000000000D+00
   2   6   3   8  0.00000000000000D+00  0.00000000000000D+00
   3   6   3   8 -0.23896060380446D-07  0.00000000000000D+00
   1   7   3   8 -0.80318908379105D-08  0.00000000000000D+00
   2   7   3   8 -0.35132117817905D-08  0.00000000000000D+00
   3   7   3   8 -0.19193296245718D-07  0.00000000000000D+00
   1   8   3   8  0.12061612948150D-09  0.00000000000000D+00
   2   8   3   8  0.97787415271038D-11  0.00000000000000D+00
   3   8   3   8  0.14338563418542D+01  0.00000000000000D+00

 List of bloks and their characteristics 
  
 Total energy                 - # elements :       1
  
 1st derivatives              - # elements :      18
  
 2nd derivatives (non-stat.)  - # elements :     346
 qpt  0.00000000E+00  0.00000000E+00  0.00000000E+00   1.0
