# GW complex dielectric tensor (cart. coord.) without local field effects 
# Scissor operator energy =  0.8000 [eV]
# Tolerance =  0.0200 0.0200
# npweps  = 59
# npwwfn  = 137
# nbands  = 6
# loband  = 2
# nkibz   = 64
# nkbz    = 64
# Lorentzian broadening =  0.1500 [eV]
# omega [eV] RE(eps_11) IM(eps_11) RE(eps_22)IM(eps_22) RE(eps_33) IM(eps_33) RE(eps_12) IM(eps_12)RE(eps_13) IM(eps_13) RE(eps_23) IM(eps_23))
  0.000  1.110939E+01  0.000000E+00  1.356732E+01  0.000000E+00  1.388730E+01  0.000000E+00 -2.039874E+00 -0.000000E+00 -1.825429E-01  0.000000E+00 -2.516100E-02 -0.000000E+00
  0.020  1.110959E+01  2.953365E-03  1.356760E+01  4.119950E-03  1.388758E+01  4.235280E-03 -2.039933E+00 -8.850842E-04 -1.825481E-01 -7.910194E-05 -2.516193E-02 -1.396713E-05
  0.040  1.111018E+01  5.907470E-03  1.356842E+01  8.241059E-03  1.388843E+01  8.471756E-03 -2.040109E+00 -1.770462E-03 -1.825639E-01 -1.582306E-04 -2.516470E-02 -2.793968E-05
  0.060  1.111116E+01  8.863057E-03  1.356978E+01  1.236449E-02  1.388983E+01  1.271062E-02 -2.040402E+00 -2.656426E-03 -1.825901E-01 -2.374126E-04 -2.516933E-02 -4.192306E-05
  0.080  1.111253E+01  1.182087E-02  1.357170E+01  1.649140E-02  1.389180E+01  1.695308E-02 -2.040813E+00 -3.543272E-03 -1.826268E-01 -3.166747E-04 -2.517580E-02 -5.592273E-05
  0.100  1.111429E+01  1.478165E-02  1.357416E+01  2.062295E-02  1.389433E+01  2.120033E-02 -2.041341E+00 -4.431293E-03 -1.826740E-01 -3.960438E-04 -2.518413E-02 -6.994411E-05
  0.120  1.111645E+01  1.774614E-02  1.357717E+01  2.476032E-02  1.389742E+01  2.545357E-02 -2.041987E+00 -5.320786E-03 -1.827317E-01 -4.755468E-04 -2.519432E-02 -8.399269E-05
  0.140  1.111900E+01  2.071509E-02  1.358073E+01  2.890467E-02  1.390108E+01  2.971402E-02 -2.042751E+00 -6.212048E-03 -1.828000E-01 -5.552106E-04 -2.520637E-02 -9.807396E-05
  0.160  1.112195E+01  2.368925E-02  1.358483E+01  3.305718E-02  1.390530E+01  3.398288E-02 -2.043633E+00 -7.105377E-03 -1.828788E-01 -6.350625E-04 -2.522028E-02 -1.121934E-04
  0.180  1.112529E+01  2.666938E-02  1.358949E+01  3.721904E-02  1.391009E+01  3.826138E-02 -2.044634E+00 -8.001073E-03 -1.829683E-01 -7.151297E-04 -2.523607E-02 -1.263567E-04
  0.200  1.112903E+01  2.965623E-02  1.359471E+01  4.139143E-02  1.391545E+01  4.255075E-02 -2.045754E+00 -8.899438E-03 -1.830683E-01 -7.954397E-04 -2.525373E-02 -1.405693E-04
  0.220  1.113316E+01  3.265057E-02  1.360047E+01  4.557556E-02  1.392138E+01  4.685222E-02 -2.046992E+00 -9.800777E-03 -1.831790E-01 -8.760203E-04 -2.527328E-02 -1.548370E-04
  0.240  1.113770E+01  3.565317E-02  1.360680E+01  4.977263E-02  1.392788E+01  5.116703E-02 -2.048351E+00 -1.070540E-02 -1.833005E-01 -9.568994E-04 -2.529472E-02 -1.691654E-04
  0.260  1.114263E+01  3.866479E-02  1.361368E+01  5.398386E-02  1.393495E+01  5.549645E-02 -2.049829E+00 -1.161361E-02 -1.834326E-01 -1.038105E-03 -2.531806E-02 -1.835602E-04
  0.280  1.114796E+01  4.168622E-02  1.362112E+01  5.821047E-02  1.394260E+01  5.984174E-02 -2.051428E+00 -1.252572E-02 -1.835755E-01 -1.119666E-03 -2.534331E-02 -1.980274E-04
  0.300  1.115369E+01  4.471825E-02  1.362912E+01  6.245370E-02  1.395083E+01  6.420417E-02 -2.053149E+00 -1.344205E-02 -1.837293E-01 -1.201611E-03 -2.537048E-02 -2.125728E-04
  0.320  1.115983E+01  4.776167E-02  1.363768E+01  6.671481E-02  1.395963E+01  6.858504E-02 -2.054990E+00 -1.436292E-02 -1.838939E-01 -1.283968E-03 -2.539957E-02 -2.272024E-04
  0.340  1.116637E+01  5.081727E-02  1.364681E+01  7.099507E-02  1.396902E+01  7.298566E-02 -2.056954E+00 -1.528865E-02 -1.840695E-01 -1.366768E-03 -2.543061E-02 -2.419222E-04
  0.360  1.117331E+01  5.388587E-02  1.365651E+01  7.529574E-02  1.397899E+01  7.740734E-02 -2.059042E+00 -1.621956E-02 -1.842560E-01 -1.450041E-03 -2.546361E-02 -2.567384E-04
  0.380  1.118067E+01  5.696829E-02  1.366678E+01  7.961813E-02  1.398955E+01  8.185142E-02 -2.061252E+00 -1.715600E-02 -1.844536E-01 -1.533815E-03 -2.549857E-02 -2.716572E-04
  0.400  1.118843E+01  6.006536E-02  1.367763E+01  8.396355E-02  1.400070E+01  8.631925E-02 -2.063587E+00 -1.809830E-02 -1.846624E-01 -1.618123E-03 -2.553551E-02 -2.866849E-04
  0.420  1.119661E+01  6.317790E-02  1.368905E+01  8.833333E-02  1.401244E+01  9.081222E-02 -2.066048E+00 -1.904679E-02 -1.848823E-01 -1.702996E-03 -2.557444E-02 -3.018280E-04
  0.440  1.120520E+01  6.630678E-02  1.370106E+01  9.272882E-02  1.402478E+01  9.533170E-02 -2.068634E+00 -2.000182E-02 -1.851136E-01 -1.788464E-03 -2.561539E-02 -3.170930E-04
  0.460  1.121420E+01  6.945285E-02  1.371364E+01  9.715139E-02  1.403772E+01  9.987912E-02 -2.071347E+00 -2.096376E-02 -1.853561E-01 -1.874560E-03 -2.565836E-02 -3.324866E-04
  0.480  1.122363E+01  7.261698E-02  1.372682E+01  1.016024E-01  1.405127E+01  1.044559E-01 -2.074188E+00 -2.193295E-02 -1.856101E-01 -1.961317E-03 -2.570338E-02 -3.480156E-04
  0.500  1.123347E+01  7.580006E-02  1.374059E+01  1.060833E-01  1.406543E+01  1.090635E-01 -2.077158E+00 -2.290976E-02 -1.858757E-01 -2.048769E-03 -2.575046E-02 -3.636870E-04
  0.520  1.124374E+01  7.900299E-02  1.375495E+01  1.105956E-01  1.408019E+01  1.137035E-01 -2.080258E+00 -2.389456E-02 -1.861529E-01 -2.136948E-03 -2.579962E-02 -3.795078E-04
  0.540  1.125444E+01  8.222668E-02  1.376992E+01  1.151406E-01  1.409558E+01  1.183772E-01 -2.083488E+00 -2.488773E-02 -1.864418E-01 -2.225890E-03 -2.585088E-02 -3.954852E-04
  0.560  1.126556E+01  8.547205E-02  1.378549E+01  1.197199E-01  1.411159E+01  1.230863E-01 -2.086851E+00 -2.588966E-02 -1.867425E-01 -2.315630E-03 -2.590426E-02 -4.116268E-04
  0.580  1.127712E+01  8.874004E-02  1.380167E+01  1.243349E-01  1.412822E+01  1.278324E-01 -2.090347E+00 -2.690074E-02 -1.870551E-01 -2.406204E-03 -2.595979E-02 -4.279400E-04
  0.600  1.128911E+01  9.203163E-02  1.381846E+01  1.289873E-01  1.414548E+01  1.326169E-01 -2.093977E+00 -2.792138E-02 -1.873798E-01 -2.497649E-03 -2.601749E-02 -4.444326E-04
  0.620  1.130154E+01  9.534778E-02  1.383587E+01  1.336786E-01  1.416338E+01  1.374416E-01 -2.097743E+00 -2.895198E-02 -1.877166E-01 -2.590003E-03 -2.607738E-02 -4.611125E-04
  0.640  1.131441E+01  9.868948E-02  1.385391E+01  1.384104E-01  1.418193E+01  1.423081E-01 -2.101646E+00 -2.999296E-02 -1.880657E-01 -2.683303E-03 -2.613948E-02 -4.779879E-04
  0.660  1.132772E+01  1.020578E-01  1.387257E+01  1.431844E-01  1.420112E+01  1.472181E-01 -2.105687E+00 -3.104475E-02 -1.884273E-01 -2.777589E-03 -2.620383E-02 -4.950671E-04
  0.680  1.134149E+01  1.054536E-01  1.389187E+01  1.480021E-01  1.422096E+01  1.521734E-01 -2.109868E+00 -3.210780E-02 -1.888013E-01 -2.872901E-03 -2.627044E-02 -5.123586E-04
  0.700  1.135570E+01  1.088782E-01  1.391181E+01  1.528655E-01  1.424146E+01  1.571756E-01 -2.114191E+00 -3.318255E-02 -1.891881E-01 -2.969281E-03 -2.633935E-02 -5.298713E-04
  0.720  1.137037E+01  1.123324E-01  1.393240E+01  1.577761E-01  1.426263E+01  1.622267E-01 -2.118657E+00 -3.426946E-02 -1.895876E-01 -3.066771E-03 -2.641059E-02 -5.476143E-04
  0.740  1.138550E+01  1.158175E-01  1.395364E+01  1.627358E-01  1.428447E+01  1.673284E-01 -2.123267E+00 -3.536902E-02 -1.900001E-01 -3.165414E-03 -2.648419E-02 -5.655967E-04
  0.760  1.140110E+01  1.193345E-01  1.397554E+01  1.677464E-01  1.430699E+01  1.724827E-01 -2.128023E+00 -3.648169E-02 -1.904258E-01 -3.265255E-03 -2.656018E-02 -5.838281E-04
  0.780  1.141716E+01  1.228846E-01  1.399811E+01  1.728098E-01  1.433019E+01  1.776915E-01 -2.132927E+00 -3.760798E-02 -1.908647E-01 -3.366339E-03 -2.663859E-02 -6.023185E-04
  0.800  1.143370E+01  1.264690E-01  1.402135E+01  1.779279E-01  1.435409E+01  1.829568E-01 -2.137982E+00 -3.874840E-02 -1.913170E-01 -3.468714E-03 -2.671946E-02 -6.210778E-04
  0.820  1.145071E+01  1.300889E-01  1.404528E+01  1.831027E-01  1.437869E+01  1.882806E-01 -2.143187E+00 -3.990347E-02 -1.917830E-01 -3.572426E-03 -2.680282E-02 -6.401166E-04
  0.840  1.146821E+01  1.337454E-01  1.406989E+01  1.883363E-01  1.440400E+01  1.936651E-01 -2.148547E+00 -4.107374E-02 -1.922628E-01 -3.677527E-03 -2.688871E-02 -6.594456E-04
  0.860  1.148619E+01  1.374398E-01  1.409520E+01  1.936306E-01  1.443002E+01  1.991124E-01 -2.154062E+00 -4.225976E-02 -1.927565E-01 -3.784066E-03 -2.697717E-02 -6.790760E-04
  0.880  1.150466E+01  1.411735E-01  1.412121E+01  1.989879E-01  1.445677E+01  2.046246E-01 -2.159735E+00 -4.346209E-02 -1.932645E-01 -3.892097E-03 -2.706824E-02 -6.990191E-04
  0.900  1.152363E+01  1.449477E-01  1.414794E+01  2.044102E-01  1.448426E+01  2.102041E-01 -2.165568E+00 -4.468133E-02 -1.937867E-01 -4.001673E-03 -2.716196E-02 -7.192868E-04
  0.920  1.154311E+01  1.487638E-01  1.417538E+01  2.099000E-01  1.451248E+01  2.158532E-01 -2.171563E+00 -4.591807E-02 -1.943236E-01 -4.112849E-03 -2.725837E-02 -7.398913E-04
  0.940  1.156309E+01  1.526232E-01  1.420356E+01  2.154594E-01  1.454146E+01  2.215743E-01 -2.177723E+00 -4.717295E-02 -1.948752E-01 -4.225684E-03 -2.735753E-02 -7.608453E-04
  0.960  1.158358E+01  1.565273E-01  1.423248E+01  2.210909E-01  1.457120E+01  2.273698E-01 -2.184049E+00 -4.844659E-02 -1.954419E-01 -4.340236E-03 -2.745946E-02 -7.821619E-04
  0.980  1.160460E+01  1.604775E-01  1.426215E+01  2.267969E-01  1.460171E+01  2.332423E-01 -2.190545E+00 -4.973968E-02 -1.960238E-01 -4.456565E-03 -2.756423E-02 -8.038545E-04
  1.000  1.162614E+01  1.644753E-01  1.429258E+01  2.325799E-01  1.463300E+01  2.391944E-01 -2.197213E+00 -5.105287E-02 -1.966212E-01 -4.574736E-03 -2.767188E-02 -8.259372E-04
  1.020  1.164821E+01  1.685223E-01  1.432377E+01  2.384425E-01  1.466508E+01  2.452288E-01 -2.204055E+00 -5.238689E-02 -1.972342E-01 -4.694813E-03 -2.778246E-02 -8.484245E-04
  1.040  1.167083E+01  1.726201E-01  1.435575E+01  2.443874E-01  1.469797E+01  2.513482E-01 -2.211075E+00 -5.374246E-02 -1.978633E-01 -4.816862E-03 -2.789604E-02 -8.713313E-04
  1.060  1.169399E+01  1.767702E-01  1.438852E+01  2.504174E-01  1.473167E+01  2.575555E-01 -2.218276E+00 -5.512032E-02 -1.985086E-01 -4.940954E-03 -2.801265E-02 -8.946733E-04
  1.080  1.171770E+01  1.809744E-01  1.442209E+01  2.565352E-01  1.476620E+01  2.638537E-01 -2.225659E+00 -5.652126E-02 -1.991704E-01 -5.067160E-03 -2.813237E-02 -9.184667E-04
  1.100  1.174197E+01  1.852344E-01  1.445648E+01  2.627439E-01  1.480157E+01  2.702458E-01 -2.233229E+00 -5.794607E-02 -1.998489E-01 -5.195554E-03 -2.825524E-02 -9.427281E-04
  1.120  1.176681E+01  1.895519E-01  1.449169E+01  2.690464E-01  1.483778E+01  2.767349E-01 -2.240989E+00 -5.939559E-02 -2.005446E-01 -5.326212E-03 -2.838134E-02 -9.674750E-04
  1.140  1.179222E+01  1.939287E-01  1.452774E+01  2.754459E-01  1.487486E+01  2.833243E-01 -2.248941E+00 -6.087067E-02 -2.012576E-01 -5.459214E-03 -2.851073E-02 -9.927255E-04
  1.160  1.181822E+01  1.983668E-01  1.456465E+01  2.819456E-01  1.491282E+01  2.900174E-01 -2.257089E+00 -6.237220E-02 -2.019883E-01 -5.594642E-03 -2.864347E-02 -1.018498E-03
  1.180  1.184480E+01  2.028680E-01  1.460241E+01  2.885488E-01  1.495167E+01  2.968175E-01 -2.265437E+00 -6.390111E-02 -2.027370E-01 -5.732581E-03 -2.877963E-02 -1.044813E-03
  1.200  1.187199E+01  2.074343E-01  1.464106E+01  2.952591E-01  1.499142E+01  3.037283E-01 -2.273988E+00 -6.545835E-02 -2.035040E-01 -5.873120E-03 -2.891928E-02 -1.071690E-03
  1.220  1.189979E+01  2.120679E-01  1.468060E+01  3.020798E-01  1.503209E+01  3.107535E-01 -2.282747E+00 -6.704489E-02 -2.042897E-01 -6.016349E-03 -2.906250E-02 -1.099150E-03
  1.240  1.192820E+01  2.167708E-01  1.472104E+01  3.090148E-01  1.507370E+01  3.178968E-01 -2.291716E+00 -6.866178E-02 -2.050945E-01 -6.162365E-03 -2.920937E-02 -1.127216E-03
  1.260  1.195724E+01  2.215451E-01  1.476241E+01  3.160678E-01  1.511626E+01  3.251624E-01 -2.300900E+00 -7.031007E-02 -2.059187E-01 -6.311264E-03 -2.935996E-02 -1.155910E-03
  1.280  1.198691E+01  2.263933E-01  1.480472E+01  3.232428E-01  1.515978E+01  3.325543E-01 -2.310303E+00 -7.199085E-02 -2.067626E-01 -6.463149E-03 -2.951436E-02 -1.185256E-03
  1.300  1.201723E+01  2.313175E-01  1.484798E+01  3.305440E-01  1.520429E+01  3.400767E-01 -2.319930E+00 -7.370529E-02 -2.076268E-01 -6.618127E-03 -2.967265E-02 -1.215279E-03
  1.320  1.204820E+01  2.363202E-01  1.489222E+01  3.379754E-01  1.524980E+01  3.477340E-01 -2.329785E+00 -7.545456E-02 -2.085115E-01 -6.776308E-03 -2.983493E-02 -1.246006E-03
  1.340  1.207984E+01  2.414039E-01  1.493744E+01  3.455416E-01  1.529632E+01  3.555310E-01 -2.339872E+00 -7.723990E-02 -2.094173E-01 -6.937806E-03 -3.000128E-02 -1.277462E-03
  1.360  1.211216E+01  2.465712E-01  1.498367E+01  3.532472E-01  1.534389E+01  3.634722E-01 -2.350196E+00 -7.906260E-02 -2.103445E-01 -7.102740E-03 -3.017180E-02 -1.309677E-03
  1.380  1.214517E+01  2.518246E-01  1.503092E+01  3.610967E-01  1.539250E+01  3.715626E-01 -2.360762E+00 -8.092399E-02 -2.112936E-01 -7.271235E-03 -3.034660E-02 -1.342679E-03
  1.400  1.217887E+01  2.571671E-01  1.507922E+01  3.690952E-01  1.544220E+01  3.798074E-01 -2.371576E+00 -8.282545E-02 -2.122651E-01 -7.443419E-03 -3.052577E-02 -1.376501E-03
  1.420  1.221329E+01  2.626014E-01  1.512858E+01  3.772478E-01  1.549299E+01  3.882119E-01 -2.382642E+00 -8.476844E-02 -2.132594E-01 -7.619426E-03 -3.070942E-02 -1.411174E-03
  1.440  1.224843E+01  2.681304E-01  1.517903E+01  3.855597E-01  1.554490E+01  3.967816E-01 -2.393966E+00 -8.675445E-02 -2.142772E-01 -7.799397E-03 -3.089766E-02 -1.446731E-03
  1.460  1.228430E+01  2.737573E-01  1.523058E+01  3.940365E-01  1.559795E+01  4.055223E-01 -2.405554E+00 -8.878506E-02 -2.153188E-01 -7.983478E-03 -3.109062E-02 -1.483209E-03
  1.480  1.232093E+01  2.794852E-01  1.528325E+01  4.026839E-01  1.565216E+01  4.144399E-01 -2.417412E+00 -9.086189E-02 -2.163848E-01 -8.171820E-03 -3.128841E-02 -1.520644E-03
  1.500  1.235831E+01  2.853174E-01  1.533708E+01  4.115079E-01  1.570755E+01  4.235407E-01 -2.429545E+00 -9.298666E-02 -2.174759E-01 -8.364581E-03 -3.149115E-02 -1.559076E-03
  1.520  1.239648E+01  2.912573E-01  1.539208E+01  4.205147E-01  1.576416E+01  4.328312E-01 -2.441960E+00 -9.516113E-02 -2.185925E-01 -8.561927E-03 -3.169898E-02 -1.598543E-03
  1.540  1.243543E+01  2.973084E-01  1.544827E+01  4.297107E-01  1.582200E+01  4.423180E-01 -2.454664E+00 -9.738715E-02 -2.197354E-01 -8.764031E-03 -3.191204E-02 -1.639090E-03
  1.560  1.247519E+01  3.034744E-01  1.550569E+01  4.391027E-01  1.588109E+01  4.520084E-01 -2.467664E+00 -9.966667E-02 -2.209050E-01 -8.971073E-03 -3.213046E-02 -1.680762E-03
  1.580  1.251576E+01  3.097592E-01  1.556435E+01  4.486977E-01  1.594148E+01  4.619096E-01 -2.480965E+00 -1.020017E-01 -2.221021E-01 -9.183240E-03 -3.235440E-02 -1.723603E-03
  1.600  1.255718E+01  3.161666E-01  1.562429E+01  4.585030E-01  1.600318E+01  4.720292E-01 -2.494577E+00 -1.043944E-01 -2.233273E-01 -9.400731E-03 -3.258399E-02 -1.767665E-03
  1.620  1.259944E+01  3.227009E-01  1.568554E+01  4.685262E-01  1.606623E+01  4.823753E-01 -2.508505E+00 -1.068468E-01 -2.245814E-01 -9.623750E-03 -3.281942E-02 -1.812999E-03
  1.640  1.264258E+01  3.293662E-01  1.574811E+01  4.787754E-01  1.613064E+01  4.929562E-01 -2.522759E+00 -1.093614E-01 -2.258650E-01 -9.852512E-03 -3.306083E-02 -1.859659E-03
  1.660  1.268660E+01  3.361670E-01  1.581204E+01  4.892587E-01  1.619647E+01  5.037807E-01 -2.537346E+00 -1.119406E-01 -2.271789E-01 -1.008724E-02 -3.330841E-02 -1.907703E-03
  1.680  1.273152E+01  3.431080E-01  1.587737E+01  4.999850E-01  1.626372E+01  5.148578E-01 -2.552275E+00 -1.145868E-01 -2.285239E-01 -1.032818E-02 -3.356234E-02 -1.957191E-03
  1.700  1.277737E+01  3.501941E-01  1.594411E+01  5.109632E-01  1.633245E+01  5.261971E-01 -2.567555E+00 -1.173028E-01 -2.299009E-01 -1.057557E-02 -3.382279E-02 -2.008186E-03
  1.720  1.282416E+01  3.574301E-01  1.601232E+01  5.222029E-01  1.640269E+01  5.378086E-01 -2.583194E+00 -1.200912E-01 -2.313106E-01 -1.082967E-02 -3.408998E-02 -2.060756E-03
  1.740  1.287191E+01  3.648214E-01  1.608201E+01  5.337140E-01  1.647446E+01  5.497028E-01 -2.599203E+00 -1.229551E-01 -2.327539E-01 -1.109075E-02 -3.436410E-02 -2.114970E-03
  1.760  1.292065E+01  3.723734E-01  1.615324E+01  5.455069E-01  1.654781E+01  5.618905E-01 -2.615590E+00 -1.258974E-01 -2.342318E-01 -1.135910E-02 -3.464537E-02 -2.170903E-03
  1.780  1.297038E+01  3.800918E-01  1.622602E+01  5.575925E-01  1.662277E+01  5.743832E-01 -2.632368E+00 -1.289213E-01 -2.357452E-01 -1.163502E-02 -3.493401E-02 -2.228634E-03
  1.800  1.302114E+01  3.879825E-01  1.630041E+01  5.699822E-01  1.669939E+01  5.871931E-01 -2.649545E+00 -1.320303E-01 -2.372951E-01 -1.191881E-02 -3.523026E-02 -2.288246E-03
  1.820  1.307295E+01  3.960518E-01  1.637644E+01  5.826880E-01  1.677771E+01  6.003326E-01 -2.667133E+00 -1.352278E-01 -2.388826E-01 -1.221082E-02 -3.553435E-02 -2.349827E-03
  1.840  1.312584E+01  4.043062E-01  1.645415E+01  5.957223E-01  1.685777E+01  6.138151E-01 -2.685145E+00 -1.385175E-01 -2.405086E-01 -1.251139E-02 -3.584656E-02 -2.413469E-03
  1.860  1.317981E+01  4.127523E-01  1.653359E+01  6.090984E-01  1.693961E+01  6.276545E-01 -2.703591E+00 -1.419034E-01 -2.421743E-01 -1.282087E-02 -3.616713E-02 -2.479270E-03
  1.880  1.323491E+01  4.213973E-01  1.661480E+01  6.228300E-01  1.702329E+01  6.418654E-01 -2.722485E+00 -1.453895E-01 -2.438810E-01 -1.313967E-02 -3.649636E-02 -2.547335E-03
  1.900  1.329116E+01  4.302486E-01  1.669783E+01  6.369318E-01  1.710884E+01  6.564632E-01 -2.741839E+00 -1.489802E-01 -2.456297E-01 -1.346818E-02 -3.683452E-02 -2.617774E-03
  1.920  1.334858E+01  4.393139E-01  1.678273E+01  6.514190E-01  1.719633E+01  6.714642E-01 -2.761667E+00 -1.526800E-01 -2.474218E-01 -1.380682E-02 -3.718194E-02 -2.690703E-03
  1.940  1.340720E+01  4.486014E-01  1.686954E+01  6.663076E-01  1.728580E+01  6.868854E-01 -2.781984E+00 -1.564938E-01 -2.492586E-01 -1.415606E-02 -3.753893E-02 -2.766247E-03
  1.960  1.346705E+01  4.581195E-01  1.695832E+01  6.816146E-01  1.737731E+01  7.027447E-01 -2.802803E+00 -1.604266E-01 -2.511414E-01 -1.451635E-02 -3.790583E-02 -2.844538E-03
  1.980  1.352817E+01  4.678772E-01  1.704912E+01  6.973578E-01  1.747091E+01  7.190613E-01 -2.824142E+00 -1.644836E-01 -2.530717E-01 -1.488821E-02 -3.828300E-02 -2.925715E-03
  2.000  1.359058E+01  4.778839E-01  1.714200E+01  7.135559E-01  1.756667E+01  7.358550E-01 -2.846015E+00 -1.686707E-01 -2.550511E-01 -1.527215E-02 -3.867079E-02 -3.009928E-03
  2.020  1.365431E+01  4.881492E-01  1.723703E+01  7.302288E-01  1.766465E+01  7.531471E-01 -2.868440E+00 -1.729937E-01 -2.570810E-01 -1.566875E-02 -3.906961E-02 -3.097336E-03
  2.040  1.371941E+01  4.986837E-01  1.733425E+01  7.473973E-01  1.776490E+01  7.709600E-01 -2.891435E+00 -1.774590E-01 -2.591631E-01 -1.607858E-02 -3.947986E-02 -3.188106E-03
  2.060  1.378590E+01  5.094980E-01  1.743374E+01  7.650837E-01  1.786751E+01  7.893172E-01 -2.915017E+00 -1.820732E-01 -2.612992E-01 -1.650228E-02 -3.990197E-02 -3.282420E-03
  2.080  1.385382E+01  5.206035E-01  1.753557E+01  7.833111E-01  1.797254E+01  8.082439E-01 -2.939206E+00 -1.868434E-01 -2.634910E-01 -1.694051E-02 -4.033640E-02 -3.380469E-03
  2.100  1.392321E+01  5.320124E-01  1.763979E+01  8.021042E-01  1.808006E+01  8.277666E-01 -2.964023E+00 -1.917770E-01 -2.657404E-01 -1.739396E-02 -4.078362E-02 -3.482460E-03
  2.120  1.399411E+01  5.437371E-01  1.774650E+01  8.214893E-01  1.819015E+01  8.479134E-01 -2.989488E+00 -1.968821E-01 -2.680493E-01 -1.786338E-02 -4.124413E-02 -3.588610E-03
  2.140  1.406656E+01  5.557909E-01  1.785575E+01  8.414939E-01  1.830289E+01  8.687141E-01 -3.015623E+00 -2.021671E-01 -2.704199E-01 -1.834957E-02 -4.171847E-02 -3.699156E-03
  2.160  1.414060E+01  5.681880E-01  1.796764E+01  8.621474E-01  1.841837E+01  8.902006E-01 -3.042452E+00 -2.076408E-01 -2.728543E-01 -1.885335E-02 -4.220718E-02 -3.814349E-03
  2.180  1.421629E+01  5.809430E-01  1.808225E+01  8.834809E-01  1.853667E+01  9.124066E-01 -3.069999E+00 -2.133129E-01 -2.753547E-01 -1.937562E-02 -4.271087E-02 -3.934457E-03
  2.200  1.429365E+01  5.940716E-01  1.819966E+01  9.055275E-01  1.865789E+01  9.353679E-01 -3.098289E+00 -2.191934E-01 -2.779236E-01 -1.991732E-02 -4.323015E-02 -4.059771E-03
  2.220  1.437275E+01  6.075903E-01  1.831997E+01  9.283223E-01  1.878212E+01  9.591229E-01 -3.127350E+00 -2.252932E-01 -2.805634E-01 -2.047947E-02 -4.376568E-02 -4.190601E-03
  2.240  1.445364E+01  6.215164E-01  1.844328E+01  9.519026E-01  1.890946E+01  9.837123E-01 -3.157209E+00 -2.316236E-01 -2.832768E-01 -2.106313E-02 -4.431815E-02 -4.327280E-03
  2.260  1.453636E+01  6.358686E-01  1.856967E+01  9.763082E-01  1.904003E+01  1.009180E+00 -3.187896E+00 -2.381970E-01 -2.860664E-01 -2.166945E-02 -4.488829E-02 -4.470167E-03
  2.280  1.462097E+01  6.506662E-01  1.869927E+01  1.001581E+00  1.917393E+01  1.035572E+00 -3.219442E+00 -2.450265E-01 -2.889353E-01 -2.229966E-02 -4.547690E-02 -4.619649E-03
  2.300  1.470753E+01  6.659301E-01  1.883218E+01  1.027768E+00  1.931128E+01  1.062938E+00 -3.251879E+00 -2.521259E-01 -2.918864E-01 -2.295504E-02 -4.608478E-02 -4.776144E-03
  2.320  1.479611E+01  6.816821E-01  1.896851E+01  1.054915E+00  1.945221E+01  1.091332E+00 -3.285242E+00 -2.595103E-01 -2.949230E-01 -2.363700E-02 -4.671282E-02 -4.940101E-03
  2.340  1.488675E+01  6.979457E-01  1.910840E+01  1.083075E+00  1.959684E+01  1.120811E+00 -3.319567E+00 -2.671956E-01 -2.980484E-01 -2.434703E-02 -4.736194E-02 -5.112006E-03
  2.360  1.497954E+01  7.147456E-01  1.925196E+01  1.112303E+00  1.974532E+01  1.151436E+00 -3.354893E+00 -2.751989E-01 -3.012663E-01 -2.508672E-02 -4.803314E-02 -5.292386E-03
  2.380  1.507453E+01  7.321082E-01  1.939934E+01  1.142657E+00  1.989778E+01  1.183273E+00 -3.391259E+00 -2.835387E-01 -3.045803E-01 -2.585777E-02 -4.872745E-02 -5.481811E-03
  2.400  1.517180E+01  7.500615E-01  1.955068E+01  1.174203E+00  2.005438E+01  1.216394E+00 -3.428709E+00 -2.922346E-01 -3.079944E-01 -2.666203E-02 -4.944599E-02 -5.680898E-03
  2.420  1.527143E+01  7.686356E-01  1.970612E+01  1.207006E+00  2.021529E+01  1.250875E+00 -3.467286E+00 -3.013079E-01 -3.115129E-01 -2.750146E-02 -5.018996E-02 -5.890319E-03
  2.440  1.537349E+01  7.878622E-01  1.986584E+01  1.241140E+00  2.038066E+01  1.286800E+00 -3.507039E+00 -3.107814E-01 -3.151401E-01 -2.837818E-02 -5.096060E-02 -6.110803E-03
  2.460  1.547808E+01  8.077755E-01  2.002998E+01  1.276685E+00  2.055068E+01  1.324256E+00 -3.548017E+00 -3.206797E-01 -3.188808E-01 -2.929446E-02 -5.175929E-02 -6.343144E-03
  2.480  1.558526E+01  8.284120E-01  2.019874E+01  1.313724E+00  2.072555E+01  1.363342E+00 -3.590274E+00 -3.310293E-01 -3.227399E-01 -3.025275E-02 -5.258745E-02 -6.588206E-03
  2.500  1.569515E+01  8.498107E-01  2.037230E+01  1.352349E+00  2.090546E+01  1.404163E+00 -3.633865E+00 -3.418588E-01 -3.267227E-01 -3.125570E-02 -5.344662E-02 -6.846934E-03
  2.520  1.580783E+01  8.720133E-01  2.055086E+01  1.392659E+00  2.109062E+01  1.446832E+00 -3.678852E+00 -3.531992E-01 -3.308346E-01 -3.230617E-02 -5.433846E-02 -7.120359E-03
  2.540  1.592342E+01  8.950647E-01  2.073462E+01  1.434759E+00  2.128126E+01  1.491475E+00 -3.725296E+00 -3.650841E-01 -3.350818E-01 -3.340723E-02 -5.526473E-02 -7.409610E-03
  2.560  1.604200E+01  9.190131E-01  2.092381E+01  1.478767E+00  2.147763E+01  1.538227E+00 -3.773265E+00 -3.775498E-01 -3.394703E-01 -3.456222E-02 -5.622732E-02 -7.715924E-03
  2.580  1.616370E+01  9.439103E-01  2.111867E+01  1.524806E+00  2.167997E+01  1.587237E+00 -3.822831E+00 -3.906358E-01 -3.440069E-01 -3.577476E-02 -5.722825E-02 -8.040658E-03
  2.600  1.628864E+01  9.698121E-01  2.131943E+01  1.573013E+00  2.188856E+01  1.638666E+00 -3.874070E+00 -4.043850E-01 -3.486988E-01 -3.704877E-02 -5.826971E-02 -8.385304E-03
  2.620  1.641694E+01  9.967787E-01  2.152638E+01  1.623537E+00  2.210369E+01  1.692694E+00 -3.927062E+00 -4.188441E-01 -3.535533E-01 -3.838851E-02 -5.935403E-02 -8.751503E-03
  2.640  1.654874E+01  1.024875E+00  2.173979E+01  1.676538E+00  2.232566E+01  1.749517E+00 -3.981893E+00 -4.340641E-01 -3.585786E-01 -3.979860E-02 -6.048375E-02 -9.141066E-03
  2.660  1.668418E+01  1.054171E+00  2.195996E+01  1.732193E+00  2.255481E+01  1.809351E+00 -4.038656E+00 -4.501007E-01 -3.637832E-01 -4.128409E-02 -6.166158E-02 -9.555990E-03
  2.680  1.682340E+01  1.084744E+00  2.218722E+01  1.790694E+00  2.279148E+01  1.872435E+00 -4.097449E+00 -4.670149E-01 -3.691763E-01 -4.285048E-02 -6.289044E-02 -9.998485E-03
  2.700  1.696656E+01  1.116676E+00  2.242190E+01  1.852253E+00  2.303605E+01  1.939035E+00 -4.158377E+00 -4.848733E-01 -3.747677E-01 -4.450378E-02 -6.417352E-02 -1.047100E-02
  2.720  1.711383E+01  1.150056E+00  2.266436E+01  1.917102E+00  2.328892E+01  2.009446E+00 -4.221552E+00 -5.037493E-01 -3.805679E-01 -4.625055E-02 -6.551423E-02 -1.097624E-02
  2.740  1.726539E+01  1.184983E+00  2.291501E+01  1.985494E+00  2.355051E+01  2.083995E+00 -4.287094E+00 -5.237236E-01 -3.865879E-01 -4.809799E-02 -6.691629E-02 -1.151723E-02
  2.760  1.742143E+01  1.221563E+00  2.317425E+01  2.057712E+00  2.382129E+01  2.163051E+00 -4.355132E+00 -5.448850E-01 -3.928399E-01 -5.005400E-02 -6.838373E-02 -1.209732E-02
  2.780  1.758214E+01  1.259912E+00  2.344252E+01  2.134065E+00  2.410175E+01  2.247026E+00 -4.425803E+00 -5.673317E-01 -3.993366E-01 -5.212723E-02 -6.992091E-02 -1.272026E-02
  2.800  1.774774E+01  1.300159E+00  2.372032E+01  2.214897E+00  2.439240E+01  2.336384E+00 -4.499258E+00 -5.911724E-01 -4.060919E-01 -5.432724E-02 -7.153261E-02 -1.339021E-02
  2.820  1.791846E+01  1.342443E+00  2.400815E+01  2.300590E+00  2.469382E+01  2.431650E+00 -4.575654E+00 -6.165276E-01 -4.131206E-01 -5.666455E-02 -7.322401E-02 -1.411186E-02
  2.840  1.809453E+01  1.386918E+00  2.430655E+01  2.391566E+00  2.500661E+01  2.533418E+00 -4.655165E+00 -6.435312E-01 -4.204387E-01 -5.915077E-02 -7.500079E-02 -1.489043E-02
  2.860  1.827623E+01  1.433753E+00  2.461613E+01  2.488300E+00  2.533140E+01  2.642365E+00 -4.737973E+00 -6.723324E-01 -4.280634E-01 -6.179877E-02 -7.686915E-02 -1.573179E-02
  2.880  1.846381E+01  1.483137E+00  2.493752E+01  2.591319E+00  2.566889E+01  2.759264E+00 -4.824280E+00 -7.030979E-01 -4.360134E-01 -6.462278E-02 -7.883591E-02 -1.664255E-02
  2.900  1.865758E+01  1.535276E+00  2.527141E+01  2.701217E+00  2.601980E+01  2.885005E+00 -4.914299E+00 -7.360143E-01 -4.443086E-01 -6.763862E-02 -8.090859E-02 -1.763012E-02
  2.920  1.885785E+01  1.590400E+00  2.561852E+01  2.818661E+00  2.638491E+01  3.020609E+00 -5.008264E+00 -7.712911E-01 -4.529708E-01 -7.086389E-02 -8.309548E-02 -1.870289E-02
  2.940  1.906497E+01  1.648766E+00  2.597966E+01  2.944401E+00  2.676502E+01  3.167262E+00 -5.106424E+00 -8.091642E-01 -4.620236E-01 -7.431820E-02 -8.540580E-02 -1.987032E-02
  2.960  1.927929E+01  1.710659E+00  2.635569E+01  3.079290E+00  2.716099E+01  3.326343E+00 -5.209051E+00 -8.498998E-01 -4.714924E-01 -7.802344E-02 -8.784984E-02 -2.114312E-02
  2.980  1.950120E+01  1.776399E+00  2.674752E+01  3.224291E+00  2.757368E+01  3.499461E+00 -5.316438E+00 -8.937994E-01 -4.814052E-01 -8.200414E-02 -9.043916E-02 -2.253342E-02
  3.000  1.973112E+01  1.846345E+00  2.715615E+01  3.380506E+00  2.800397E+01  3.688502E+00 -5.428903E+00 -9.412056E-01 -4.917922E-01 -8.628778E-02 -9.318686E-02 -2.405506E-02
  3.020  1.996951E+01  1.920901E+00  2.758267E+01  3.549191E+00  2.845268E+01  3.895689E+00 -5.546790E+00 -9.925084E-01 -5.026865E-01 -9.090529E-02 -9.610795E-02 -2.572379E-02
  3.040  2.021684E+01  2.000523E+00  2.802821E+01  3.731787E+00  2.892059E+01  4.123641E+00 -5.670468E+00 -1.048154E+00 -5.141247E-01 -9.589153E-02 -9.921979E-02 -2.755769E-02
  3.060  2.047363E+01  2.085729E+00  2.849402E+01  3.929957E+00  2.940830E+01  4.375460E+00 -5.800339E+00 -1.108655E+00 -5.261467E-01 -1.012859E-01 -1.025428E-01 -2.957764E-02
  3.080  2.074044E+01  2.177107E+00  2.898143E+01  4.145619E+00  2.991616E+01  4.654806E+00 -5.936836E+00 -1.174600E+00 -5.387970E-01 -1.071333E-01 -1.061014E-01 -3.180796E-02
  3.100  2.101787E+01  2.275329E+00  2.949185E+01  4.381001E+00  3.044408E+01  4.965997E+00 -6.080423E+00 -1.246670E+00 -5.521250E-01 -1.134847E-01 -1.099252E-01 -3.427745E-02
  3.120  2.130656E+01  2.381165E+00  3.002675E+01  4.638702E+00  3.099127E+01  5.314076E+00 -6.231600E+00 -1.325657E+00 -5.661862E-01 -1.203989E-01 -1.140512E-01 -3.702092E-02
  3.140  2.160719E+01  2.495501E+00  3.058772E+01  4.921758E+00  3.155593E+01  5.704849E+00 -6.390897E+00 -1.412479E+00 -5.810435E-01 -1.279437E-01 -1.185258E-01 -4.008164E-02
  3.160  2.192052E+01  2.619361E+00  3.117634E+01  5.233741E+00  3.213470E+01  6.144817E+00 -6.558878E+00 -1.508215E+00 -5.967686E-01 -1.361989E-01 -1.234087E-01 -4.351554E-02
  3.180  2.224730E+01  2.753932E+00  3.179424E+01  5.578861E+00  3.272203E+01  6.640896E+00 -6.736130E+00 -1.614128E+00 -6.134444E-01 -1.452595E-01 -1.287768E-01 -4.739804E-02
  3.200  2.258836E+01  2.900597E+00  3.244299E+01  5.962099E+00  3.330934E+01  7.199767E+00 -6.923258E+00 -1.731707E+00 -6.311668E-01 -1.552411E-01 -1.347286E-01 -5.183568E-02
  3.220  2.294455E+01  3.060976E+00  3.312399E+01  6.389370E+00  3.388426E+01  7.826591E+00 -7.120868E+00 -1.862715E+00 -6.500471E-01 -1.662878E-01 -1.413870E-01 -5.698474E-02
  3.240  2.331676E+01  3.236971E+00  3.383840E+01  6.867706E+00  3.443017E+01  8.522808E+00 -7.329543E+00 -2.009244E+00 -6.702116E-01 -1.785844E-01 -1.488958E-01 -6.308000E-02
  3.260  2.370586E+01  3.430827E+00  3.458682E+01  7.405476E+00  3.492689E+01  9.282897E+00 -7.549804E+00 -2.173787E+00 -6.917982E-01 -1.923720E-01 -1.574016E-01 -7.047461E-02
  3.280  2.411270E+01  3.645200E+00  3.536906E+01  8.012622E+00  3.535382E+01  1.009058E+01 -7.782052E+00 -2.359317E+00 -7.149434E-01 -2.079679E-01 -1.670065E-01 -7.968592E-02
  3.300  2.453805E+01  3.883249E+00  3.618361E+01  8.700898E+00  3.569660E+01  1.091630E+01 -8.026481E+00 -2.569388E+00 -7.397569E-01 -2.257826E-01 -1.776794E-01 -9.142846E-02
  3.320  2.498251E+01  4.148736E+00  3.702696E+01  9.484062E+00  3.595687E+01  1.171941E+01 -8.282943E+00 -2.808239E+00 -7.662840E-01 -2.463240E-01 -1.891264E-01 -1.065982E-01
  3.340  2.544640E+01  4.446148E+00  3.789269E+01  1.037793E+01  3.616110E+01  1.245839E+01 -8.550763E+00 -3.080912E+00 -7.944664E-01 -2.701800E-01 -2.006551E-01 -1.261711E-01
  3.360  2.592958E+01  4.780832E+00  3.877012E+01  1.140011E+01  3.636112E+01  1.310798E+01 -8.828466E+00 -3.393358E+00 -8.241237E-01 -2.979819E-01 -2.111055E-01 -1.510189E-01
  3.380  2.643119E+01  5.159140E+00  3.964282E+01  1.256921E+01  3.662119E+01  1.367449E+01 -9.113399E+00 -3.752501E+00 -8.549662E-01 -3.303751E-01 -2.188907E-01 -1.817115E-01
  3.400  2.694925E+01  5.588554E+00  4.048691E+01  1.390302E+01  3.699689E+01  1.419869E+01 -9.401235E+00 -4.166232E+00 -8.866196E-01 -3.680304E-01 -2.221116E-01 -2.183900E-01
  3.420  2.748015E+01  6.077766E+00  4.126990E+01  1.541549E+01  3.751809E+01  1.474413E+01 -9.685345E+00 -4.643237E+00 -9.186147E-01 -4.116955E-01 -2.186464E-01 -2.607080E-01
  3.440  2.801785E+01  6.636615E+00  4.195109E+01  1.711227E+01  3.818435E+01  1.537968E+01 -9.956074E+00 -5.192615E+00 -9.503082E-01 -4.622504E-01 -2.061873E-01 -3.077418E-01
  3.460  2.855289E+01  7.275768E+00  4.248498E+01  1.898600E+01  3.897054E+01  1.616669E+01 -1.019998E+01 -5.823192E+00 -9.807338E-01 -5.207114E-01 -1.823184E-01 -3.577979E-01
  3.480  2.907112E+01  8.005908E+00  4.282826E+01  2.101391E+01  3.983510E+01  1.715372E+01 -1.039908E+01 -6.542538E+00 -1.008410E+00 -5.881337E-01 -1.447678E-01 -4.081806E-01
  3.500  2.955232E+01  8.836102E+00  4.294825E+01  2.316138E+01  4.072556E+01  1.837621E+01 -1.053004E+01 -7.355576E+00 -1.031157E+00 -6.653672E-01 -9.185016E-02 -4.550921E-01
  3.520  2.996900E+01  9.770871E+00  4.282611E+01  2.539227E+01  4.158072E+01  1.985657E+01 -1.056319E+01 -8.262411E+00 -1.046028E+00 -7.526335E-01 -2.294353E-02 -4.937710E-01
  3.540  3.028646E+01  1.080558E+01  4.244884E+01  2.767898E+01  4.233119E+01  2.160201E+01 -1.046191E+01 -9.254416E+00 -1.049496E+00 -8.489526E-01  6.113670E-02 -5.187490E-01
  3.560  3.046578E+01  1.192036E+01  4.179332E+01  2.999986E+01  4.290190E+01  2.359963E+01 -1.018420E+01 -1.030787E+01 -1.038100E+00 -9.515882E-01  1.576849E-01 -5.240827E-01
  3.580  3.047174E+01  1.307449E+01  4.081848E+01  3.231958E+01  4.321926E+01  2.581109E+01 -9.689828E+00 -1.137657E+01 -1.009604E+00 -1.055879E+00  2.612608E-01 -5.039531E-01
  3.600  3.028658E+01  1.420580E+01  3.948073E+01  3.456623E+01  4.322347E+01  2.817186E+01 -8.954842E+00 -1.238884E+01 -9.644412E-01 -1.155981E+00  3.630081E-01 -4.545085E-01
  3.620  2.992537E+01  1.524094E+01  3.776787E+01  3.662898E+01  4.288117E+01  3.059967E+01 -7.989675E+00 -1.325624E+01 -9.066160E-01 -1.246863E+00  4.519789E-01 -3.767119E-01
  3.640  2.944288E+01  1.611787E+01  3.572635E+01  3.838636E+01  4.218941E+01  3.301069E+01 -6.849408E+00 -1.389638E+01 -8.428806E-01 -1.327046E+00  5.194081E-01 -2.773395E-01
  3.660  2.892189E+01  1.681128E+01  3.345729E+01  3.974771E+01  4.116663E+01  3.533250E+01 -5.624858E+00 -1.426036E+01 -7.796224E-01 -1.400419E+00  5.626429E-01 -1.651112E-01
  3.680  2.844455E+01  1.734400E+01  3.108379E+01  4.067588E+01  3.983975E+01  3.750308E+01 -4.416042E+00 -1.434695E+01 -7.186625E-01 -1.475156E+00  5.831762E-01 -4.457667E-02
  3.700  2.806360E+01  1.777499E+01  2.871901E+01  4.117787E+01  3.824375E+01  3.945964E+01 -3.305283E+00 -1.419448E+01 -6.547700E-01 -1.559394E+00  5.794288E-01  8.443977E-02
  3.720  2.779099E+01  1.817272E+01  2.645878E+01  4.128321E+01  3.643749E+01  4.113686E+01 -2.346162E+00 -1.386082E+01 -5.772326E-01 -1.656020E+00  5.432719E-01  2.194347E-01
  3.740  2.760629E+01  1.859163E+01  2.439090E+01  4.103651E+01  3.451768E+01  4.248778E+01 -1.567547E+00 -1.340794E+01 -4.748819E-01 -1.760261E+00  4.661608E-01  3.483702E-01
  3.760  2.747465E+01  1.906252E+01  2.259686E+01  4.050668E+01  3.260825E+01  4.351705E+01 -9.803651E-01 -1.289731E+01 -3.409655E-01 -1.861716E+00  3.487224E-01  4.521653E-01
  3.780  2.736219E+01  1.959645E+01  2.113648E+01  3.979326E+01  3.082132E+01  4.429971E+01 -5.790470E-01 -1.238943E+01 -1.745577E-01 -1.948700E+00  2.036721E-01  5.141675E-01
  3.800  2.724165E+01  2.019520E+01  2.002836E+01  3.901483E+01  2.921012E+01  4.496587E+01 -3.395943E-01 -1.194025E+01  2.142103E-02 -2.011212E+00  5.031006E-02  5.273966E-01
  3.820  2.708787E+01  2.085877E+01  1.924471E+01  3.828435E+01  2.774263E+01  4.565467E+01 -2.202436E-01 -1.159358E+01  2.427721E-01 -2.040751E+00 -9.313186E-02  4.947552E-01
  3.840  2.687013E+01  2.158292E+01  1.872459E+01  3.769009E+01  2.631147E+01  4.646202E+01 -1.675346E-01 -1.137387E+01  4.843017E-01 -2.028178E+00 -2.134018E-01  4.246438E-01
  3.860  2.655208E+01  2.234853E+01  1.839088E+01  3.729311E+01  2.477189E+01  4.740762E+01 -1.259282E-01 -1.128334E+01  7.369828E-01 -1.962697E+00 -3.014613E-01  3.270150E-01
  3.880  2.610397E+01  2.311368E+01  1.815585E+01  3.713367E+01  2.298631E+01  4.843046E+01 -4.722027E-02 -1.130472E+01  9.843877E-01 -1.834927E+00 -3.500546E-01  2.129444E-01
  3.900  2.552006E+01  2.381916E+01  1.791600E+01  3.722985E+01  2.085978E+01  4.940428E+01  1.034541E-01 -1.140808E+01  1.203057E+00 -1.643563E+00 -3.535730E-01  9.710741E-02
  3.920  2.482739E+01  2.440706E+01  1.755133E+01  3.756208E+01  1.836340E+01  5.016349E+01  3.468859E-01 -1.155892E+01  1.369352E+00 -1.400369E+00 -3.120840E-01 -5.978474E-04
  3.940  2.407799E+01  2.484115E+01  1.694208E+01  3.805384E+01  1.554567E+01  5.053535E+01  6.938278E-01 -1.172334E+01  1.468741E+00 -1.127679E+00 -2.372007E-01 -5.854544E-02
  3.960  2.332921E+01  2.511465E+01  1.600317E+01  3.856457E+01  1.252900E+01  5.037440E+01  1.149853E+00 -1.186736E+01  1.499537E+00 -8.494649E-01 -1.539598E-01 -6.263622E-02
  3.980  2.262673E+01  2.524128E+01  1.472445E+01  3.890820E+01  9.491569E+00  4.959136E+01  1.715258E+00 -1.195202E+01  1.468462E+00 -5.840354E-01 -9.400611E-02 -1.602777E-02
  4.000  2.200249E+01  2.523924E+01  1.319676E+01  3.889944E+01  6.639809E+00  4.817124E+01  2.377559E+00 -1.193093E+01  1.384211E+00 -3.438416E-01 -8.188565E-02  5.879675E-02
  4.020  2.148574E+01  2.512346E+01  1.160396E+01  3.841401E+01  4.176263E+00  4.617949E+01  3.101607E+00 -1.175723E+01  1.255576E+00 -1.391018E-01 -1.231697E-01  1.294018E-01
  4.040  2.111364E+01  2.491305E+01  1.017594E+01  3.743504E+01  2.266480E+00  4.375445E+01  3.827304E+00 -1.139961E+01  1.093576E+00  2.081780E-02 -2.033304E-01  1.688044E-01
  4.060  2.092869E+01  2.464590E+01  9.121350E+00  3.606057E+01  1.011319E+00  4.108511E+01  4.481042E+00 -1.085794E+01  9.129473E-01  1.296282E-01 -2.979327E-01  1.660469E-01
  4.080  2.096268E+01  2.438618E+01  8.571953E+00  3.446857E+01  4.328395E-01  3.837740E+01  4.996501E+00 -1.016716E+01  7.304797E-01  1.871145E-01 -3.855531E-01  1.256865E-01
  4.100  2.121837E+01  2.421660E+01  8.562647E+00  3.286076E+01  4.791895E-01  3.581835E+01  5.332640E+00 -9.386111E+00  5.611577E-01  1.999263E-01 -4.545089E-01  5.973286E-02
  4.120  2.166094E+01  2.422001E+01  9.046748E+00  3.141409E+01  1.046084E+00  3.355010E+01  5.479374E+00 -8.578727E+00  4.147448E-01  1.793620E-01 -5.019097E-01 -2.016733E-02
  4.140  2.222206E+01  2.446021E+01  9.928457E+00  3.025620E+01  2.004591E+00  3.166030E+01  5.450978E+00 -7.798490E+00  2.948046E-01  1.376893E-01 -5.293350E-01 -1.061056E-01
  4.160  2.281228E+01  2.496921E+01  1.109339E+01  2.946317E+01  3.224397E+00  3.018670E+01  5.274036E+00 -7.081676E+00  2.000717E-01  8.519848E-02 -5.392490E-01 -1.935683E-01
  4.180  2.333617E+01  2.574145E+01  1.242813E+01  2.906879E+01  4.588068E+00  2.912777E+01  4.976746E+00 -6.448565E+00  1.267192E-01  2.899903E-02 -5.334842E-01 -2.797176E-01
  4.200  2.370815E+01  2.673405E+01  1.382950E+01  2.907544E+01  5.998328E+00  2.845315E+01  4.582574E+00 -5.908679E+00  7.025439E-02 -2.678609E-02 -5.133824E-01 -3.619011E-01
  4.220  2.386812E+01  2.787311E+01  1.520853E+01  2.946203E+01  7.382784E+00  2.811235E+01  4.108108E+00 -5.466717E+00  2.662020E-02 -8.022069E-02 -4.807982E-01 -4.371051E-01
  4.240  2.379419E+01  2.906759E+01  1.649386E+01  3.018965E+01  8.698407E+00  2.804415E+01  3.563753E+00 -5.127531E+00 -7.357821E-03 -1.307000E-01 -4.390974E-01 -5.026019E-01
  4.260  2.350794E+01  3.022951E+01  1.763577E+01  3.120822E+01  9.933535E+00  2.818967E+01  2.956065E+00 -4.899755E+00 -3.392824E-02 -1.782387E-01 -3.931623E-01 -5.574597E-01
  4.280  2.306803E+01  3.129605E+01  1.860817E+01  3.246647E+01  1.110219E+01  2.850751E+01  2.291161E+00 -4.798253E+00 -5.463509E-02 -2.229407E-01 -3.478872E-01 -6.036931E-01
  4.300  2.255141E+01  3.224590E+01  1.940438E+01  3.392282E+01  1.222913E+01  2.898358E+01  1.579347E+00 -4.845378E+00 -7.074332E-02 -2.647231E-01 -3.061260E-01 -6.457231E-01
  4.320  2.202714E+01  3.310202E+01  2.002739E+01  3.555148E+01  1.333253E+01  2.962898E+01  8.414332E-01 -5.070040E+00 -8.371341E-02 -3.034300E-01 -2.679572E-01 -6.885235E-01
  4.340  2.153336E+01  3.391758E+01  2.048076E+01  3.734179E+01  1.441404E+01  3.046899E+01  1.157684E-01 -5.502137E+00 -9.538766E-02 -3.393302E-01 -2.315254E-01 -7.365026E-01
  4.360  2.106836E+01  3.475141E+01  2.076351E+01  3.929595E+01  1.545843E+01  3.153259E+01 -5.382599E-01 -6.160759E+00 -1.075977E-01 -3.736184E-01 -1.934333E-01 -7.938926E-01
  4.380  2.059819E+01  3.564500E+01  2.086438E+01  4.142872E+01  1.643606E+01  3.284789E+01 -1.046169E+00 -7.039564E+00 -1.214184E-01 -4.083454E-01 -1.474406E-01 -8.646713E-01
  4.400  2.007483E+01  3.661012E+01  2.075188E+01  4.376368E+01  1.730248E+01  3.443971E+01 -1.334928E+00 -8.098201E+00 -1.367908E-01 -4.457283E-01 -8.326856E-02 -9.501449E-01
  4.420  1.945611E+01  3.762984E+01  2.036538E+01  4.632035E+01  1.799627E+01  3.632443E+01 -1.352485E+00 -9.267080E+00 -1.528228E-01 -4.875257E-01  1.190191E-02 -1.045304E+00
  4.440  1.871941E+01  3.867074E+01  1.961624E+01  4.909492E+01  1.843981E+01  3.850103E+01 -1.079339E+00 -1.046343E+01 -1.682482E-01 -5.348934E-01  1.489509E-01 -1.136757E+00
  4.460  1.786337E+01  3.969884E+01  1.840130E+01  5.204354E+01  1.854551E+01  4.094147E+01 -5.277269E-01 -1.160913E+01 -1.817622E-01 -5.883603E-01  3.311200E-01 -1.204150E+00
  4.480  1.690065E+01  4.069021E+01  1.662552E+01  5.507570E+01  1.822866E+01  4.358400E+01  2.672703E-01 -1.264283E+01 -1.926212E-01 -6.479636E-01  5.496555E-01 -1.225734E+00
  4.500  1.584902E+01  4.163498E+01  1.422529E+01  5.806363E+01  1.742476E+01  4.633522E+01  1.259397E+00 -1.352605E+01 -2.011535E-01 -7.142885E-01  7.842555E-01 -1.186944E+00
  4.520  1.472157E+01  4.253826E+01  1.117827E+01  6.086524E+01  1.610294E+01  4.908457E+01  2.405164E+00 -1.424365E+01 -2.077945E-01 -7.900362E-01  1.010762E+00 -1.087105E+00
  4.540  1.351396E+01  4.341425E+01  7.490888E+00  6.334264E+01  1.426411E+01  5.172414E+01  3.677899E+00 -1.479437E+01 -2.105215E-01 -8.800741E-01  1.212592E+00 -9.374237E-01
  4.560  1.219727E+01  4.426683E+01  3.178616E+00  6.535439E+01  1.192451E+01  5.415632E+01  5.071314E+00 -1.517049E+01 -2.030122E-01 -9.888747E-01  1.385968E+00 -7.493593E-01
  4.580  1.073225E+01  4.506520E+01 -1.728085E+00  6.672513E+01  9.104310E+00  5.627955E+01  6.583323E+00 -1.533932E+01 -1.756952E-01 -1.117248E+00  1.531787E+00 -5.232384E-01
  4.600  9.105040E+00  4.573854E+01 -7.135433E+00  6.723019E+01  5.843771E+00  5.796778E+01  8.187474E+00 -1.524489E+01 -1.188550E-01 -1.261241E+00  1.639859E+00 -2.502666E-01
  4.620  7.359866E+00  4.620553E+01 -1.282378E+01  6.663681E+01  2.243154E+00  5.907753E+01  9.813950E+00 -1.483451E+01 -2.487984E-02 -1.413726E+00  1.682022E+00  7.007857E-02
  4.640  5.597487E+00  4.642576E+01 -1.843155E+01  6.480179E+01 -1.511397E+00  5.949910E+01  1.135797E+01 -1.409369E+01  1.121432E-01 -1.566348E+00  1.625499E+00  4.125177E-01
  4.660  3.930744E+00  4.643623E+01 -2.352494E+01  6.176692E+01 -5.175790E+00  5.922387E+01  1.271301E+01 -1.306473E+01  2.982052E-01 -1.708989E+00  1.457845E+00  7.276270E-01
  4.680  2.424002E+00  4.634204E+01 -2.772494E+01  5.778038E+01 -8.526995E+00  5.837325E+01  1.380694E+01 -1.183569E+01  5.389205E-01 -1.826507E+00  1.200992E+00  9.644338E-01
  4.700  1.058085E+00  4.626518E+01 -3.081501E+01  5.322573E+01 -1.144344E+01  5.715987E+01  1.461927E+01 -1.050962E+01  8.344138E-01 -1.896441E+00  9.021198E-01  1.094980E+00
  4.720 -2.580088E-01  4.628558E+01 -3.277266E+01  4.850676E+01 -1.393462E+01  5.580494E+01  1.517418E+01 -9.174611E+00  1.171937E+00 -1.892729E+00  6.112490E-01  1.122361E+00
  4.740 -1.641555E+00  4.640964E+01 -3.372794E+01  4.395298E+01 -1.610937E+01  5.446444E+01  1.552071E+01 -7.888248E+00  1.523206E+00 -1.796372E+00  3.634770E-01  1.071534E+00
  4.760 -3.187773E+00  4.657694E+01 -3.389039E+01  3.977765E+01 -1.811410E+01  5.319925E+01  1.571299E+01 -6.676881E+00  1.852381E+00 -1.606270E+00  1.738768E-01  9.745230E-01
  4.780 -4.943235E+00  4.669103E+01 -3.348345E+01  3.608186E+01 -2.007948E+01  5.198644E+01  1.579726E+01 -5.543099E+00  2.131210E+00 -1.339399E+00  4.155137E-02  8.595730E-01
  4.800 -6.905275E+00  4.665074E+01 -3.270302E+01  3.288233E+01 -2.209135E+01  5.074768E+01  1.580580E+01 -4.475361E+00  2.347850E+00 -1.017853E+00 -4.357003E-02  7.464217E-01
  4.820 -9.034475E+00  4.636741E+01 -3.169936E+01  3.014433E+01 -2.417906E+01  4.937678E+01  1.575575E+01 -3.456792E+00  2.500227E+00 -6.553199E-01 -9.479604E-02  6.457747E-01
  4.840 -1.126485E+01  4.576958E+01 -3.057558E+01  2.781026E+01 -2.631132E+01  4.776548E+01  1.565089E+01 -2.472501E+00  2.582061E+00 -2.570480E-01 -1.244604E-01  5.609913E-01
  4.860 -1.350691E+01  4.480633E+01 -2.939627E+01  2.581970E+01 -2.840053E+01  4.583126E+01  1.548593E+01 -1.515291E+00  2.577011E+00  1.682235E-01 -1.415881E-01  4.909235E-01
  4.880 -1.565012E+01  4.345626E+01 -2.819992E+01  2.411930E+01 -3.032128E+01  4.354282E+01  1.525313E+01 -5.888632E-01  2.465984E+00  5.970873E-01 -1.516292E-01  4.328534E-01
  4.900 -1.757283E+01  4.173935E+01 -2.700888E+01  2.266446E+01 -3.194086E+01  4.093273E+01  1.495031E+01  2.931580E-01  2.241204E+00  9.902837E-01 -1.576723E-01  3.842526E-01
  4.920 -1.916081E+01  3.972361E+01 -2.583383E+01  2.141832E+01 -3.315178E+01  3.809191E+01  1.458730E+01  1.113472E+00  1.917747E+00  1.303071E+00 -1.616928E-01  3.430326E-01
  4.940 -2.032968E+01  3.752119E+01 -2.467549E+01  2.035330E+01 -3.389546E+01  3.514884E+01  1.418696E+01  1.861204E+00  1.534319E+00  1.502361E+00 -1.649573E-01  3.072311E-01
  4.960 -2.104445E+01  3.527245E+01 -2.352877E+01  1.945480E+01 -3.417172E+01  3.224097E+01  1.377849E+01  2.541010E+00  1.140776E+00  1.579875E+00 -1.679499E-01  2.750300E-01
  4.980 -2.132884E+01  3.312022E+01 -2.239058E+01  1.872240E+01 -3.403266E+01  2.948701E+01  1.338546E+01  3.175375E+00  7.804150E-01  1.552167E+00 -1.704833E-01  2.450683E-01
  5.000 -2.125927E+01  3.118230E+01 -2.126781E+01  1.816564E+01 -3.356442E+01  2.696763E+01  1.301525E+01  3.798307E+00  4.789425E-01  1.449338E+00 -1.720805E-01  2.165966E-01
  5.020 -2.094552E+01  2.953213E+01 -2.018122E+01  1.779605E+01 -3.286384E+01  2.471905E+01  1.265495E+01  4.444401E+00  2.444527E-01  1.302160E+00 -1.722988E-01  1.893378E-01
  5.040 -2.050628E+01  2.819331E+01 -1.916467E+01  1.761905E+01 -3.201766E+01  2.273893E+01  1.227375E+01  5.138618E+00  7.393461E-02  1.134958E+00 -1.708140E-01  1.632763E-01
  5.060 -2.004872E+01  2.714631E+01 -1.826154E+01  1.762747E+01 -3.108918E+01  2.100024E+01  1.182875E+01  5.889111E+00 -4.021063E-02  9.648892E-01 -1.673902E-01  1.385861E-01
  5.080 -1.965665E+01  2.634113E+01 -1.751908E+01  1.779629E+01 -3.011481E+01  1.946809E+01  1.127249E+01  6.682478E+00 -1.069991E-01  8.041070E-01 -1.619324E-01  1.156520E-01
  5.100 -1.938636E+01  2.570944E+01 -1.697981E+01  1.807877E+01 -2.910975E+01  1.811371E+01  1.056248E+01  7.480947E+00 -1.364555E-01  6.612741E-01 -1.546405E-01  9.500393E-02
  5.120 -1.926522E+01  2.517300E+01 -1.666909E+01  1.840674E+01 -2.807907E+01  1.692101E+01  9.673959E+00  8.223578E+00 -1.394972E-01  5.414258E-01 -1.460951E-01  7.709188E-02
  5.140 -1.928863E+01  2.465200E+01 -1.658132E+01  1.869940E+01 -2.702779E+01  1.588507E+01  8.613576E+00  8.835604E+00 -1.267057E-01  4.455704E-01 -1.371437E-01  6.203365E-02
  5.160 -1.941797E+01  2.407877E+01 -1.667214E+01  1.888224E+01 -2.596587E+01  1.500660E+01  7.427065E+00  9.247700E+00 -1.066809E-01  3.713780E-01 -1.286411E-01  4.950995E-02
  5.180 -1.958822E+01  2.341595E+01 -1.686478E+01  1.891068E+01 -2.490856E+01  1.428692E+01  6.192639E+00  9.419507E+00 -8.520159E-02  3.147597E-01 -1.212036E-01  3.885055E-02
  5.200 -1.972877E+01  2.266863E+01 -1.707236E+01  1.878617E+01 -2.387493E+01  1.372536E+01  4.998852E+00  9.355211E+00 -6.545529E-02  2.713675E-01 -1.150892E-01  2.922936E-02
  5.220 -1.978993E+01  2.188010E+01 -1.722694E+01  1.855430E+01 -2.288685E+01  1.331835E+01  3.916411E+00  9.101103E+00 -4.882213E-02  2.374496E-01 -1.102174E-01  1.985771E-02
  5.240 -1.976123E+01  2.111091E+01 -1.730109E+01  1.828469E+01 -2.196884E+01  1.305832E+01  2.978404E+00  8.725609E+00 -3.566997E-02  2.100779E-01 -1.062813E-01  1.009711E-02
  5.260 -1.967226E+01  2.041134E+01 -1.731168E+01  1.804285E+01 -2.114778E+01  1.293168E+01  2.178182E+00  8.292683E+00 -2.589056E-02  1.870009E-01 -1.028729E-01 -5.410936E-04
  5.280 -1.957685E+01  1.980012E+01 -1.730685E+01  1.786741E+01 -2.045126E+01  1.291566E+01  1.483442E+00  7.841706E+00 -1.910815E-02  1.663774E-01 -9.953623E-02 -1.248772E-02
  5.300 -1.952859E+01  1.925732E+01 -1.734419E+01  1.776048E+01 -1.990285E+01  1.297551E+01  8.575465E-01  7.381360E+00 -1.461435E-02  1.466126E-01 -9.568236E-02 -2.622381E-02
  5.320 -1.955758E+01  1.873307E+01 -1.746969E+01  1.769185E+01 -1.951446E+01  1.306463E+01  2.779953E-01  6.897369E+00 -1.120524E-02  1.264639E-01 -9.035005E-02 -4.227801E-02
  5.340 -1.965736E+01  1.816843E+01 -1.770463E+01  1.761271E+01 -1.927814E+01  1.313080E+01 -2.550845E-01  6.368564E+00 -7.217455E-03  1.054181E-01 -8.189798E-02 -6.092681E-02
  5.360 -1.978779E+01  1.751948E+01 -1.804286E+01  1.747206E+01 -1.916284E+01  1.312868E+01 -7.225528E-01  5.782915E+00 -1.009851E-03  8.403549E-02 -6.797020E-02 -8.146689E-02
  5.380 -1.989212E+01  1.677335E+01 -1.845656E+01  1.722922E+01 -1.912105E+01  1.303325E+01 -1.098048E+00  5.146169E+00  8.288980E-03  6.377285E-02 -4.626923E-02 -1.013763E-01
  5.400 -1.991841E+01  1.594919E+01 -1.890533E+01  1.686014E+01 -1.910384E+01  1.284598E+01 -1.360768E+00  4.480909E+00  2.041477E-02  4.622479E-02 -1.617361E-02 -1.163384E-01
  5.420 -1.983468E+01  1.508694E+01 -1.934481E+01  1.635860E+01 -1.907623E+01  1.258940E+01 -1.503625E+00  3.818835E+00  3.431127E-02  3.244013E-02  1.997805E-02 -1.218407E-01
  5.440 -1.963311E+01  1.423210E+01 -1.973355E+01  1.573459E+01 -1.902506E+01  1.229347E+01 -1.534534E+00  3.190911E+00  4.865414E-02  2.281436E-02  5.739486E-02 -1.154180E-01
  5.460 -1.932576E+01  1.342357E+01 -2.003821E+01  1.501095E+01 -1.895635E+01  1.198112E+01 -1.471674E+00  2.620111E+00  6.203951E-02  1.718617E-02  9.087479E-02 -9.763938E-02
  5.480 -1.893630E+01  1.268727E+01 -2.023735E+01  1.421860E+01 -1.888488E+01  1.165923E+01 -1.336542E+00  2.119731E+00  7.313331E-02  1.470406E-02  1.165776E-01 -7.131392E-02
  5.500 -1.849140E+01  1.203510E+01 -2.032266E+01  1.339026E+01 -1.882070E+01  1.131849E+01 -1.149553E+00  1.696256E+00  8.117573E-02  1.377747E-02  1.325012E-01 -4.015430E-02
  5.520 -1.801418E+01  1.146822E+01 -2.029630E+01  1.255460E+01 -1.875926E+01  1.094223E+01 -9.298681E-01  1.352568E+00  8.651930E-02  1.259743E-02  1.382221E-01 -7.974530E-03
  5.540 -1.752123E+01  1.098252E+01 -2.016568E+01  1.173402E+01 -1.868036E+01  1.051975E+01 -6.970294E-01  1.088259E+00  9.054085E-02  1.003555E-02  1.347098E-01  2.169088E-02
  5.560 -1.702377E+01  1.057367E+01 -1.993957E+01  1.094660E+01 -1.855691E+01  1.005621E+01 -4.707990E-01  8.976085E-01  9.482112E-02  6.149301E-03  1.242361E-01  4.608099E-02
  5.580 -1.653117E+01  1.023935E+01 -1.962805E+01  1.020889E+01 -1.836767E+01  9.573316E+00 -2.682122E-01  7.683643E-01  1.002893E-01  1.827402E-03  1.099295E-01  6.383052E-02
  5.600 -1.605422E+01  9.978194E+00 -1.924447E+01  9.536270E+00 -1.810597E+01  9.101511E+00 -1.000614E-01  6.834957E-01  1.070576E-01 -1.999566E-03  9.489112E-02  7.522274E-02
  5.620 -1.560625E+01  9.787024E+00 -1.880634E+01  8.940826E+00 -1.778083E+01  8.669870E+00  3.047951E-02  6.249983E-01  1.148857E-01 -4.807456E-03  8.135536E-02  8.179983E-02
  5.640 -1.520202E+01  9.658046E+00 -1.833406E+01  8.429277E+00 -1.741255E+01  8.299012E+00  1.266124E-01  5.772964E-01  1.236547E-01 -6.327093E-03  7.033453E-02  8.563709E-02
  5.660 -1.485471E+01  9.577236E+00 -1.784864E+01  8.002123E+00 -1.702682E+01  7.998250E+00  1.955807E-01  5.288612E-01  1.334121E-01 -6.132159E-03  6.169466E-02  8.870964E-02
  5.680 -1.457204E+01  9.524878E+00 -1.736970E+01  7.653930E+00 -1.664962E+01  7.765448E+00  2.467309E-01  4.725132E-01  1.440178E-01 -3.418297E-03  5.439856E-02  9.245398E-02
  5.700 -1.435289E+01  9.478906E+00 -1.691383E+01  7.374089E+00 -1.630296E+01  7.588096E+00  2.900977E-01  4.054878E-01  1.546990E-01  2.803952E-03  4.683705E-02  9.740940E-02
  5.720 -1.418673E+01  9.420023E+00 -1.649322E+01  7.147738E+00 -1.600078E+01  7.445492E+00  3.347459E-01  3.294509E-01  1.638584E-01  1.314492E-02  3.737568E-02  1.029485E-01
  5.740 -1.405610E+01  9.336197E+00 -1.611411E+01  6.957069E+00 -1.574529E+01  7.313016E+00  3.866854E-01  2.495837E-01  1.693969E-01  2.716806E-02  2.514667E-02  1.073734E-01
  5.760 -1.394084E+01  9.225192E+00 -1.577541E+01  6.783556E+00 -1.552569E+01  7.168888E+00  4.475017E-01  1.721422E-01  1.695686E-01  4.308608E-02  1.070918E-02  1.086568E-01
  5.780 -1.382293E+01  9.095303E+00 -1.546824E+01  6.611475E+00 -1.532150E+01  7.001513E+00  5.150856E-01  1.014688E-01  1.639288E-01  5.823977E-02 -4.040320E-03  1.055828E-01
  5.800 -1.369226E+01  8.963725E+00 -1.517782E+01  6.431949E+00 -1.511048E+01  6.813418E+00  5.863235E-01  3.845620E-02  1.536303E-01  7.021285E-02 -1.684749E-02  9.847363E-02
  5.820 -1.355138E+01  8.851253E+00 -1.488806E+01  6.245401E+00 -1.487733E+01  6.619012E+00  6.598659E-01 -1.851252E-02  1.407727E-01  7.777199E-02 -2.626343E-02  8.890794E-02
  5.840 -1.341658E+01  8.774032E+00 -1.458704E+01  6.060477E+00 -1.461851E+01  6.437664E+00  7.371494E-01 -7.111836E-02  1.273851E-01  8.095746E-02 -3.212740E-02  7.874908E-02
  5.860 -1.331345E+01  8.735596E+00 -1.427028E+01  5.889778E+00 -1.434171E+01  6.286279E+00  8.214478E-01 -1.189327E-01  1.148533E-01  8.050444E-02 -3.522003E-02  6.929805E-02
  5.880 -1.326811E+01  8.722580E+00 -1.394060E+01  5.744988E+00 -1.406192E+01  6.174446E+00  9.159020E-01 -1.585139E-01  1.039850E-01  7.727413E-02 -3.658728E-02  6.102457E-02
  5.900 -1.329685E+01  8.706233E+00 -1.360522E+01  5.633884E+00 -1.379639E+01  6.102653E+00  1.021472E+00 -1.838571E-01  9.531513E-02  7.210371E-02 -3.701160E-02  5.376419E-02
  5.920 -1.339774E+01  8.650333E+00 -1.327264E+01  5.560001E+00 -1.356009E+01  6.062847E+00  1.135449E+00 -1.879877E-01  8.919787E-02  6.595619E-02 -3.677379E-02  4.710666E-02
  5.940 -1.354869E+01  8.523502E+00 -1.295060E+01  5.524084E+00 -1.336182E+01  6.040884E+00  1.251134E+00 -1.652930E-01  8.559533E-02  5.997167E-02 -3.569238E-02  4.080445E-02
  5.960 -1.371406E+01  8.310565E+00 -1.264597E+01  5.525850E+00 -1.320207E+01  6.020710E+00  1.359029E+00 -1.137426E-01  8.387410E-02  5.518565E-02 -3.342120E-02  3.505785E-02
  5.980 -1.385712E+01  8.016912E+00 -1.236583E+01  5.564822E+00 -1.307359E+01  5.989356E+00  1.449207E+00 -3.597560E-02  8.294192E-02  5.211377E-02 -2.988270E-02  3.050165E-02
