
 **** DERIVATIVE DATABASE ****    
+DDB, Version number    100401

 DDB file merged by ElasticWork on Mon Aug 13 17:47:44 2018

    usepaw         0
     natom         4
      nkpt         8
    nsppol         1
      nsym        12
    ntypat         2
    occopt         1
     nband         8
     acell  0.10000000000000D+01  0.10000000000000D+01  0.10000000000000D+01
       amu  0.26981539000000D+02  0.74921590000000D+02
   dilatmx  0.10000000000000D+01
      ecut  0.60000000000000D+01
    ecutsm  0.50000000000000D+00
     intxc         0
      iscf         7
       ixc         1
       kpt  0.00000000000000D+00  0.00000000000000D+00  0.12500000000000D+00
            0.25000000000000D+00  0.00000000000000D+00  0.12500000000000D+00
            0.50000000000000D+00  0.00000000000000D+00  0.12500000000000D+00
            0.25000000000000D+00  0.25000000000000D+00  0.12500000000000D+00
            0.00000000000000D+00  0.00000000000000D+00  0.37500000000000D+00
            0.25000000000000D+00  0.00000000000000D+00  0.37500000000000D+00
            0.50000000000000D+00  0.00000000000000D+00  0.37500000000000D+00
            0.25000000000000D+00  0.25000000000000D+00  0.37500000000000D+00
    kptnrm  0.10000000000000D+01
     ngfft        18   18   30
    nspden         1
   nspinor         1
       occ  0.20000000000000D+01  0.20000000000000D+01  0.20000000000000D+01
            0.20000000000000D+01  0.20000000000000D+01  0.20000000000000D+01
            0.20000000000000D+01  0.20000000000000D+01
     rprim  0.65289350475000D+01  0.37694824072000D+01  0.00000000000000D+00
           -0.65289350475000D+01  0.37694824072000D+01  0.00000000000000D+00
            0.00000000000000D+00  0.00000000000000D+00  0.12277795374000D+02
  dfpt_sciss  0.00000000000000D+00
    spinat  0.00000000000000D+00  0.00000000000000D+00  0.00000000000000D+00
            0.00000000000000D+00  0.00000000000000D+00  0.00000000000000D+00
            0.00000000000000D+00  0.00000000000000D+00  0.00000000000000D+00
            0.00000000000000D+00  0.00000000000000D+00  0.00000000000000D+00
    symafm         1    1    1    1    1    1    1    1    1    1    1    1
    symrel         1    0    0    0    1    0    0    0    1
                   0    1    0    1    0    0    0    0    1
                   1    1    0   -1    0    0    0    0    1
                  -1    0    0    1    1    0    0    0    1
                   0    1    0   -1   -1    0    0    0    1
                  -1   -1    0    0    1    0    0    0    1
                  -1    0    0    0   -1    0    0    0    1
                   0   -1    0   -1    0    0    0    0    1
                  -1   -1    0    1    0    0    0    0    1
                   1    0    0   -1   -1    0    0    0    1
                   0   -1    0    1    1    0    0    0    1
                   1    1    0    0   -1    0    0    0    1
     tnons  0.00000000000000D+00  0.00000000000000D+00  0.00000000000000D+00
            0.00000000000000D+00  0.00000000000000D+00  0.50000000000000D+00
            0.10000000827404D-09  0.00000000000000D+00  0.50000000000000D+00
           -0.99999897251735D-10  0.00000000000000D+00  0.00000000000000D+00
            0.00000000000000D+00  0.10000000827404D-09  0.00000000000000D+00
            0.00000000000000D+00 -0.99999897251735D-10  0.50000000000000D+00
            0.00000000000000D+00  0.00000000000000D+00  0.50000000000000D+00
            0.00000000000000D+00  0.00000000000000D+00  0.00000000000000D+00
           -0.99999897251735D-10  0.00000000000000D+00  0.00000000000000D+00
            0.10000000827404D-09  0.00000000000000D+00  0.50000000000000D+00
            0.00000000000000D+00 -0.99999897251735D-10  0.50000000000000D+00
            0.00000000000000D+00  0.10000000827404D-09  0.00000000000000D+00
    tolwfr  0.10000000000000D+01
   tphysel  0.00000000000000D+00
    tsmear  0.10000000000000D-01
     typat         1    1    2    2
       wtk  0.31250000000000D-01  0.18750000000000D+00  0.93750000000000D-01
            0.18750000000000D+00  0.31250000000000D-01  0.18750000000000D+00
            0.93750000000000D-01  0.18750000000000D+00
      xred  0.33333333333333D+00  0.66666666666667D+00  0.11102230246252D-15
            0.66666666666667D+00  0.33333333333333D+00  0.50000000000000D+00
            0.33333333333333D+00  0.66666666666667D+00  0.37608588370000D+00
            0.66666666666667D+00  0.33333333333333D+00  0.87608588370000D+00
     znucl  0.13000000000000D+02  0.33000000000000D+02
      zion  0.30000000000000D+01  0.50000000000000D+01
 
  Description of the potentials (KB energies)
  vrsio8 (for pseudopotentials)=100401
  usepaw =  0
  dimekb =  2       lmnmax=  2
  Atom type=    1   pspso=  0   nekb=   2
  iln lpsang iproj  ekb(:)
     1     0     1     2.5406576E+00  0.0000000E+00
     2     1     1     0.0000000E+00  1.3538152E+00
  Atom type=    2   pspso=  0   nekb=   1
  iln lpsang iproj  ekb(:)
     1     0     1     8.3875106E-01
 
 **** Database of total energy derivatives ****
 Number of data blocks=    3
  
 Total energy                 - # elements :       1
 -0.20270943772579D+02  0.00000000000000D+00
  
 1st derivatives              - # elements :      18
   1   1  0.00000000000000D+00  0.00000000000000D+00
   2   1  0.00000000000000D+00  0.00000000000000D+00
   3   1 -0.94571948657860D-06  0.00000000000000D+00
   1   2  0.00000000000000D+00  0.00000000000000D+00
   2   2  0.00000000000000D+00  0.00000000000000D+00
   3   2 -0.94571948657860D-06  0.00000000000000D+00
   1   3  0.00000000000000D+00  0.00000000000000D+00
   2   3  0.00000000000000D+00  0.00000000000000D+00
   3   3  0.99507439794555D-06  0.00000000000000D+00
   1   4  0.00000000000000D+00  0.00000000000000D+00
   2   4  0.00000000000000D+00  0.00000000000000D+00
   3   4  0.99507439794555D-06  0.00000000000000D+00
   1   7 -0.37994879768452D-09  0.00000000000000D+00
   2   7 -0.37995427117077D-09  0.00000000000000D+00
   3   7  0.77538140014557D-09  0.00000000000000D+00
   1   8  0.00000000000000D+00  0.00000000000000D+00
   2   8  0.00000000000000D+00  0.00000000000000D+00
   3   8  0.00000000000000D+00  0.00000000000000D+00
  
 2nd derivatives (non-stat.)  - # elements :     346
 qpt  0.00000000E+00  0.00000000E+00  0.00000000E+00   1.0
   1   1   1   1  0.54508668591125D+01  0.00000000000000D+00
   2   1   1   1 -0.27254334299124D+01  0.00000000000000D+00
   3   1   1   1  0.00000000000000D+00  0.00000000000000D+00
   1   2   1   1  0.11399329444562D+00  0.57495452329496D-16
   2   2   1   1 -0.56996647010962D-01 -0.12944481021547D-15
   3   2   1   1  0.00000000000000D+00  0.00000000000000D+00
   1   3   1   1 -0.31643613222968D+00 -0.27999976405949D-15
   2   3   1   1  0.15821806612017D+00  0.47385498987791D-16
   3   3   1   1  0.00000000000000D+00  0.00000000000000D+00
   1   4   1   1 -0.52484226503532D+01 -0.29444183163339D-15
   2   4   1   1  0.26242113242851D+01  0.92955154589694D-16
   3   4   1   1  0.00000000000000D+00  0.00000000000000D+00
   1   6   1   1 -0.73573153085203D+01  0.00000000000000D+00
   2   6   1   1  0.00000000000000D+00  0.00000000000000D+00
   3   6   1   1  0.00000000000000D+00  0.00000000000000D+00
   1   1   2   1 -0.27254334299124D+01  0.00000000000000D+00
   2   1   2   1  0.54508668591125D+01  0.00000000000000D+00
   3   1   2   1  0.00000000000000D+00  0.00000000000000D+00
   1   2   2   1 -0.56996647223520D-01 -0.12944481021547D-15
   2   2   2   1  0.11399329444563D+00  0.45047519490260D-17
   3   2   2   1  0.00000000000000D+00  0.00000000000000D+00
   1   3   2   1  0.15821806643087D+00  0.47385498987791D-16
   2   3   2   1 -0.31643613222968D+00  0.14777864601599D-15
   3   3   2   1  0.00000000000000D+00  0.00000000000000D+00
   1   4   2   1  0.26242113251708D+01  0.92955154589694D-16
   2   4   2   1 -0.52484226503532D+01  0.29066851211985D-15
   3   4   2   1  0.00000000000000D+00  0.00000000000000D+00
   1   6   2   1  0.00000000000000D+00  0.00000000000000D+00
   2   6   2   1 -0.73573153060607D+01  0.00000000000000D+00
   3   6   2   1  0.00000000000000D+00  0.00000000000000D+00
   1   1   3   1  0.00000000000000D+00  0.00000000000000D+00
   2   1   3   1  0.00000000000000D+00  0.00000000000000D+00
   3   1   3   1  0.16926414166277D+02  0.00000000000000D+00
   1   2   3   1  0.00000000000000D+00  0.00000000000000D+00
   2   2   3   1  0.00000000000000D+00  0.00000000000000D+00
   3   2   3   1 -0.25627811923756D+01 -0.49010713220847D-16
   1   3   3   1  0.00000000000000D+00  0.00000000000000D+00
   2   3   3   1  0.00000000000000D+00  0.00000000000000D+00
   3   3   3   1 -0.90126286780377D+01  0.19000217783455D-15
   1   4   3   1  0.00000000000000D+00  0.00000000000000D+00
   2   4   3   1  0.00000000000000D+00  0.00000000000000D+00
   3   4   3   1 -0.53510069725954D+01  0.63061857364518D-15
   1   6   3   1  0.00000000000000D+00  0.00000000000000D+00
   2   6   3   1  0.18503717077086D-16  0.00000000000000D+00
   3   6   3   1 -0.50625029801504D+01  0.00000000000000D+00
   1   1   1   2  0.11399329444562D+00 -0.57495452329496D-16
   2   1   1   2 -0.56996647223520D-01  0.12944481021547D-15
   3   1   1   2  0.00000000000000D+00  0.00000000000000D+00
   1   2   1   2  0.54508668591125D+01  0.00000000000000D+00
   2   2   1   2 -0.27254334299124D+01  0.00000000000000D+00
   3   2   1   2  0.00000000000000D+00  0.00000000000000D+00
   1   3   1   2 -0.52484226503532D+01  0.41532290261413D-16
   2   3   1   2  0.26242113251708D+01  0.20516807156257D-16
   3   3   1   2  0.00000000000000D+00  0.00000000000000D+00
   1   4   1   2 -0.31643613222968D+00  0.23760863577876D-15
   2   4   1   2  0.15821806643087D+00 -0.75715946495543D-16
   3   4   1   2  0.00000000000000D+00  0.00000000000000D+00
   1   6   1   2 -0.73573153060607D+01  0.00000000000000D+00
   2   6   1   2  0.00000000000000D+00  0.00000000000000D+00
   3   6   1   2  0.00000000000000D+00  0.00000000000000D+00
   1   1   2   2 -0.56996647010962D-01  0.12944481021547D-15
   2   1   2   2  0.11399329444563D+00 -0.45047519490260D-17
   3   1   2   2  0.00000000000000D+00  0.00000000000000D+00
   1   2   2   2 -0.27254334299124D+01  0.00000000000000D+00
   2   2   2   2  0.54508668591125D+01  0.00000000000000D+00
   3   2   2   2  0.00000000000000D+00  0.00000000000000D+00
   1   3   2   2  0.26242113242852D+01  0.20516807156257D-16
   2   3   2   2 -0.52484226503532D+01 -0.68268081726343D-16
   3   3   2   2  0.00000000000000D+00  0.00000000000000D+00
   1   4   2   2  0.15821806612017D+00 -0.75715946495543D-16
   2   4   2   2 -0.31643613222967D+00 -0.29397482535802D-15
   3   4   2   2  0.00000000000000D+00  0.00000000000000D+00
   1   6   2   2  0.00000000000000D+00  0.00000000000000D+00
   2   6   2   2 -0.73573153085203D+01  0.00000000000000D+00
   3   6   2   2  0.00000000000000D+00  0.00000000000000D+00
   1   1   3   2  0.00000000000000D+00  0.00000000000000D+00
   2   1   3   2  0.00000000000000D+00  0.00000000000000D+00
   3   1   3   2 -0.25627811923756D+01  0.49010713220847D-16
   1   2   3   2  0.00000000000000D+00  0.00000000000000D+00
   2   2   3   2  0.00000000000000D+00  0.00000000000000D+00
   3   2   3   2  0.16926414166277D+02  0.00000000000000D+00
   1   3   3   2  0.00000000000000D+00  0.00000000000000D+00
   2   3   3   2  0.00000000000000D+00  0.00000000000000D+00
   3   3   3   2 -0.53510069725954D+01  0.21560860890834D-15
   1   4   3   2  0.00000000000000D+00  0.00000000000000D+00
   2   4   3   2  0.00000000000000D+00  0.00000000000000D+00
   3   4   3   2 -0.90126286780377D+01  0.25365589259802D-15
   1   6   3   2  0.18503717077086D-16  0.00000000000000D+00
   2   6   3   2  0.00000000000000D+00  0.00000000000000D+00
   3   6   3   2 -0.50625029801504D+01  0.00000000000000D+00
   1   1   1   3 -0.31643613222968D+00  0.27999976405949D-15
   2   1   1   3  0.15821806643087D+00 -0.47385498987791D-16
   3   1   1   3  0.00000000000000D+00  0.00000000000000D+00
   1   2   1   3 -0.52484226503532D+01 -0.41532290261413D-16
   2   2   1   3  0.26242113242852D+01 -0.20516807156257D-16
   3   2   1   3  0.00000000000000D+00  0.00000000000000D+00
   1   3   1   3  0.54667949974389D+01  0.00000000000000D+00
   2   3   1   3 -0.27333974962355D+01  0.00000000000000D+00
   3   3   1   3  0.00000000000000D+00  0.00000000000000D+00
   1   4   1   3  0.98070822709307D-01  0.33741613535246D-15
   2   4   1   3 -0.49035411881568D-01 -0.82315592705474D-16
   3   4   1   3  0.00000000000000D+00  0.00000000000000D+00
   1   6   1   3 -0.50860877372615D+02  0.00000000000000D+00
   2   6   1   3  0.00000000000000D+00  0.00000000000000D+00
   3   6   1   3  0.00000000000000D+00  0.00000000000000D+00
   1   1   2   3  0.15821806612017D+00 -0.47385498987791D-16
   2   1   2   3 -0.31643613222968D+00 -0.14777864601599D-15
   3   1   2   3  0.00000000000000D+00  0.00000000000000D+00
   1   2   2   3  0.26242113251708D+01 -0.20516807156257D-16
   2   2   2   3 -0.52484226503532D+01  0.68268081726343D-16
   3   2   2   3  0.00000000000000D+00  0.00000000000000D+00
   1   3   2   3 -0.27333974962355D+01  0.00000000000000D+00
   2   3   2   3  0.54667949974389D+01  0.00000000000000D+00
   3   3   2   3  0.00000000000000D+00  0.00000000000000D+00
   1   4   2   3 -0.49035411356617D-01 -0.82315592705474D-16
   2   4   2   3  0.98070822709304D-01  0.18744764356857D-15
   3   4   2   3  0.00000000000000D+00  0.00000000000000D+00
   1   6   2   3  0.00000000000000D+00  0.00000000000000D+00
   2   6   2   3 -0.50860877372473D+02  0.00000000000000D+00
   3   6   2   3  0.00000000000000D+00  0.00000000000000D+00
   1   1   3   3  0.00000000000000D+00  0.00000000000000D+00
   2   1   3   3  0.00000000000000D+00  0.00000000000000D+00
   3   1   3   3 -0.90126286780377D+01 -0.19000217783455D-15
   1   2   3   3  0.00000000000000D+00  0.00000000000000D+00
   2   2   3   3  0.00000000000000D+00  0.00000000000000D+00
   3   2   3   3 -0.53510069725954D+01 -0.21560860890834D-15
   1   3   3   3  0.00000000000000D+00  0.00000000000000D+00
   2   3   3   3  0.00000000000000D+00  0.00000000000000D+00
   3   3   3   3  0.16973816030502D+02  0.00000000000000D+00
   1   4   3   3  0.00000000000000D+00  0.00000000000000D+00
   2   4   3   3  0.00000000000000D+00  0.00000000000000D+00
   3   4   3   3 -0.26101745983042D+01 -0.10823166460523D-15
   1   6   3   3  0.14802973661669D-15  0.00000000000000D+00
   2   6   3   3 -0.74014868308344D-16  0.00000000000000D+00
   3   6   3   3 -0.45351376170699D+02  0.00000000000000D+00
   1   1   1   4 -0.52484226503532D+01  0.29444183163339D-15
   2   1   1   4  0.26242113251708D+01 -0.92955154589694D-16
   3   1   1   4  0.00000000000000D+00  0.00000000000000D+00
   1   2   1   4 -0.31643613222968D+00 -0.23760863577876D-15
   2   2   1   4  0.15821806612017D+00  0.75715946495543D-16
   3   2   1   4  0.00000000000000D+00  0.00000000000000D+00
   1   3   1   4  0.98070822709307D-01 -0.33741613535246D-15
   2   3   1   4 -0.49035411356617D-01  0.82315592705474D-16
   3   3   1   4  0.00000000000000D+00  0.00000000000000D+00
   1   4   1   4  0.54667949974389D+01  0.00000000000000D+00
   2   4   1   4 -0.27333974962354D+01  0.00000000000000D+00
   3   4   1   4  0.00000000000000D+00  0.00000000000000D+00
   1   6   1   4 -0.50860877372473D+02  0.00000000000000D+00
   2   6   1   4  0.00000000000000D+00  0.00000000000000D+00
   3   6   1   4  0.00000000000000D+00  0.00000000000000D+00
   1   1   2   4  0.26242113242851D+01 -0.92955154589694D-16
   2   1   2   4 -0.52484226503532D+01 -0.29066851211985D-15
   3   1   2   4  0.00000000000000D+00  0.00000000000000D+00
   1   2   2   4  0.15821806643087D+00  0.75715946495543D-16
   2   2   2   4 -0.31643613222967D+00  0.29397482535802D-15
   3   2   2   4  0.00000000000000D+00  0.00000000000000D+00
   1   3   2   4 -0.49035411881568D-01  0.82315592705474D-16
   2   3   2   4  0.98070822709304D-01 -0.18744764356857D-15
   3   3   2   4  0.00000000000000D+00  0.00000000000000D+00
   1   4   2   4 -0.27333974962354D+01  0.00000000000000D+00
   2   4   2   4  0.54667949974389D+01  0.00000000000000D+00
   3   4   2   4  0.00000000000000D+00  0.00000000000000D+00
   1   6   2   4  0.00000000000000D+00  0.00000000000000D+00
   2   6   2   4 -0.50860877372615D+02  0.00000000000000D+00
   3   6   2   4  0.00000000000000D+00  0.00000000000000D+00
   1   1   3   4  0.00000000000000D+00  0.00000000000000D+00
   2   1   3   4  0.00000000000000D+00  0.00000000000000D+00
   3   1   3   4 -0.53510069725954D+01 -0.63061857364518D-15
   1   2   3   4  0.00000000000000D+00  0.00000000000000D+00
   2   2   3   4  0.00000000000000D+00  0.00000000000000D+00
   3   2   3   4 -0.90126286780377D+01 -0.25365589259802D-15
   1   3   3   4  0.00000000000000D+00  0.00000000000000D+00
   2   3   3   4  0.00000000000000D+00  0.00000000000000D+00
   3   3   3   4 -0.26101745983042D+01  0.10823166460523D-15
   1   4   3   4  0.00000000000000D+00  0.00000000000000D+00
   2   4   3   4  0.00000000000000D+00  0.00000000000000D+00
   3   4   3   4  0.16973816030502D+02  0.00000000000000D+00
   1   6   3   4 -0.74014868308344D-16  0.00000000000000D+00
   2   6   3   4  0.14802973661669D-15  0.00000000000000D+00
   3   6   3   4 -0.45351376170699D+02  0.00000000000000D+00
   1   1   1   6 -0.73573153085203D+01  0.00000000000000D+00
   2   1   1   6  0.00000000000000D+00  0.00000000000000D+00
   3   1   1   6  0.00000000000000D+00  0.00000000000000D+00
   1   2   1   6 -0.73573153060607D+01  0.00000000000000D+00
   2   2   1   6  0.00000000000000D+00  0.00000000000000D+00
   3   2   1   6  0.18503717077086D-16  0.00000000000000D+00
   1   3   1   6 -0.50860877372615D+02  0.00000000000000D+00
   2   3   1   6  0.00000000000000D+00  0.00000000000000D+00
   3   3   1   6  0.14802973661669D-15  0.00000000000000D+00
   1   4   1   6 -0.50860877372473D+02  0.00000000000000D+00
   2   4   1   6  0.00000000000000D+00  0.00000000000000D+00
   3   4   1   6 -0.74014868308344D-16  0.00000000000000D+00
   3   6   1   6  0.00000000000000D+00  0.00000000000000D+00
   1   1   2   6  0.00000000000000D+00  0.00000000000000D+00
   2   1   2   6 -0.73573153060607D+01  0.00000000000000D+00
   3   1   2   6  0.18503717077086D-16  0.00000000000000D+00
   1   2   2   6  0.00000000000000D+00  0.00000000000000D+00
   2   2   2   6 -0.73573153085203D+01  0.00000000000000D+00
   3   2   2   6  0.00000000000000D+00  0.00000000000000D+00
   1   3   2   6  0.00000000000000D+00  0.00000000000000D+00
   2   3   2   6 -0.50860877372473D+02  0.00000000000000D+00
   3   3   2   6 -0.74014868308344D-16  0.00000000000000D+00
   1   4   2   6  0.00000000000000D+00  0.00000000000000D+00
   2   4   2   6 -0.50860877372615D+02  0.00000000000000D+00
   3   4   2   6  0.14802973661669D-15  0.00000000000000D+00
   3   6   2   6  0.00000000000000D+00  0.00000000000000D+00
   1   1   3   6  0.00000000000000D+00  0.00000000000000D+00
   2   1   3   6  0.00000000000000D+00  0.00000000000000D+00
   3   1   3   6 -0.50625029801504D+01  0.00000000000000D+00
   1   2   3   6  0.00000000000000D+00  0.00000000000000D+00
   2   2   3   6  0.00000000000000D+00  0.00000000000000D+00
   3   2   3   6 -0.50625029801504D+01  0.00000000000000D+00
   1   3   3   6  0.00000000000000D+00  0.00000000000000D+00
   2   3   3   6  0.00000000000000D+00  0.00000000000000D+00
   3   3   3   6 -0.45351376170699D+02  0.00000000000000D+00
   1   4   3   6  0.00000000000000D+00  0.00000000000000D+00
   2   4   3   6  0.00000000000000D+00  0.00000000000000D+00
   3   4   3   6 -0.45351376170699D+02  0.00000000000000D+00
   1   6   3   6  0.00000000000000D+00  0.00000000000000D+00
   2   6   3   6  0.00000000000000D+00  0.00000000000000D+00
   1   1   1   7 -0.81567245506257D+00  0.00000000000000D+00
   2   1   1   7  0.81567245532136D+00  0.00000000000000D+00
   3   1   1   7  0.11112165261542D+01  0.00000000000000D+00
   1   2   1   7  0.81567245432426D+00  0.00000000000000D+00
   2   2   1   7 -0.81567245407561D+00  0.00000000000000D+00
   3   2   1   7  0.11112165270788D+01  0.00000000000000D+00
   1   3   1   7 -0.95012962700345D+00  0.00000000000000D+00
   2   3   1   7  0.95012962727421D+00  0.00000000000000D+00
   3   3   1   7 -0.11112193004334D+01  0.00000000000000D+00
   1   4   1   7  0.95012963590273D+00  0.00000000000000D+00
   2   4   1   7 -0.95012963563427D+00  0.00000000000000D+00
   3   4   1   7 -0.11112193018450D+01  0.00000000000000D+00
   1   6   1   7 -0.34694469519536D-17  0.00000000000000D+00
   2   6   1   7 -0.34694469519536D-17  0.00000000000000D+00
   3   6   1   7  0.20805330475336D+01  0.00000000000000D+00
   1   7   1   7  0.34095346471173D+01  0.00000000000000D+00
   2   7   1   7  0.83117848767627D+00  0.00000000000000D+00
   3   7   1   7  0.43321111477660D+00  0.00000000000000D+00
   1   8   1   7 -0.45792367569326D-10  0.00000000000000D+00
   2   8   1   7 -0.10301613120922D-09  0.00000000000000D+00
   3   8   1   7 -0.17987884185446D-09  0.00000000000000D+00
   1   1   2   7  0.81567246247980D+00  0.00000000000000D+00
   2   1   2   7 -0.81567246268264D+00  0.00000000000000D+00
   3   1   2   7  0.11112165160323D+01  0.00000000000000D+00
   1   2   2   7 -0.81567246217983D+00  0.00000000000000D+00
   2   2   2   7  0.81567246197166D+00  0.00000000000000D+00
   3   2   2   7  0.11112165128188D+01  0.00000000000000D+00
   1   3   2   7  0.95012966447550D+00  0.00000000000000D+00
   2   3   2   7 -0.95012966435293D+00  0.00000000000000D+00
   3   3   2   7 -0.11112191548836D+01  0.00000000000000D+00
   1   4   2   7 -0.95012967097584D+00  0.00000000000000D+00
   2   4   2   7  0.95012967109636D+00  0.00000000000000D+00
   3   4   2   7 -0.11112191543159D+01  0.00000000000000D+00
   1   6   2   7  0.00000000000000D+00  0.00000000000000D+00
   2   6   2   7  0.00000000000000D+00  0.00000000000000D+00
   3   6   2   7  0.20805330901540D+01  0.00000000000000D+00
   1   7   2   7  0.83117847681212D+00  0.00000000000000D+00
   2   7   2   7  0.34095346452307D+01  0.00000000000000D+00
   3   7   2   7  0.43321112618288D+00  0.00000000000000D+00
   1   8   2   7  0.34232792396689D-10  0.00000000000000D+00
   2   8   2   7  0.21042802106706D-09  0.00000000000000D+00
   3   8   2   7 -0.25144735333299D-09  0.00000000000000D+00
   1   1   3   7 -0.84402593724546D-09  0.00000000000000D+00
   2   1   3   7  0.10902629821124D-08  0.00000000000000D+00
   3   1   3   7 -0.22518811730586D+01  0.00000000000000D+00
   1   2   3   7 -0.83679268217888D-09  0.00000000000000D+00
   2   2   3   7  0.10602916774200D-08  0.00000000000000D+00
   3   2   3   7 -0.22518811679887D+01  0.00000000000000D+00
   1   3   3   7 -0.86177817479219D-09  0.00000000000000D+00
   2   3   3   7  0.11306831451068D-08  0.00000000000000D+00
   3   3   3   7  0.22518781180616D+01  0.00000000000000D+00
   1   4   3   7 -0.85118288645828D-09  0.00000000000000D+00
   2   4   3   7  0.11181851638143D-08  0.00000000000000D+00
   3   4   3   7  0.22518781172965D+01  0.00000000000000D+00
   1   6   3   7  0.00000000000000D+00  0.00000000000000D+00
   2   6   3   7 -0.18503717077086D-16  0.00000000000000D+00
   3   6   3   7 -0.39968980712796D+01  0.00000000000000D+00
   1   7   3   7  0.43321110887828D+00  0.00000000000000D+00
   2   7   3   7  0.43321110877349D+00  0.00000000000000D+00
   3   7   3   7  0.37504530222102D+01  0.00000000000000D+00
   1   8   3   7 -0.37774374178019D-10  0.00000000000000D+00
   2   8   3   7  0.15525645917267D-09  0.00000000000000D+00
   3   8   3   7 -0.15965798539235D-09  0.00000000000000D+00
   1   1   1   8  0.38302057265941D+00  0.00000000000000D+00
   2   1   1   8  0.38302057260207D+00  0.00000000000000D+00
   3   1   1   8 -0.50089909165907D-09  0.00000000000000D+00
   1   2   1   8  0.38302057277704D+00  0.00000000000000D+00
   2   2   1   8  0.38302057282396D+00  0.00000000000000D+00
   3   2   1   8 -0.50590339222048D-09  0.00000000000000D+00
   1   3   1   8 -0.38302132925111D+00  0.00000000000000D+00
   2   3   1   8 -0.38302132926286D+00  0.00000000000000D+00
   3   3   1   8 -0.54696165048195D-09  0.00000000000000D+00
   1   4   1   8 -0.38302132925443D+00  0.00000000000000D+00
   2   4   1   8 -0.38302132924334D+00  0.00000000000000D+00
   3   4   1   8 -0.54690782635256D-09  0.00000000000000D+00
   1   6   1   8  0.38336337904712D+01  0.00000000000000D+00
   2   6   1   8  0.38336337904712D+01  0.00000000000000D+00
   3   6   1   8  0.28497480200271D-09  0.00000000000000D+00
   1   7   1   8  0.82051796268452D-10  0.00000000000000D+00
   2   7   1   8  0.99316416973431D-10  0.00000000000000D+00
   3   7   1   8  0.77741971564085D-10  0.00000000000000D+00
   1   8   1   8  0.83843742523154D+00  0.00000000000000D+00
   2   8   1   8 -0.15990438517693D-09  0.00000000000000D+00
   3   8   1   8  0.11333636851114D-09  0.00000000000000D+00
   1   1   2   8  0.66341109355569D+00  0.00000000000000D+00
   2   1   2   8 -0.66341109354064D+00  0.00000000000000D+00
   3   1   2   8 -0.43799095155159D-07  0.00000000000000D+00
   1   2   2   8  0.66341109573584D+00  0.00000000000000D+00
   2   2   2   8 -0.66341109574466D+00  0.00000000000000D+00
   3   2   2   8  0.42169494171768D-07  0.00000000000000D+00
   1   3   2   8 -0.66341252614655D+00  0.00000000000000D+00
   2   3   2   8  0.66341252614878D+00  0.00000000000000D+00
   3   3   2   8  0.30434042438525D-07  0.00000000000000D+00
   1   4   2   8 -0.66341252716773D+00  0.00000000000000D+00
   2   4   2   8  0.66341252716666D+00  0.00000000000000D+00
   3   4   2   8 -0.22250340881010D-07  0.00000000000000D+00
   1   6   2   8  0.22133493735848D+01  0.00000000000000D+00
   2   6   2   8 -0.22133493735848D+01  0.00000000000000D+00
   3   6   2   8  0.12607226014018D-08  0.00000000000000D+00
   1   7   2   8  0.40299503144012D-10  0.00000000000000D+00
   2   7   2   8  0.37144544678692D-10  0.00000000000000D+00
   3   7   2   8  0.25003317264019D-09  0.00000000000000D+00
   1   8   2   8 -0.15990461868591D-09  0.00000000000000D+00
   2   8   2   8  0.83843743202211D+00  0.00000000000000D+00
   3   8   2   8 -0.39319505910259D-10  0.00000000000000D+00
   1   1   3   8  0.47092871969564D+00  0.00000000000000D+00
   2   1   3   8  0.47092871125763D+00  0.00000000000000D+00
   3   1   3   8  0.32443427071085D-08  0.00000000000000D+00
   1   2   3   8 -0.47092871982956D+00  0.00000000000000D+00
   2   2   3   8 -0.47092871072047D+00  0.00000000000000D+00
   3   2   3   8  0.32145708916492D-08  0.00000000000000D+00
   1   3   3   8  0.54855762724656D+00  0.00000000000000D+00
   2   3   3   8  0.54855759052716D+00  0.00000000000000D+00
   3   3   3   8 -0.34746702344478D-07  0.00000000000000D+00
   1   4   3   8 -0.54855762707829D+00  0.00000000000000D+00
   2   4   3   8 -0.54855759011143D+00  0.00000000000000D+00
   3   4   3   8 -0.34753064754331D-07  0.00000000000000D+00
   1   6   3   8  0.00000000000000D+00  0.00000000000000D+00
   2   6   3   8  0.00000000000000D+00  0.00000000000000D+00
   3   6   3   8 -0.86592112845111D-08  0.00000000000000D+00
   1   7   3   8 -0.35336705025517D-08  0.00000000000000D+00
   2   7   3   8  0.25633655031202D-08  0.00000000000000D+00
   3   7   3   8 -0.70065531350547D-08  0.00000000000000D+00
   1   8   3   8  0.11051479400199D-09  0.00000000000000D+00
   2   8   3   8 -0.39319165601040D-10  0.00000000000000D+00
   3   8   3   8  0.12891780800411D+01  0.00000000000000D+00

 List of bloks and their characteristics 
  
 Total energy                 - # elements :       1
  
 1st derivatives              - # elements :      18
  
 2nd derivatives (non-stat.)  - # elements :     346
 qpt  0.00000000E+00  0.00000000E+00  0.00000000E+00   1.0
