
 **** DERIVATIVE DATABASE ****    
+DDB, Version number    100401

 DDB file merged by PhononFlow on Thu Oct 12 22:34:40 2017

    usepaw         0
     natom         2
      nkpt       128
    nsppol         1
      nsym        24
    ntypat         2
    occopt         1
     nband         4
     acell  0.10000000000000D+01  0.10000000000000D+01  0.10000000000000D+01
       amu  0.26981539000000D+02  0.74921590000000D+02
   dilatmx  0.10000000000000D+01
      ecut  0.60000000000000D+01
    ecutsm  0.00000000000000D+00
     intxc         0
      iscf         7
       ixc         1
       kpt -0.12500000000000D+00 -0.25000000000000D+00  0.00000000000000D+00
           -0.25000000000000D+00 -0.12500000000000D+00  0.00000000000000D+00
           -0.12500000000000D+00 -0.12500000000000D+00  0.12500000000000D+00
           -0.12500000000000D+00  0.50000000000000D+00  0.00000000000000D+00
           -0.25000000000000D+00 -0.37500000000000D+00  0.00000000000000D+00
           -0.12500000000000D+00 -0.37500000000000D+00  0.12500000000000D+00
           -0.37500000000000D+00 -0.25000000000000D+00  0.00000000000000D+00
           -0.25000000000000D+00 -0.25000000000000D+00  0.12500000000000D+00
           -0.12500000000000D+00 -0.25000000000000D+00  0.25000000000000D+00
            0.50000000000000D+00 -0.12500000000000D+00  0.00000000000000D+00
           -0.37500000000000D+00 -0.12500000000000D+00  0.12500000000000D+00
           -0.25000000000000D+00 -0.12500000000000D+00  0.25000000000000D+00
           -0.12500000000000D+00 -0.12500000000000D+00  0.37500000000000D+00
           -0.12500000000000D+00  0.25000000000000D+00  0.00000000000000D+00
           -0.25000000000000D+00  0.37500000000000D+00  0.00000000000000D+00
           -0.12500000000000D+00  0.37500000000000D+00  0.12500000000000D+00
           -0.37500000000000D+00  0.50000000000000D+00  0.00000000000000D+00
           -0.25000000000000D+00  0.50000000000000D+00  0.12500000000000D+00
           -0.12500000000000D+00  0.50000000000000D+00  0.25000000000000D+00
            0.50000000000000D+00 -0.37500000000000D+00  0.00000000000000D+00
           -0.37500000000000D+00 -0.37500000000000D+00  0.12500000000000D+00
           -0.25000000000000D+00 -0.37500000000000D+00  0.25000000000000D+00
           -0.12500000000000D+00 -0.37500000000000D+00  0.37500000000000D+00
            0.37500000000000D+00 -0.25000000000000D+00  0.00000000000000D+00
            0.50000000000000D+00 -0.25000000000000D+00  0.12500000000000D+00
           -0.37500000000000D+00 -0.25000000000000D+00  0.25000000000000D+00
           -0.25000000000000D+00 -0.25000000000000D+00  0.37500000000000D+00
           -0.12500000000000D+00 -0.25000000000000D+00  0.50000000000000D+00
            0.25000000000000D+00 -0.12500000000000D+00  0.00000000000000D+00
            0.37500000000000D+00 -0.12500000000000D+00  0.12500000000000D+00
            0.50000000000000D+00 -0.12500000000000D+00  0.25000000000000D+00
           -0.37500000000000D+00 -0.12500000000000D+00  0.37500000000000D+00
           -0.25000000000000D+00 -0.12500000000000D+00  0.50000000000000D+00
           -0.12500000000000D+00 -0.12500000000000D+00 -0.37500000000000D+00
           -0.12500000000000D+00  0.00000000000000D+00  0.00000000000000D+00
           -0.12500000000000D+00  0.12500000000000D+00  0.12500000000000D+00
           -0.25000000000000D+00  0.25000000000000D+00  0.12500000000000D+00
           -0.12500000000000D+00  0.25000000000000D+00  0.25000000000000D+00
           -0.37500000000000D+00  0.37500000000000D+00  0.12500000000000D+00
           -0.25000000000000D+00  0.37500000000000D+00  0.25000000000000D+00
           -0.12500000000000D+00  0.37500000000000D+00  0.37500000000000D+00
            0.50000000000000D+00  0.50000000000000D+00  0.12500000000000D+00
           -0.37500000000000D+00  0.50000000000000D+00  0.25000000000000D+00
           -0.25000000000000D+00  0.50000000000000D+00  0.37500000000000D+00
           -0.12500000000000D+00  0.50000000000000D+00  0.50000000000000D+00
            0.37500000000000D+00 -0.37500000000000D+00  0.12500000000000D+00
            0.50000000000000D+00 -0.37500000000000D+00  0.25000000000000D+00
           -0.37500000000000D+00 -0.37500000000000D+00  0.37500000000000D+00
           -0.25000000000000D+00 -0.37500000000000D+00  0.50000000000000D+00
           -0.12500000000000D+00 -0.37500000000000D+00 -0.37500000000000D+00
            0.25000000000000D+00 -0.25000000000000D+00  0.12500000000000D+00
            0.37500000000000D+00 -0.25000000000000D+00  0.25000000000000D+00
            0.50000000000000D+00 -0.25000000000000D+00  0.37500000000000D+00
           -0.37500000000000D+00 -0.25000000000000D+00  0.50000000000000D+00
           -0.25000000000000D+00 -0.25000000000000D+00 -0.37500000000000D+00
           -0.12500000000000D+00 -0.25000000000000D+00 -0.25000000000000D+00
            0.00000000000000D+00 -0.12500000000000D+00  0.00000000000000D+00
            0.12500000000000D+00 -0.12500000000000D+00  0.12500000000000D+00
            0.25000000000000D+00 -0.12500000000000D+00  0.25000000000000D+00
            0.37500000000000D+00 -0.12500000000000D+00  0.37500000000000D+00
            0.50000000000000D+00 -0.12500000000000D+00  0.50000000000000D+00
           -0.37500000000000D+00 -0.12500000000000D+00 -0.37500000000000D+00
           -0.25000000000000D+00 -0.12500000000000D+00 -0.25000000000000D+00
           -0.12500000000000D+00 -0.12500000000000D+00 -0.12500000000000D+00
           -0.37500000000000D+00  0.00000000000000D+00  0.00000000000000D+00
           -0.25000000000000D+00  0.00000000000000D+00  0.12500000000000D+00
           -0.12500000000000D+00  0.00000000000000D+00  0.25000000000000D+00
           -0.37500000000000D+00  0.12500000000000D+00  0.12500000000000D+00
           -0.25000000000000D+00  0.12500000000000D+00  0.25000000000000D+00
           -0.12500000000000D+00  0.12500000000000D+00  0.37500000000000D+00
            0.50000000000000D+00  0.25000000000000D+00  0.12500000000000D+00
           -0.37500000000000D+00  0.25000000000000D+00  0.25000000000000D+00
           -0.25000000000000D+00  0.25000000000000D+00  0.37500000000000D+00
           -0.12500000000000D+00  0.25000000000000D+00  0.50000000000000D+00
            0.37500000000000D+00  0.37500000000000D+00  0.12500000000000D+00
            0.50000000000000D+00  0.37500000000000D+00  0.25000000000000D+00
           -0.37500000000000D+00  0.37500000000000D+00  0.37500000000000D+00
           -0.25000000000000D+00  0.37500000000000D+00  0.50000000000000D+00
           -0.12500000000000D+00  0.37500000000000D+00 -0.37500000000000D+00
            0.25000000000000D+00  0.50000000000000D+00  0.12500000000000D+00
            0.37500000000000D+00  0.50000000000000D+00  0.25000000000000D+00
            0.50000000000000D+00  0.50000000000000D+00  0.37500000000000D+00
           -0.37500000000000D+00  0.50000000000000D+00  0.50000000000000D+00
           -0.25000000000000D+00  0.50000000000000D+00 -0.37500000000000D+00
           -0.12500000000000D+00  0.50000000000000D+00 -0.25000000000000D+00
            0.00000000000000D+00 -0.37500000000000D+00  0.00000000000000D+00
            0.12500000000000D+00 -0.37500000000000D+00  0.12500000000000D+00
            0.25000000000000D+00 -0.37500000000000D+00  0.25000000000000D+00
            0.37500000000000D+00 -0.37500000000000D+00  0.37500000000000D+00
            0.50000000000000D+00 -0.37500000000000D+00  0.50000000000000D+00
           -0.37500000000000D+00 -0.37500000000000D+00 -0.37500000000000D+00
           -0.25000000000000D+00 -0.37500000000000D+00 -0.25000000000000D+00
           -0.12500000000000D+00 -0.37500000000000D+00 -0.12500000000000D+00
            0.00000000000000D+00 -0.25000000000000D+00  0.12500000000000D+00
            0.12500000000000D+00 -0.25000000000000D+00  0.25000000000000D+00
            0.25000000000000D+00 -0.25000000000000D+00  0.37500000000000D+00
            0.37500000000000D+00 -0.25000000000000D+00  0.50000000000000D+00
            0.50000000000000D+00 -0.25000000000000D+00 -0.37500000000000D+00
           -0.37500000000000D+00 -0.25000000000000D+00 -0.25000000000000D+00
           -0.25000000000000D+00 -0.25000000000000D+00 -0.12500000000000D+00
            0.00000000000000D+00 -0.12500000000000D+00  0.25000000000000D+00
            0.12500000000000D+00 -0.12500000000000D+00  0.37500000000000D+00
            0.25000000000000D+00 -0.12500000000000D+00  0.50000000000000D+00
            0.37500000000000D+00 -0.12500000000000D+00 -0.37500000000000D+00
            0.50000000000000D+00 -0.12500000000000D+00 -0.25000000000000D+00
           -0.37500000000000D+00 -0.12500000000000D+00 -0.12500000000000D+00
            0.50000000000000D+00  0.00000000000000D+00  0.12500000000000D+00
           -0.37500000000000D+00  0.00000000000000D+00  0.25000000000000D+00
           -0.25000000000000D+00  0.00000000000000D+00  0.37500000000000D+00
           -0.12500000000000D+00  0.00000000000000D+00  0.50000000000000D+00
            0.00000000000000D+00  0.50000000000000D+00  0.12500000000000D+00
            0.00000000000000D+00 -0.37500000000000D+00  0.25000000000000D+00
            0.00000000000000D+00 -0.25000000000000D+00  0.37500000000000D+00
            0.00000000000000D+00 -0.12500000000000D+00  0.50000000000000D+00
            0.25000000000000D+00  0.00000000000000D+00  0.12500000000000D+00
            0.37500000000000D+00  0.00000000000000D+00  0.25000000000000D+00
            0.50000000000000D+00  0.00000000000000D+00  0.37500000000000D+00
           -0.37500000000000D+00  0.00000000000000D+00  0.50000000000000D+00
           -0.25000000000000D+00  0.00000000000000D+00 -0.37500000000000D+00
           -0.12500000000000D+00  0.00000000000000D+00 -0.25000000000000D+00
            0.00000000000000D+00  0.25000000000000D+00  0.12500000000000D+00
            0.00000000000000D+00  0.37500000000000D+00  0.25000000000000D+00
            0.00000000000000D+00  0.50000000000000D+00  0.37500000000000D+00
            0.00000000000000D+00 -0.37500000000000D+00  0.50000000000000D+00
            0.00000000000000D+00 -0.25000000000000D+00 -0.37500000000000D+00
            0.00000000000000D+00 -0.12500000000000D+00 -0.25000000000000D+00
            0.00000000000000D+00  0.00000000000000D+00  0.12500000000000D+00
            0.00000000000000D+00  0.00000000000000D+00  0.37500000000000D+00
    kptnrm  0.10000000000000D+01
     ngfft        18   18   18
    nspden         1
   nspinor         1
       occ  0.20000000000000D+01  0.20000000000000D+01  0.20000000000000D+01
            0.20000000000000D+01
     rprim  0.00000000000000D+00  0.53050000000000D+01  0.53050000000000D+01
            0.53050000000000D+01  0.00000000000000D+00  0.53050000000000D+01
            0.53050000000000D+01  0.53050000000000D+01  0.00000000000000D+00
  dfpt_sciss  0.00000000000000D+00
    spinat  0.00000000000000D+00  0.00000000000000D+00  0.00000000000000D+00
            0.00000000000000D+00  0.00000000000000D+00  0.00000000000000D+00
    symafm         1    1    1    1    1    1    1    1    1    1    1    1
                   1    1    1    1    1    1    1    1    1    1    1    1
    symrel         1    0    0    0    1    0    0    0    1
                   0   -1    1    0   -1    0    1   -1    0
                  -1    0    0   -1    0    1   -1    1    0
                   0    1   -1    1    0   -1    0    0   -1
                  -1    0    0   -1    1    0   -1    0    1
                   0   -1    1    1   -1    0    0   -1    0
                   1    0    0    0    0    1    0    1    0
                   0    1   -1    0    0   -1    1    0   -1
                  -1    0    1   -1    1    0   -1    0    0
                   0   -1    0    1   -1    0    0   -1    1
                   1    0   -1    0    0   -1    0    1   -1
                   0    1    0    0    0    1    1    0    0
                   1    0   -1    0    1   -1    0    0   -1
                   0   -1    0    0   -1    1    1   -1    0
                  -1    0    1   -1    0    0   -1    1    0
                   0    1    0    1    0    0    0    0    1
                   0    0   -1    0    1   -1    1    0   -1
                   1   -1    0    0   -1    1    0   -1    0
                   0    0    1    1    0    0    0    1    0
                  -1    1    0   -1    0    0   -1    0    1
                   0    0    1    0    1    0    1    0    0
                   1   -1    0    0   -1    0    0   -1    1
                   0    0   -1    1    0   -1    0    1   -1
                  -1    1    0   -1    0    1   -1    0    0
     tnons  0.00000000000000D+00  0.00000000000000D+00  0.00000000000000D+00
            0.00000000000000D+00  0.00000000000000D+00  0.00000000000000D+00
            0.00000000000000D+00  0.00000000000000D+00  0.00000000000000D+00
            0.00000000000000D+00  0.00000000000000D+00  0.00000000000000D+00
            0.00000000000000D+00  0.00000000000000D+00  0.00000000000000D+00
            0.00000000000000D+00  0.00000000000000D+00  0.00000000000000D+00
            0.00000000000000D+00  0.00000000000000D+00  0.00000000000000D+00
            0.00000000000000D+00  0.00000000000000D+00  0.00000000000000D+00
            0.00000000000000D+00  0.00000000000000D+00  0.00000000000000D+00
            0.00000000000000D+00  0.00000000000000D+00  0.00000000000000D+00
            0.00000000000000D+00  0.00000000000000D+00  0.00000000000000D+00
            0.00000000000000D+00  0.00000000000000D+00  0.00000000000000D+00
            0.00000000000000D+00  0.00000000000000D+00  0.00000000000000D+00
            0.00000000000000D+00  0.00000000000000D+00  0.00000000000000D+00
            0.00000000000000D+00  0.00000000000000D+00  0.00000000000000D+00
            0.00000000000000D+00  0.00000000000000D+00  0.00000000000000D+00
            0.00000000000000D+00  0.00000000000000D+00  0.00000000000000D+00
            0.00000000000000D+00  0.00000000000000D+00  0.00000000000000D+00
            0.00000000000000D+00  0.00000000000000D+00  0.00000000000000D+00
            0.00000000000000D+00  0.00000000000000D+00  0.00000000000000D+00
            0.00000000000000D+00  0.00000000000000D+00  0.00000000000000D+00
            0.00000000000000D+00  0.00000000000000D+00  0.00000000000000D+00
            0.00000000000000D+00  0.00000000000000D+00  0.00000000000000D+00
            0.00000000000000D+00  0.00000000000000D+00  0.00000000000000D+00
    tolwfr  0.10000000000000D+01
   tphysel  0.00000000000000D+00
    tsmear  0.10000000000000D-01
     typat         1    2
       wtk  0.78125000000000D-02  0.78125000000000D-02  0.78125000000000D-02
            0.78125000000000D-02  0.78125000000000D-02  0.78125000000000D-02
            0.78125000000000D-02  0.78125000000000D-02  0.78125000000000D-02
            0.78125000000000D-02  0.78125000000000D-02  0.78125000000000D-02
            0.78125000000000D-02  0.78125000000000D-02  0.78125000000000D-02
            0.78125000000000D-02  0.78125000000000D-02  0.78125000000000D-02
            0.78125000000000D-02  0.78125000000000D-02  0.78125000000000D-02
            0.78125000000000D-02  0.78125000000000D-02  0.78125000000000D-02
            0.78125000000000D-02  0.78125000000000D-02  0.78125000000000D-02
            0.78125000000000D-02  0.78125000000000D-02  0.78125000000000D-02
            0.78125000000000D-02  0.78125000000000D-02  0.78125000000000D-02
            0.78125000000000D-02  0.78125000000000D-02  0.78125000000000D-02
            0.78125000000000D-02  0.78125000000000D-02  0.78125000000000D-02
            0.78125000000000D-02  0.78125000000000D-02  0.78125000000000D-02
            0.78125000000000D-02  0.78125000000000D-02  0.78125000000000D-02
            0.78125000000000D-02  0.78125000000000D-02  0.78125000000000D-02
            0.78125000000000D-02  0.78125000000000D-02  0.78125000000000D-02
            0.78125000000000D-02  0.78125000000000D-02  0.78125000000000D-02
            0.78125000000000D-02  0.78125000000000D-02  0.78125000000000D-02
            0.78125000000000D-02  0.78125000000000D-02  0.78125000000000D-02
            0.78125000000000D-02  0.78125000000000D-02  0.78125000000000D-02
            0.78125000000000D-02  0.78125000000000D-02  0.78125000000000D-02
            0.78125000000000D-02  0.78125000000000D-02  0.78125000000000D-02
            0.78125000000000D-02  0.78125000000000D-02  0.78125000000000D-02
            0.78125000000000D-02  0.78125000000000D-02  0.78125000000000D-02
            0.78125000000000D-02  0.78125000000000D-02  0.78125000000000D-02
            0.78125000000000D-02  0.78125000000000D-02  0.78125000000000D-02
            0.78125000000000D-02  0.78125000000000D-02  0.78125000000000D-02
            0.78125000000000D-02  0.78125000000000D-02  0.78125000000000D-02
            0.78125000000000D-02  0.78125000000000D-02  0.78125000000000D-02
            0.78125000000000D-02  0.78125000000000D-02  0.78125000000000D-02
            0.78125000000000D-02  0.78125000000000D-02  0.78125000000000D-02
            0.78125000000000D-02  0.78125000000000D-02  0.78125000000000D-02
            0.78125000000000D-02  0.78125000000000D-02  0.78125000000000D-02
            0.78125000000000D-02  0.78125000000000D-02  0.78125000000000D-02
            0.78125000000000D-02  0.78125000000000D-02  0.78125000000000D-02
            0.78125000000000D-02  0.78125000000000D-02  0.78125000000000D-02
            0.78125000000000D-02  0.78125000000000D-02  0.78125000000000D-02
            0.78125000000000D-02  0.78125000000000D-02  0.78125000000000D-02
            0.78125000000000D-02  0.78125000000000D-02  0.78125000000000D-02
            0.78125000000000D-02  0.78125000000000D-02  0.78125000000000D-02
            0.78125000000000D-02  0.78125000000000D-02  0.78125000000000D-02
            0.78125000000000D-02  0.78125000000000D-02
      xred  0.00000000000000D+00  0.00000000000000D+00  0.00000000000000D+00
            0.25000000000000D+00  0.25000000000000D+00  0.25000000000000D+00
     znucl  0.13000000000000D+02  0.33000000000000D+02
      zion  0.30000000000000D+01  0.50000000000000D+01
 
  Description of the potentials (KB energies)
  vrsio8 (for pseudopotentials)=100401
  usepaw =  0
  dimekb =  3       lmnmax=  3
  Atom type=    1   pspso=  0   nekb=   2
  iln lpsang iproj  ekb(:)
     1     0     1     1.7687444E+00  0.0000000E+00
     2     1     1     0.0000000E+00  9.0055415E-01
  Atom type=    2   pspso=  0   nekb=   1
  iln lpsang iproj  ekb(:)
     1     0     1     8.3875106E-01
 
 **** Database of total energy derivatives ****
 Number of data blocks=    3
  
 2nd derivatives (non-stat.)  - # elements :      81
 qpt  0.00000000E+00  0.00000000E+00  0.00000000E+00   1.0
   1   1   1   1  0.54397712024312D+01  0.00000000000000D+00
   2   1   1   1  0.27198856012156D+01  0.00000000000000D+00
   3   1   1   1  0.27198856012156D+01  0.00000000000000D+00
   1   2   1   1 -0.54397446722598D+01  0.73319348786105D-18
   2   2   1   1 -0.27198723361299D+01 -0.22662441376834D-17
   3   2   1   1 -0.27198723361299D+01 -0.32760426504849D-17
   1   4   1   1 -0.54833696821052D+01  0.00000000000000D+00
   2   4   1   1  0.78895885740729D-17  0.00000000000000D+00
   3   4   1   1  0.14558922790049D-16  0.00000000000000D+00
   1   1   2   1  0.27198856012156D+01  0.00000000000000D+00
   2   1   2   1  0.54397712024312D+01  0.00000000000000D+00
   3   1   2   1  0.27198856012156D+01  0.00000000000000D+00
   1   2   2   1 -0.27198723361299D+01 -0.22662441376834D-17
   2   2   2   1 -0.54397446722598D+01  0.28893229871495D-17
   3   2   2   1 -0.27198723361299D+01 -0.21964918338888D-17
   1   4   2   1  0.00000000000000D+00  0.00000000000000D+00
   2   4   2   1 -0.54833696821052D+01  0.00000000000000D+00
   3   4   2   1  0.99990411354216D-17  0.00000000000000D+00
   1   1   3   1  0.27198856012156D+01  0.00000000000000D+00
   2   1   3   1  0.27198856012156D+01  0.00000000000000D+00
   3   1   3   1  0.54397712024312D+01  0.00000000000000D+00
   1   2   3   1 -0.27198723361299D+01 -0.32760426504849D-17
   2   2   3   1 -0.27198723361299D+01 -0.21964918338888D-17
   3   2   3   1 -0.54397446722599D+01 -0.72872500684629D-17
   1   4   3   1 -0.37007434154172D-16  0.00000000000000D+00
   2   4   3   1  0.27887670844916D-16  0.00000000000000D+00
   3   4   3   1 -0.54833696821052D+01  0.00000000000000D+00
   1   1   1   2 -0.54397446722598D+01 -0.73319348786105D-18
   2   1   1   2 -0.27198723361299D+01  0.22662441376834D-17
   3   1   1   2 -0.27198723361299D+01  0.32760426504849D-17
   1   2   1   2  0.54397260944756D+01  0.00000000000000D+00
   2   2   1   2  0.27198630472378D+01  0.00000000000000D+00
   3   2   1   2  0.27198630472378D+01  0.00000000000000D+00
   1   4   1   2 -0.45294295009538D+02  0.00000000000000D+00
   2   4   1   2  0.47383138654110D-15  0.00000000000000D+00
   3   4   1   2  0.41696003715708D-15  0.00000000000000D+00
   1   1   2   2 -0.27198723361299D+01  0.22662441376834D-17
   2   1   2   2 -0.54397446722598D+01 -0.28893229871495D-17
   3   1   2   2 -0.27198723361299D+01  0.21964918338888D-17
   1   2   2   2  0.27198630472378D+01  0.00000000000000D+00
   2   2   2   2  0.54397260944756D+01  0.00000000000000D+00
   3   2   2   2  0.27198630472378D+01  0.00000000000000D+00
   1   4   2   2  0.00000000000000D+00  0.00000000000000D+00
   2   4   2   2 -0.45294295009538D+02  0.00000000000000D+00
   3   4   2   2  0.12090056392370D-15  0.00000000000000D+00
   1   1   3   2 -0.27198723361299D+01  0.32760426504849D-17
   2   1   3   2 -0.27198723361299D+01  0.21964918338888D-17
   3   1   3   2 -0.54397446722599D+01  0.72872500684629D-17
   1   2   3   2  0.27198630472378D+01  0.00000000000000D+00
   2   2   3   2  0.27198630472378D+01  0.00000000000000D+00
   3   2   3   2  0.54397260944756D+01  0.00000000000000D+00
   1   4   3   2 -0.59211894646675D-15  0.00000000000000D+00
   2   4   3   2 -0.41957304115513D-15  0.00000000000000D+00
   3   4   3   2 -0.45294295009538D+02  0.00000000000000D+00
   1   1   1   4 -0.54833696821052D+01  0.00000000000000D+00
   2   1   1   4  0.37007434154172D-16  0.00000000000000D+00
   3   1   1   4  0.37007434154172D-16  0.00000000000000D+00
   1   2   1   4 -0.45294295697996D+02  0.00000000000000D+00
   2   2   1   4  0.29605947323338D-15  0.00000000000000D+00
   3   2   1   4  0.00000000000000D+00  0.00000000000000D+00
   1   4   1   4 -0.23489683411974D+03  0.00000000000000D+00
   2   4   1   4  0.78298944706581D+02  0.00000000000000D+00
   3   4   1   4  0.78298944706581D+02  0.00000000000000D+00
   1   1   2   4 -0.66693342159765D-17  0.00000000000000D+00
   2   1   2   4 -0.54833696821052D+01  0.00000000000000D+00
   3   1   2   4  0.27887670844916D-16  0.00000000000000D+00
   1   2   2   4 -0.11567455151597D-15  0.00000000000000D+00
   2   2   2   4 -0.45294295697996D+02  0.00000000000000D+00
   3   2   2   4  0.17254590531162D-15  0.00000000000000D+00
   1   4   2   4  0.78298944706581D+02  0.00000000000000D+00
   2   4   2   4 -0.23489683411974D+03  0.00000000000000D+00
   3   4   2   4  0.78298944706581D+02  0.00000000000000D+00
   1   1   3   4 -0.49456904382873D-16  0.00000000000000D+00
   2   1   3   4 -0.31568274673378D-16  0.00000000000000D+00
   3   1   3   4 -0.54833696821052D+01  0.00000000000000D+00
   1   2   3   4 -0.52260079961018D-17  0.00000000000000D+00
   2   2   3   4 -0.29867247723143D-15  0.00000000000000D+00
   3   2   3   4 -0.45294295697996D+02  0.00000000000000D+00
   1   4   3   4  0.78298944706581D+02  0.00000000000000D+00
   2   4   3   4  0.78298944706581D+02  0.00000000000000D+00
   3   4   3   4 -0.23489683411974D+03  0.00000000000000D+00
  
 2nd derivatives (non-stat.)  - # elements :      36
 qpt  5.00000000E-01  0.00000000E+00  0.00000000E+00   1.0
   1   1   1   1  0.67080459858572D+01  0.00000000000000D+00
   2   1   1   1  0.26016469325856D+01 -0.28515659458054D-15
   3   1   1   1  0.26016469325856D+01 -0.28515659458054D-15
   1   2   1   1 -0.82059634438377D+00 -0.15644388027637D-10
   2   2   1   1 -0.24190931490531D+01  0.13337920953712D-14
   3   2   1   1 -0.24190931490531D+01  0.13276719858952D-14
   1   1   2   1  0.26016469325856D+01  0.28515659458054D-15
   2   1   2   1  0.52032937023270D+01  0.00000000000000D+00
   3   1   2   1  0.26016468543360D+01  0.46019765278947D-15
   1   2   2   1 -0.24190935313814D+01  0.17421959645849D-14
   2   2   2   1 -0.48381870627627D+01  0.35002222287429D-14
   3   2   2   1 -0.24190932511700D+01 -0.23634204217990D-15
   1   1   3   1  0.26016469325856D+01  0.28515659458054D-15
   2   1   3   1  0.26016468543360D+01 -0.46019765278947D-15
   3   1   3   1  0.52032937023270D+01  0.00000000000000D+00
   1   2   3   1 -0.24190935313814D+01  0.17360758551089D-14
   2   2   3   1 -0.24190932511700D+01 -0.23634204217990D-15
   3   2   3   1 -0.48381870627627D+01  0.34970450362085D-14
   1   1   1   2 -0.82059634438377D+00  0.15644388027637D-10
   2   1   1   2 -0.24190935313814D+01 -0.17421959645849D-14
   3   1   1   2 -0.24190935313814D+01 -0.17360758551089D-14
   1   2   1   2  0.66448754007631D+01  0.00000000000000D+00
   2   2   1   2  0.27382920412211D+01  0.85703666490272D-15
   3   2   1   2  0.27382920412211D+01  0.85703666490272D-15
   1   1   2   2 -0.24190931490531D+01 -0.13337920953712D-14
   2   1   2   2 -0.48381870627627D+01 -0.35002222287429D-14
   3   1   2   2 -0.24190932511700D+01  0.23634204217990D-15
   1   2   2   2  0.27382920412211D+01 -0.85703666490272D-15
   2   2   2   2  0.54765852154197D+01  0.00000000000000D+00
   3   2   2   2  0.27382913907048D+01  0.11971936645456D-14
   1   1   3   2 -0.24190931490531D+01 -0.13276719858952D-14
   2   1   3   2 -0.24190932511700D+01  0.23634204217990D-15
   3   1   3   2 -0.48381870627627D+01 -0.34970450362085D-14
   1   2   3   2  0.27382920412211D+01 -0.85703666490272D-15
   2   2   3   2  0.27382913907048D+01 -0.11971936645456D-14
   3   2   3   2  0.54765852154198D+01  0.00000000000000D+00
  
 2nd derivatives (non-stat.)  - # elements :      36
 qpt  5.00000000E-01  5.00000000E-01  0.00000000E+00   1.0
   1   1   1   1  0.65803174691015D+01  0.00000000000000D+00
   2   1   1   1  0.42807522721318D+01  0.00000000000000D+00
   3   1   1   1  0.22995651969697D+01  0.00000000000000D+00
   1   2   1   1  0.59417530974347D-14 -0.71580076470342D-15
   2   2   1   1 -0.21456785233702D+01  0.13246366252871D-14
   3   2   1   1 -0.21456785233702D+01  0.12964768387293D-14
   1   1   2   1  0.42807522721318D+01  0.00000000000000D+00
   2   1   2   1  0.65803174691015D+01  0.00000000000000D+00
   3   1   2   1  0.22995651969697D+01  0.00000000000000D+00
   1   2   2   1 -0.21456785233703D+01  0.13246366252871D-14
   2   2   2   1  0.74735891927230D-14 -0.38046710985956D-15
   3   2   2   1 -0.21456785233702D+01  0.12966765366552D-14
   1   1   3   1  0.22995651969697D+01  0.00000000000000D+00
   2   1   3   1  0.22995651969697D+01  0.00000000000000D+00
   3   1   3   1  0.45991303939393D+01  0.00000000000000D+00
   1   2   3   1 -0.21456785233702D+01  0.12964768387293D-14
   2   2   3   1 -0.21456785233702D+01  0.12966765366552D-14
   3   2   3   1 -0.42913570467405D+01  0.25935365111128D-14
   1   1   1   2  0.59417530974347D-14  0.71580076470373D-15
   2   1   1   2 -0.21456785233703D+01 -0.13246366252868D-14
   3   1   1   2 -0.21456785233702D+01 -0.12964768387293D-14
   1   2   1   2  0.64609889097693D+01  0.00000000000000D+00
   2   2   1   2  0.35909241044382D+01  0.00000000000000D+00
   3   2   1   2  0.28700648053311D+01  0.00000000000000D+00
   1   1   2   2 -0.21456785233703D+01 -0.13246366252868D-14
   2   1   2   2  0.74735891927230D-14  0.38046710985987D-15
   3   1   2   2 -0.21456785233702D+01 -0.12966765366552D-14
   1   2   2   2  0.35909241044382D+01  0.00000000000000D+00
   2   2   2   2  0.64609889097693D+01  0.00000000000000D+00
   3   2   2   2  0.28700648053311D+01  0.00000000000000D+00
   1   1   3   2 -0.21456785233702D+01 -0.12964768387293D-14
   2   1   3   2 -0.21456785233702D+01 -0.12966765366552D-14
   3   1   3   2 -0.42913570467405D+01 -0.25935365111128D-14
   1   2   3   2  0.28700648053311D+01  0.00000000000000D+00
   2   2   3   2  0.28700648053311D+01  0.00000000000000D+00
   3   2   3   2  0.57401296106622D+01  0.00000000000000D+00

 List of bloks and their characteristics 
  
 2nd derivatives (non-stat.)  - # elements :      81
 qpt  0.00000000E+00  0.00000000E+00  0.00000000E+00   1.0
  
 2nd derivatives (non-stat.)  - # elements :      36
 qpt  5.00000000E-01  0.00000000E+00  0.00000000E+00   1.0
  
 2nd derivatives (non-stat.)  - # elements :      36
 qpt  5.00000000E-01  5.00000000E-01  0.00000000E+00   1.0
