# GW complex dielectric tensor (cart. coord.) without local field effects 
# Scissor operator energy =  0.8000 [eV]
# Tolerance =  0.0200 0.0200
# npweps  = 59
# npwwfn  = 137
# nbands  = 6
# loband  = 2
# nkibz   = 216
# nkbz    = 216
# Lorentzian broadening =  0.1500 [eV]
# omega [eV] RE(eps_11) IM(eps_11) RE(eps_22)IM(eps_22) RE(eps_33) IM(eps_33) RE(eps_12) IM(eps_12)RE(eps_13) IM(eps_13) RE(eps_23) IM(eps_23))
  0.000  1.095941E+01  0.000000E+00  1.159804E+01  0.000000E+00  1.176768E+01  0.000000E+00 -6.915489E-01 -0.000000E+00 -4.237186E-02  0.000000E+00 -2.114442E-02 -0.000000E+00
  0.020  1.095961E+01  2.996184E-03  1.159826E+01  3.356959E-03  1.176790E+01  3.439150E-03 -6.915719E-01 -3.483590E-04 -4.237325E-02 -2.108629E-05 -2.114519E-02 -1.170161E-05
  0.040  1.096021E+01  5.993153E-03  1.159893E+01  6.714846E-03  1.176859E+01  6.879259E-03 -6.916411E-01 -6.968475E-04 -4.237744E-02 -4.218042E-05 -2.114751E-02 -2.340781E-05
  0.060  1.096120E+01  8.991689E-03  1.160004E+01  1.007459E-02  1.176973E+01  1.032129E-02 -6.917565E-01 -1.045595E-03 -4.238442E-02 -6.329027E-05 -2.115139E-02 -3.512322E-05
  0.080  1.096260E+01  1.199258E-02  1.160160E+01  1.343712E-02  1.177133E+01  1.376619E-02 -6.919180E-01 -1.394733E-03 -4.239420E-02 -8.442370E-05 -2.115681E-02 -4.685245E-05
  0.100  1.096439E+01  1.499661E-02  1.160360E+01  1.680337E-02  1.177338E+01  1.721494E-02 -6.921258E-01 -1.744389E-03 -4.240678E-02 -1.055886E-04 -2.116379E-02 -5.860012E-05
  0.120  1.096657E+01  1.800457E-02  1.160606E+01  2.017427E-02  1.177589E+01  2.066849E-02 -6.923800E-01 -2.094696E-03 -4.242216E-02 -1.267929E-04 -2.117232E-02 -7.037088E-05
  0.140  1.096916E+01  2.101725E-02  1.160896E+01  2.355077E-02  1.177886E+01  2.412783E-02 -6.926805E-01 -2.445785E-03 -4.244036E-02 -1.480446E-04 -2.118242E-02 -8.216939E-05
  0.160  1.097215E+01  2.403545E-02  1.161230E+01  2.693379E-02  1.178229E+01  2.759391E-02 -6.930276E-01 -2.797787E-03 -4.246137E-02 -1.693516E-04 -2.119407E-02 -9.400034E-05
  0.180  1.097554E+01  2.705997E-02  1.161610E+01  3.032430E-02  1.178618E+01  3.106772E-02 -6.934214E-01 -3.150836E-03 -4.248520E-02 -1.907220E-04 -2.120730E-02 -1.058685E-04
  0.200  1.097933E+01  3.009161E-02  1.162035E+01  3.372325E-02  1.179054E+01  3.455025E-02 -6.938620E-01 -3.505065E-03 -4.251187E-02 -2.121639E-04 -2.122210E-02 -1.177785E-04
  0.220  1.098353E+01  3.313117E-02  1.162505E+01  3.713158E-02  1.179535E+01  3.804248E-02 -6.943495E-01 -3.860610E-03 -4.254138E-02 -2.336856E-04 -2.123847E-02 -1.297353E-04
  0.240  1.098812E+01  3.617948E-02  1.163020E+01  4.055028E-02  1.180063E+01  4.154542E-02 -6.948843E-01 -4.217607E-03 -4.257375E-02 -2.552951E-04 -2.125644E-02 -1.417436E-04
  0.260  1.099313E+01  3.923735E-02  1.163580E+01  4.398031E-02  1.180637E+01  4.506006E-02 -6.954663E-01 -4.576192E-03 -4.260898E-02 -2.770010E-04 -2.127599E-02 -1.538084E-04
  0.280  1.099854E+01  4.230561E-02  1.164187E+01  4.742265E-02  1.181258E+01  4.858743E-02 -6.960960E-01 -4.936505E-03 -4.264710E-02 -2.988115E-04 -2.129715E-02 -1.659346E-04
  0.300  1.100435E+01  4.538510E-02  1.164838E+01  5.087831E-02  1.181926E+01  5.212855E-02 -6.967734E-01 -5.298687E-03 -4.268810E-02 -3.207353E-04 -2.131991E-02 -1.781273E-04
  0.320  1.101058E+01  4.847665E-02  1.165536E+01  5.434827E-02  1.182641E+01  5.568446E-02 -6.974990E-01 -5.662880E-03 -4.273202E-02 -3.427809E-04 -2.134429E-02 -1.903914E-04
  0.340  1.101722E+01  5.158113E-02  1.166280E+01  5.783355E-02  1.183403E+01  5.925620E-02 -6.982728E-01 -6.029227E-03 -4.277886E-02 -3.649571E-04 -2.137030E-02 -2.027322E-04
  0.360  1.102427E+01  5.469938E-02  1.167070E+01  6.133518E-02  1.184212E+01  6.284483E-02 -6.990953E-01 -6.397876E-03 -4.282865E-02 -3.872727E-04 -2.139795E-02 -2.151548E-04
  0.380  1.103173E+01  5.783228E-02  1.167907E+01  6.485419E-02  1.185070E+01  6.645143E-02 -6.999667E-01 -6.768974E-03 -4.288140E-02 -4.097367E-04 -2.142724E-02 -2.276645E-04
  0.400  1.103961E+01  6.098072E-02  1.168791E+01  6.839163E-02  1.185975E+01  7.007707E-02 -7.008874E-01 -7.142672E-03 -4.293713E-02 -4.323582E-04 -2.145820E-02 -2.402668E-04
  0.420  1.104791E+01  6.414557E-02  1.169721E+01  7.194856E-02  1.186928E+01  7.372287E-02 -7.018578E-01 -7.519123E-03 -4.299586E-02 -4.551466E-04 -2.149082E-02 -2.529672E-04
  0.440  1.105663E+01  6.732775E-02  1.170699E+01  7.552608E-02  1.187930E+01  7.738993E-02 -7.028781E-01 -7.898482E-03 -4.305762E-02 -4.781113E-04 -2.152514E-02 -2.657711E-04
  0.460  1.106577E+01  7.052818E-02  1.171724E+01  7.912526E-02  1.188981E+01  8.107938E-02 -7.039488E-01 -8.280910E-03 -4.312243E-02 -5.012619E-04 -2.156115E-02 -2.786842E-04
  0.480  1.107534E+01  7.374778E-02  1.172798E+01  8.274723E-02  1.190081E+01  8.479239E-02 -7.050703E-01 -8.666565E-03 -4.319032E-02 -5.246081E-04 -2.159888E-02 -2.917125E-04
  0.500  1.108534E+01  7.698750E-02  1.173919E+01  8.639310E-02  1.191230E+01  8.853012E-02 -7.062430E-01 -9.055615E-03 -4.326131E-02 -5.481600E-04 -2.163834E-02 -3.048617E-04
  0.520  1.109577E+01  8.024830E-02  1.175089E+01  9.006404E-02  1.192429E+01  9.229376E-02 -7.074674E-01 -9.448225E-03 -4.333542E-02 -5.719277E-04 -2.167955E-02 -3.181379E-04
  0.540  1.110663E+01  8.353115E-02  1.176308E+01  9.376121E-02  1.193678E+01  9.608451E-02 -7.087439E-01 -9.844568E-03 -4.341269E-02 -5.959216E-04 -2.172251E-02 -3.315473E-04
  0.560  1.111793E+01  8.683704E-02  1.177576E+01  9.748580E-02  1.194977E+01  9.990361E-02 -7.100731E-01 -1.024482E-02 -4.349316E-02 -6.201524E-04 -2.176726E-02 -3.450961E-04
  0.580  1.112967E+01  9.016699E-02  1.178893E+01  1.012390E-01  1.196327E+01  1.037523E-01 -7.114555E-01 -1.064916E-02 -4.357684E-02 -6.446309E-04 -2.181381E-02 -3.587909E-04
  0.600  1.114185E+01  9.352202E-02  1.180261E+01  1.050221E-01  1.197728E+01  1.076319E-01 -7.128917E-01 -1.105776E-02 -4.366377E-02 -6.693681E-04 -2.186218E-02 -3.726381E-04
  0.620  1.115447E+01  9.690318E-02  1.181678E+01  1.088363E-01  1.199181E+01  1.115437E-01 -7.143821E-01 -1.147083E-02 -4.375399E-02 -6.943756E-04 -2.191239E-02 -3.866447E-04
  0.640  1.116755E+01  1.003115E-01  1.183147E+01  1.126830E-01  1.200686E+01  1.154890E-01 -7.159274E-01 -1.188854E-02 -4.384753E-02 -7.196649E-04 -2.196446E-02 -4.008174E-04
  0.660  1.118108E+01  1.037482E-01  1.184666E+01  1.165633E-01  1.202244E+01  1.194691E-01 -7.175283E-01 -1.231109E-02 -4.394444E-02 -7.452479E-04 -2.201841E-02 -4.151635E-04
  0.680  1.119507E+01  1.072142E-01  1.186238E+01  1.204787E-01  1.203854E+01  1.234856E-01 -7.191853E-01 -1.273870E-02 -4.404474E-02 -7.711368E-04 -2.207427E-02 -4.296902E-04
  0.700  1.120952E+01  1.107107E-01  1.187861E+01  1.244306E-01  1.205518E+01  1.275397E-01 -7.208991E-01 -1.317156E-02 -4.414849E-02 -7.973443E-04 -2.213206E-02 -4.444050E-04
  0.720  1.122444E+01  1.142390E-01  1.189537E+01  1.284202E-01  1.207236E+01  1.316329E-01 -7.226705E-01 -1.360988E-02 -4.425572E-02 -8.238832E-04 -2.219181E-02 -4.593157E-04
  0.740  1.123982E+01  1.178001E-01  1.191266E+01  1.324492E-01  1.209008E+01  1.357668E-01 -7.245001E-01 -1.405389E-02 -4.436648E-02 -8.507668E-04 -2.225353E-02 -4.744302E-04
  0.760  1.125568E+01  1.213953E-01  1.193049E+01  1.365188E-01  1.210835E+01  1.399428E-01 -7.263888E-01 -1.450380E-02 -4.448081E-02 -8.780086E-04 -2.231727E-02 -4.897565E-04
  0.780  1.127202E+01  1.250258E-01  1.194886E+01  1.406307E-01  1.212718E+01  1.441625E-01 -7.283373E-01 -1.495986E-02 -4.459876E-02 -9.056227E-04 -2.238304E-02 -5.053032E-04
  0.800  1.128884E+01  1.286928E-01  1.196777E+01  1.447864E-01  1.214657E+01  1.484274E-01 -7.303464E-01 -1.542229E-02 -4.472038E-02 -9.336234E-04 -2.245087E-02 -5.210788E-04
  0.820  1.130615E+01  1.323978E-01  1.198724E+01  1.489874E-01  1.216653E+01  1.527393E-01 -7.324169E-01 -1.589134E-02 -4.484573E-02 -9.620256E-04 -2.252081E-02 -5.370923E-04
  0.840  1.132395E+01  1.361419E-01  1.200727E+01  1.532353E-01  1.218706E+01  1.570998E-01 -7.345499E-01 -1.636726E-02 -4.497485E-02 -9.908446E-04 -2.259287E-02 -5.533529E-04
  0.860  1.134225E+01  1.399266E-01  1.202786E+01  1.575319E-01  1.220817E+01  1.615107E-01 -7.367460E-01 -1.685031E-02 -4.510780E-02 -1.020096E-03 -2.266709E-02 -5.698701E-04
  0.880  1.136106E+01  1.437532E-01  1.204903E+01  1.618788E-01  1.222987E+01  1.659736E-01 -7.390065E-01 -1.734076E-02 -4.524464E-02 -1.049796E-03 -2.274351E-02 -5.866536E-04
  0.900  1.138037E+01  1.476233E-01  1.207077E+01  1.662778E-01  1.225216E+01  1.704904E-01 -7.413321E-01 -1.783889E-02 -4.538543E-02 -1.079962E-03 -2.282215E-02 -6.037135E-04
  0.920  1.140020E+01  1.515382E-01  1.209310E+01  1.707306E-01  1.227505E+01  1.750630E-01 -7.437239E-01 -1.834497E-02 -4.553023E-02 -1.110610E-03 -2.290307E-02 -6.210605E-04
  0.940  1.142055E+01  1.554994E-01  1.211602E+01  1.752392E-01  1.229856E+01  1.796932E-01 -7.461830E-01 -1.885930E-02 -4.567910E-02 -1.141759E-03 -2.298629E-02 -6.387051E-04
  0.960  1.144143E+01  1.595086E-01  1.213954E+01  1.798054E-01  1.232268E+01  1.843832E-01 -7.487104E-01 -1.938219E-02 -4.583211E-02 -1.173427E-03 -2.307185E-02 -6.566587E-04
  0.980  1.146284E+01  1.635672E-01  1.216367E+01  1.844311E-01  1.234742E+01  1.891348E-01 -7.513074E-01 -1.991394E-02 -4.598933E-02 -1.205634E-03 -2.315980E-02 -6.749327E-04
  1.000  1.148479E+01  1.676770E-01  1.218842E+01  1.891184E-01  1.237279E+01  1.939502E-01 -7.539750E-01 -2.045489E-02 -4.615084E-02 -1.238398E-03 -2.325018E-02 -6.935393E-04
  1.020  1.150729E+01  1.718396E-01  1.221379E+01  1.938694E-01  1.239881E+01  1.988315E-01 -7.567146E-01 -2.100537E-02 -4.631669E-02 -1.271740E-03 -2.334303E-02 -7.124907E-04
  1.040  1.153034E+01  1.760567E-01  1.223979E+01  1.986862E-01  1.242548E+01  2.037810E-01 -7.595273E-01 -2.156572E-02 -4.648698E-02 -1.305682E-03 -2.343839E-02 -7.317999E-04
  1.060  1.155396E+01  1.803302E-01  1.226643E+01  2.035709E-01  1.245280E+01  2.088010E-01 -7.624145E-01 -2.213630E-02 -4.666178E-02 -1.340245E-03 -2.353632E-02 -7.514802E-04
  1.080  1.157814E+01  1.846618E-01  1.229373E+01  2.085260E-01  1.248080E+01  2.138937E-01 -7.653775E-01 -2.271750E-02 -4.684118E-02 -1.375451E-03 -2.363687E-02 -7.715455E-04
  1.100  1.160290E+01  1.890534E-01  1.232168E+01  2.135536E-01  1.250947E+01  2.190617E-01 -7.684177E-01 -2.330969E-02 -4.702525E-02 -1.411325E-03 -2.374008E-02 -7.920100E-04
  1.120  1.162825E+01  1.935071E-01  1.235030E+01  2.186562E-01  1.253882E+01  2.243075E-01 -7.715366E-01 -2.391327E-02 -4.721408E-02 -1.447891E-03 -2.384601E-02 -8.128888E-04
  1.140  1.165419E+01  1.980247E-01  1.237960E+01  2.238364E-01  1.256888E+01  2.296336E-01 -7.747358E-01 -2.452866E-02 -4.740778E-02 -1.485174E-03 -2.395471E-02 -8.341974E-04
  1.160  1.168073E+01  2.026084E-01  1.240959E+01  2.290967E-01  1.259965E+01  2.350427E-01 -7.780166E-01 -2.515629E-02 -4.760643E-02 -1.523200E-03 -2.406624E-02 -8.559518E-04
  1.180  1.170788E+01  2.072603E-01  1.244028E+01  2.344397E-01  1.263113E+01  2.405376E-01 -7.813809E-01 -2.579660E-02 -4.781013E-02 -1.561996E-03 -2.418066E-02 -8.781688E-04
  1.200  1.173565E+01  2.119826E-01  1.247168E+01  2.398682E-01  1.266335E+01  2.461212E-01 -7.848302E-01 -2.645007E-02 -4.801898E-02 -1.601592E-03 -2.429802E-02 -9.008659E-04
  1.220  1.176404E+01  2.167776E-01  1.250381E+01  2.453851E-01  1.269631E+01  2.517965E-01 -7.883663E-01 -2.711718E-02 -4.823309E-02 -1.642015E-03 -2.441840E-02 -9.240612E-04
  1.240  1.179308E+01  2.216476E-01  1.253666E+01  2.509933E-01  1.273002E+01  2.575664E-01 -7.919910E-01 -2.779842E-02 -4.845257E-02 -1.683297E-03 -2.454186E-02 -9.477736E-04
  1.260  1.182276E+01  2.265951E-01  1.257027E+01  2.566958E-01  1.276451E+01  2.634343E-01 -7.957062E-01 -2.849432E-02 -4.867753E-02 -1.725470E-03 -2.466847E-02 -9.720228E-04
  1.280  1.185311E+01  2.316225E-01  1.260463E+01  2.624958E-01  1.279977E+01  2.694033E-01 -7.995137E-01 -2.920543E-02 -4.890809E-02 -1.768566E-03 -2.479829E-02 -9.968292E-04
  1.300  1.188412E+01  2.367325E-01  1.263977E+01  2.683967E-01  1.283583E+01  2.754769E-01 -8.034157E-01 -2.993230E-02 -4.914437E-02 -1.812621E-03 -2.493140E-02 -1.022214E-03
  1.320  1.191581E+01  2.419277E-01  1.267568E+01  2.744017E-01  1.287269E+01  2.816586E-01 -8.074141E-01 -3.067553E-02 -4.938650E-02 -1.857669E-03 -2.506788E-02 -1.048201E-03
  1.340  1.194820E+01  2.472110E-01  1.271240E+01  2.805144E-01  1.291038E+01  2.879522E-01 -8.115112E-01 -3.143573E-02 -4.963461E-02 -1.903749E-03 -2.520781E-02 -1.074811E-03
  1.360  1.198128E+01  2.525852E-01  1.274993E+01  2.867384E-01  1.294890E+01  2.943613E-01 -8.157092E-01 -3.221355E-02 -4.988883E-02 -1.950899E-03 -2.535126E-02 -1.102070E-03
  1.380  1.201508E+01  2.580533E-01  1.278829E+01  2.930776E-01  1.298828E+01  3.008900E-01 -8.200103E-01 -3.300965E-02 -5.014931E-02 -1.999161E-03 -2.549833E-02 -1.130004E-03
  1.400  1.204961E+01  2.636184E-01  1.282750E+01  2.995359E-01  1.302852E+01  3.075423E-01 -8.244171E-01 -3.382472E-02 -5.041619E-02 -2.048576E-03 -2.564910E-02 -1.158638E-03
  1.420  1.208488E+01  2.692837E-01  1.286756E+01  3.061173E-01  1.306965E+01  3.143226E-01 -8.289320E-01 -3.465949E-02 -5.068962E-02 -2.099189E-03 -2.580367E-02 -1.188000E-03
  1.440  1.212091E+01  2.750525E-01  1.290849E+01  3.128261E-01  1.311168E+01  3.212352E-01 -8.335576E-01 -3.551473E-02 -5.096976E-02 -2.151046E-03 -2.596212E-02 -1.218120E-03
  1.460  1.215770E+01  2.809283E-01  1.295032E+01  3.196667E-01  1.315463E+01  3.282848E-01 -8.382965E-01 -3.639123E-02 -5.125678E-02 -2.204196E-03 -2.612457E-02 -1.249029E-03
  1.480  1.219527E+01  2.869147E-01  1.299306E+01  3.266436E-01  1.319852E+01  3.354762E-01 -8.431517E-01 -3.728980E-02 -5.155085E-02 -2.258689E-03 -2.629110E-02 -1.280757E-03
  1.500  1.223364E+01  2.930153E-01  1.303672E+01  3.337618E-01  1.324336E+01  3.428142E-01 -8.481260E-01 -3.821134E-02 -5.185213E-02 -2.314579E-03 -2.646184E-02 -1.313338E-03
  1.520  1.227282E+01  2.992341E-01  1.308133E+01  3.410261E-01  1.328918E+01  3.503043E-01 -8.532223E-01 -3.915673E-02 -5.216083E-02 -2.371919E-03 -2.663689E-02 -1.346808E-03
  1.540  1.231283E+01  3.055750E-01  1.312691E+01  3.484416E-01  1.333599E+01  3.579517E-01 -8.584439E-01 -4.012693E-02 -5.247711E-02 -2.430769E-03 -2.681637E-02 -1.381203E-03
  1.560  1.235368E+01  3.120423E-01  1.317347E+01  3.560139E-01  1.338382E+01  3.657620E-01 -8.637940E-01 -4.112293E-02 -5.280119E-02 -2.491190E-03 -2.700040E-02 -1.416561E-03
  1.580  1.239539E+01  3.186403E-01  1.322104E+01  3.637486E-01  1.343269E+01  3.737413E-01 -8.692760E-01 -4.214578E-02 -5.313327E-02 -2.553244E-03 -2.718910E-02 -1.452924E-03
  1.600  1.243797E+01  3.253734E-01  1.326963E+01  3.716514E-01  1.348261E+01  3.818956E-01 -8.748934E-01 -4.319657E-02 -5.347357E-02 -2.616999E-03 -2.738261E-02 -1.490333E-03
  1.620  1.248146E+01  3.322465E-01  1.331927E+01  3.797285E-01  1.353362E+01  3.902313E-01 -8.806499E-01 -4.427645E-02 -5.382230E-02 -2.682524E-03 -2.758107E-02 -1.528834E-03
  1.640  1.252585E+01  3.392644E-01  1.336999E+01  3.879864E-01  1.358574E+01  3.987551E-01 -8.865492E-01 -4.538661E-02 -5.417970E-02 -2.749893E-03 -2.778461E-02 -1.568474E-03
  1.660  1.257118E+01  3.464323E-01  1.342180E+01  3.964316E-01  1.363898E+01  4.074740E-01 -8.925954E-01 -4.652833E-02 -5.454600E-02 -2.819184E-03 -2.799339E-02 -1.609302E-03
  1.680  1.261746E+01  3.537554E-01  1.347474E+01  4.050712E-01  1.369339E+01  4.163954E-01 -8.987925E-01 -4.770292E-02 -5.492147E-02 -2.890476E-03 -2.820756E-02 -1.651369E-03
  1.700  1.266471E+01  3.612393E-01  1.352882E+01  4.139124E-01  1.374897E+01  4.255268E-01 -9.051449E-01 -4.891178E-02 -5.530637E-02 -2.963856E-03 -2.842728E-02 -1.694733E-03
  1.720  1.271296E+01  3.688899E-01  1.358407E+01  4.229629E-01  1.380577E+01  4.348762E-01 -9.116570E-01 -5.015639E-02 -5.570096E-02 -3.039413E-03 -2.865272E-02 -1.739449E-03
  1.740  1.276222E+01  3.767132E-01  1.364052E+01  4.322306E-01  1.386381E+01  4.444521E-01 -9.183336E-01 -5.143827E-02 -5.610552E-02 -3.117242E-03 -2.888406E-02 -1.785579E-03
  1.760  1.281252E+01  3.847155E-01  1.369820E+01  4.417240E-01  1.392312E+01  4.542633E-01 -9.251794E-01 -5.275907E-02 -5.652037E-02 -3.197441E-03 -2.912147E-02 -1.833189E-03
  1.780  1.286389E+01  3.929034E-01  1.375714E+01  4.514517E-01  1.398373E+01  4.643188E-01 -9.321995E-01 -5.412048E-02 -5.694580E-02 -3.280116E-03 -2.936516E-02 -1.882345E-03
  1.800  1.291634E+01  4.012839E-01  1.381737E+01  4.614230E-01  1.404567E+01  4.746283E-01 -9.393993E-01 -5.552431E-02 -5.738213E-02 -3.365377E-03 -2.961533E-02 -1.933120E-03
  1.820  1.296990E+01  4.098642E-01  1.387893E+01  4.716475E-01  1.410898E+01  4.852020E-01 -9.467843E-01 -5.697248E-02 -5.782971E-02 -3.453340E-03 -2.987217E-02 -1.985590E-03
  1.840  1.302460E+01  4.186518E-01  1.394183E+01  4.821353E-01  1.417368E+01  4.960506E-01 -9.543602E-01 -5.846697E-02 -5.828889E-02 -3.544127E-03 -3.013592E-02 -2.039836E-03
  1.860  1.308047E+01  4.276548E-01  1.400613E+01  4.928970E-01  1.423983E+01  5.071850E-01 -9.621330E-01 -6.000992E-02 -5.876002E-02 -3.637870E-03 -3.040681E-02 -2.095943E-03
  1.880  1.313752E+01  4.368814E-01  1.407185E+01  5.039438E-01  1.430745E+01  5.186172E-01 -9.701091E-01 -6.160356E-02 -5.924351E-02 -3.734705E-03 -3.068506E-02 -2.154002E-03
  1.900  1.319581E+01  4.463404E-01  1.413903E+01  5.152874E-01  1.437658E+01  5.303594E-01 -9.782949E-01 -6.325028E-02 -5.973974E-02 -3.834777E-03 -3.097094E-02 -2.214109E-03
  1.920  1.325534E+01  4.560409E-01  1.420771E+01  5.269403E-01  1.444726E+01  5.424246E-01 -9.866975E-01 -6.495256E-02 -6.024913E-02 -3.938239E-03 -3.126471E-02 -2.276365E-03
  1.940  1.331616E+01  4.659925E-01  1.427794E+01  5.389152E-01  1.451954E+01  5.548266E-01 -9.953239E-01 -6.671307E-02 -6.077213E-02 -4.045255E-03 -3.156665E-02 -2.340878E-03
  1.960  1.337830E+01  4.762053E-01  1.434974E+01  5.512261E-01  1.459346E+01  5.675797E-01 -1.004182E+00 -6.853462E-02 -6.130920E-02 -4.155996E-03 -3.187704E-02 -2.407765E-03
  1.980  1.344179E+01  4.866899E-01  1.442318E+01  5.638872E-01  1.466906E+01  5.806991E-01 -1.013279E+00 -7.042018E-02 -6.186081E-02 -4.270645E-03 -3.219620E-02 -2.477146E-03
  2.000  1.350667E+01  4.974575E-01  1.449829E+01  5.769139E-01  1.474640E+01  5.942010E-01 -1.022624E+00 -7.237294E-02 -6.242747E-02 -4.389396E-03 -3.252444E-02 -2.549153E-03
  2.020  1.357298E+01  5.085198E-01  1.457511E+01  5.903221E-01  1.482552E+01  6.081023E-01 -1.032225E+00 -7.439623E-02 -6.300971E-02 -4.512454E-03 -3.286209E-02 -2.623923E-03
  2.040  1.364074E+01  5.198892E-01  1.465371E+01  6.041290E-01  1.490647E+01  6.224208E-01 -1.042091E+00 -7.649365E-02 -6.360809E-02 -4.640040E-03 -3.320952E-02 -2.701606E-03
  2.060  1.371001E+01  5.315787E-01  1.473413E+01  6.183525E-01  1.498931E+01  6.371756E-01 -1.052232E+00 -7.866896E-02 -6.422317E-02 -4.772384E-03 -3.356709E-02 -2.782359E-03
  2.080  1.378083E+01  5.436020E-01  1.481642E+01  6.330115E-01  1.507410E+01  6.523868E-01 -1.062658E+00 -8.092623E-02 -6.485559E-02 -4.909735E-03 -3.393520E-02 -2.866351E-03
  2.100  1.385323E+01  5.559737E-01  1.490065E+01  6.481262E-01  1.516089E+01  6.680755E-01 -1.073379E+00 -8.326975E-02 -6.550597E-02 -5.052358E-03 -3.431425E-02 -2.953762E-03
  2.120  1.392727E+01  5.687090E-01  1.498687E+01  6.637178E-01  1.524975E+01  6.842644E-01 -1.084407E+00 -8.570411E-02 -6.617499E-02 -5.200532E-03 -3.470469E-02 -3.044785E-03
  2.140  1.400299E+01  5.818241E-01  1.507514E+01  6.798092E-01  1.534073E+01  7.009774E-01 -1.095753E+00 -8.823420E-02 -6.686337E-02 -5.354559E-03 -3.510697E-02 -3.139628E-03
  2.160  1.408044E+01  5.953362E-01  1.516553E+01  6.964241E-01  1.543392E+01  7.182399E-01 -1.107429E+00 -9.086524E-02 -6.757184E-02 -5.514758E-03 -3.552157E-02 -3.238511E-03
  2.180  1.415967E+01  6.092633E-01  1.525810E+01  7.135882E-01  1.552937E+01  7.360789E-01 -1.119448E+00 -9.360283E-02 -6.830120E-02 -5.681474E-03 -3.594901E-02 -3.341675E-03
  2.200  1.424073E+01  6.236247E-01  1.535293E+01  7.313286E-01  1.562717E+01  7.545231E-01 -1.131823E+00 -9.645293E-02 -6.905227E-02 -5.855072E-03 -3.638982E-02 -3.449373E-03
  2.220  1.432369E+01  6.384406E-01  1.545008E+01  7.496741E-01  1.572739E+01  7.736032E-01 -1.144570E+00 -9.942195E-02 -6.982593E-02 -6.035945E-03 -3.684458E-02 -3.561882E-03
  2.240  1.440860E+01  6.537327E-01  1.554965E+01  7.686555E-01  1.583011E+01  7.933517E-01 -1.157703E+00 -1.025167E-01 -7.062310E-02 -6.224514E-03 -3.731388E-02 -3.679497E-03
  2.260  1.449551E+01  6.695238E-01  1.565170E+01  7.883056E-01  1.593542E+01  8.138036E-01 -1.171237E+00 -1.057447E-01 -7.144475E-02 -6.421231E-03 -3.779837E-02 -3.802539E-03
  2.280  1.458451E+01  6.858383E-01  1.575633E+01  8.086593E-01  1.604340E+01  8.349960E-01 -1.185190E+00 -1.091136E-01 -7.229191E-02 -6.626582E-03 -3.829873E-02 -3.931352E-03
  2.300  1.467565E+01  7.027022E-01  1.586362E+01  8.297542E-01  1.615416E+01  8.569687E-01 -1.199580E+00 -1.126321E-01 -7.316567E-02 -6.841087E-03 -3.881566E-02 -4.066309E-03
  2.320  1.476900E+01  7.201430E-01  1.597367E+01  8.516301E-01  1.626779E+01  8.797643E-01 -1.214425E+00 -1.163092E-01 -7.406717E-02 -7.065310E-03 -3.934995E-02 -4.207814E-03
  2.340  1.486464E+01  7.381901E-01  1.608657E+01  8.743301E-01  1.638439E+01  9.034284E-01 -1.229745E+00 -1.201549E-01 -7.499763E-02 -7.299854E-03 -3.990238E-02 -4.356302E-03
  2.360  1.496265E+01  7.568750E-01  1.620244E+01  8.978999E-01  1.650408E+01  9.280099E-01 -1.245561E+00 -1.241797E-01 -7.595835E-02 -7.545373E-03 -4.047383E-02 -4.512248E-03
  2.380  1.506310E+01  7.762311E-01  1.632138E+01  9.223890E-01  1.662697E+01  9.535616E-01 -1.261896E+00 -1.283951E-01 -7.695068E-02 -7.802573E-03 -4.106522E-02 -4.676166E-03
  2.400  1.516609E+01  7.962943E-01  1.644351E+01  9.478503E-01  1.675319E+01  9.801398E-01 -1.278773E+00 -1.328135E-01 -7.797609E-02 -8.072216E-03 -4.167750E-02 -4.848616E-03
  2.420  1.527170E+01  8.171029E-01  1.656895E+01  9.743407E-01  1.688286E+01  1.007806E+00 -1.296217E+00 -1.374484E-01 -7.903610E-02 -8.355128E-03 -4.231174E-02 -5.030208E-03
  2.440  1.538003E+01  8.386982E-01  1.669783E+01  1.001922E+00  1.701611E+01  1.036625E+00 -1.314255E+00 -1.423144E-01 -8.013236E-02 -8.652205E-03 -4.296902E-02 -5.221607E-03
  2.460  1.549117E+01  8.611241E-01  1.683029E+01  1.030660E+00  1.715310E+01  1.066668E+00 -1.332916E+00 -1.474271E-01 -8.126661E-02 -8.964418E-03 -4.365055E-02 -5.423539E-03
  2.480  1.560523E+01  8.844282E-01  1.696647E+01  1.060627E+00  1.729398E+01  1.098013E+00 -1.352230E+00 -1.528039E-01 -8.244070E-02 -9.292826E-03 -4.435758E-02 -5.636799E-03
  2.500  1.572233E+01  9.086614E-01  1.710652E+01  1.091899E+00  1.743890E+01  1.130741E+00 -1.372228E+00 -1.584635E-01 -8.365660E-02 -9.638577E-03 -4.509146E-02 -5.862258E-03
  2.520  1.584258E+01  9.338787E-01  1.725061E+01  1.124561E+00  1.758804E+01  1.164944E+00 -1.392946E+00 -1.644261E-01 -8.491644E-02 -1.000293E-02 -4.585366E-02 -6.100873E-03
  2.540  1.596610E+01  9.601392E-01  1.739890E+01  1.158705E+00  1.774158E+01  1.200719E+00 -1.414419E+00 -1.707141E-01 -8.622244E-02 -1.038725E-02 -4.664571E-02 -6.353695E-03
  2.560  1.609302E+01  9.875070E-01  1.755158E+01  1.194428E+00  1.789972E+01  1.238173E+00 -1.436688E+00 -1.773519E-01 -8.757702E-02 -1.079303E-02 -4.746930E-02 -6.621884E-03
  2.580  1.622349E+01  1.016051E+00  1.770885E+01  1.231839E+00  1.806264E+01  1.277423E+00 -1.459794E+00 -1.843661E-01 -8.898275E-02 -1.122192E-02 -4.832620E-02 -6.906717E-03
  2.600  1.635764E+01  1.045847E+00  1.787090E+01  1.271055E+00  1.823059E+01  1.318594E+00 -1.483782E+00 -1.917859E-01 -9.044238E-02 -1.167572E-02 -4.921835E-02 -7.209609E-03
  2.620  1.649563E+01  1.076975E+00  1.803796E+01  1.312204E+00  1.840377E+01  1.361827E+00 -1.508699E+00 -1.996435E-01 -9.195885E-02 -1.215640E-02 -5.014782E-02 -7.532126E-03
  2.640  1.663763E+01  1.109525E+00  1.821026E+01  1.355428E+00  1.858245E+01  1.407273E+00 -1.534598E+00 -2.079744E-01 -9.353533E-02 -1.266614E-02 -5.111684E-02 -7.876009E-03
  2.660  1.678380E+01  1.143592E+00  1.838805E+01  1.400879E+00  1.876689E+01  1.455100E+00 -1.561533E+00 -2.168175E-01 -9.517520E-02 -1.320735E-02 -5.212783E-02 -8.243191E-03
  2.680  1.693434E+01  1.179281E+00  1.857159E+01  1.448728E+00  1.895736E+01  1.505492E+00 -1.589564E+00 -2.262161E-01 -9.688213E-02 -1.378268E-02 -5.318337E-02 -8.635832E-03
  2.700  1.708944E+01  1.216707E+00  1.876116E+01  1.499160E+00  1.915416E+01  1.558653E+00 -1.618756E+00 -2.362179E-01 -9.866003E-02 -1.439507E-02 -5.428630E-02 -9.056341E-03
  2.720  1.724931E+01  1.255995E+00  1.895707E+01  1.552382E+00  1.935763E+01  1.614808E+00 -1.649175E+00 -2.468760E-01 -1.005131E-01 -1.504779E-02 -5.543963E-02 -9.507421E-03
  2.740  1.741417E+01  1.297284E+00  1.915964E+01  1.608621E+00  1.956809E+01  1.674207E+00 -1.680898E+00 -2.582495E-01 -1.024460E-01 -1.574446E-02 -5.664668E-02 -9.992103E-03
  2.760  1.758427E+01  1.340724E+00  1.936922E+01  1.668129E+00  1.978593E+01  1.737126E+00 -1.714003E+00 -2.704039E-01 -1.044635E-01 -1.648912E-02 -5.791100E-02 -1.051380E-02
  2.780  1.775984E+01  1.386482E+00  1.958618E+01  1.731187E+00  2.001153E+01  1.803875E+00 -1.748578E+00 -2.834129E-01 -1.065710E-01 -1.728630E-02 -5.923648E-02 -1.107637E-02
  2.800  1.794117E+01  1.434742E+00  1.981093E+01  1.798107E+00  2.024532E+01  1.874801E+00 -1.784715E+00 -2.973588E-01 -1.087742E-01 -1.814106E-02 -6.062732E-02 -1.168417E-02
  2.820  1.812855E+01  1.485708E+00  2.004387E+01  1.869238E+00  2.048776E+01  1.950290E+00 -1.822514E+00 -3.123338E-01 -1.110793E-01 -1.905906E-02 -6.208808E-02 -1.234215E-02
  2.840  1.832228E+01  1.539605E+00  2.028549E+01  1.944971E+00  2.073932E+01  2.030779E+00 -1.862087E+00 -3.284421E-01 -1.134931E-01 -2.004670E-02 -6.362375E-02 -1.305593E-02
  2.860  1.852270E+01  1.596684E+00  2.053628E+01  2.025745E+00  2.100055E+01  2.116760E+00 -1.903550E+00 -3.458011E-01 -1.160228E-01 -2.111120E-02 -6.523971E-02 -1.383195E-02
  2.880  1.873017E+01  1.657227E+00  2.079676E+01  2.112057E+00  2.127199E+01  2.208791E+00 -1.947032E+00 -3.645437E-01 -1.186763E-01 -2.226072E-02 -6.694187E-02 -1.467757E-02
  2.900  1.894507E+01  1.721545E+00  2.106752E+01  2.204465E+00  2.155426E+01  2.307503E+00 -1.992672E+00 -3.848208E-01 -1.214622E-01 -2.350451E-02 -6.873661E-02 -1.560124E-02
  2.920  1.916780E+01  1.789989E+00  2.134917E+01  2.303605E+00  2.184801E+01  2.413620E+00 -2.040620E+00 -4.068042E-01 -1.243897E-01 -2.485313E-02 -7.063090E-02 -1.661270E-02
  2.940  1.939883E+01  1.862956E+00  2.164238E+01  2.410201E+00  2.215392E+01  2.527968E+00 -2.091041E+00 -4.306904E-01 -1.274690E-01 -2.631860E-02 -7.263231E-02 -1.772323E-02
  2.960  1.963861E+01  1.940891E+00  2.194787E+01  2.525080E+00  2.247275E+01  2.651495E+00 -2.144110E+00 -4.567045E-01 -1.307110E-01 -2.791474E-02 -7.474908E-02 -1.894591E-02
  2.980  1.988766E+01  2.024299E+00  2.226640E+01  2.649188E+00  2.280526E+01  2.785297E+00 -2.200020E+00 -4.851052E-01 -1.341274E-01 -2.965740E-02 -7.699012E-02 -2.029599E-02
  3.000  2.014654E+01  2.113753E+00  2.259880E+01  2.783617E+00  2.315229E+01  2.930643E+00 -2.258978E+00 -5.161915E-01 -1.377311E-01 -3.156487E-02 -7.936510E-02 -2.179131E-02
  3.020  2.041583E+01  2.209907E+00  2.294595E+01  2.929628E+00  2.351470E+01  3.089007E+00 -2.321205E+00 -5.503094E-01 -1.415358E-01 -3.365833E-02 -8.188444E-02 -2.345284E-02
  3.040  2.069617E+01  2.313509E+00  2.330878E+01  3.088683E+00  2.389336E+01  3.262109E+00 -2.386943E+00 -5.878616E-01 -1.455565E-01 -3.596239E-02 -8.455934E-02 -2.530533E-02
  3.060  2.098824E+01  2.425420E+00  2.368828E+01  3.262487E+00  2.428917E+01  3.451959E+00 -2.456445E+00 -6.293178E-01 -1.498089E-01 -3.850576E-02 -8.740177E-02 -2.737820E-02
  3.080  2.129278E+01  2.546632E+00  2.408547E+01  3.453034E+00  2.470296E+01  3.660916E+00 -2.529981E+00 -6.752286E-01 -1.543099E-01 -4.132207E-02 -9.042441E-02 -2.970653E-02
  3.100  2.161055E+01  2.678294E+00  2.450140E+01  3.662665E+00  2.513549E+01  3.891745E+00 -2.607835E+00 -7.262417E-01 -1.590771E-01 -4.445083E-02 -9.364053E-02 -3.233253E-02
  3.120  2.194238E+01  2.821742E+00  2.493712E+01  3.894136E+00  2.558734E+01  4.147680E+00 -2.690294E+00 -7.831217E-01 -1.641287E-01 -4.793870E-02 -9.706376E-02 -3.530736E-02
  3.140  2.228912E+01  2.978537E+00  2.539363E+01  4.150709E+00  2.605881E+01  4.432490E+00 -2.777648E+00 -8.467748E-01 -1.694833E-01 -5.184093E-02 -1.007076E-01 -3.869365E-02
  3.160  2.265168E+01  3.150511E+00  2.587181E+01  4.436243E+00  2.654973E+01  4.750513E+00 -2.870173E+00 -9.182786E-01 -1.751584E-01 -5.622325E-02 -1.045847E-01 -4.256895E-02
  3.180  2.303094E+01  3.339819E+00  2.637233E+01  4.755313E+00  2.705924E+01  5.106649E+00 -2.968112E+00 -9.989181E-01 -1.811704E-01 -6.116406E-02 -1.087051E-01 -4.703064E-02
  3.200  2.342780E+01  3.549013E+00  2.689549E+01  5.113335E+00  2.758549E+01  5.506243E+00 -3.071645E+00 -1.090228E+00 -1.875320E-01 -6.675716E-02 -1.130728E-01 -5.220277E-02
  3.220  2.384309E+01  3.781116E+00  2.744097E+01  5.516693E+00  2.812538E+01  5.954806E+00 -3.180844E+00 -1.194045E+00 -1.942499E-01 -7.311497E-02 -1.176797E-01 -5.824566E-02
  3.240  2.427751E+01  4.039728E+00  2.800756E+01  5.972838E+00  2.867427E+01  6.457475E+00 -3.295609E+00 -1.312561E+00 -2.013212E-01 -8.037234E-02 -1.224924E-01 -6.536820E-02
  3.260  2.473152E+01  4.329138E+00  2.859268E+01  6.490328E+00  2.922615E+01  7.018204E+00 -3.415571E+00 -1.448387E+00 -2.087269E-01 -8.869072E-02 -1.274284E-01 -7.384137E-02
  3.280  2.520520E+01  4.654454E+00  2.919181E+01  7.078721E+00  2.977437E+01  7.638849E+00 -3.539958E+00 -1.604604E+00 -2.164239E-01 -9.826246E-02 -1.323143E-01 -8.400645E-02
  3.300  2.569802E+01  5.021753E+00  2.979785E+01  7.748211E+00  3.031330E+01  8.318734E+00 -3.667412E+00 -1.784809E+00 -2.243320E-01 -1.093144E-01 -1.368233E-01 -9.626355E-02
  3.320  2.620850E+01  5.438207E+00  3.040047E+01  8.508890E+00  3.084072E+01  9.055689E+00 -3.795748E+00 -1.993118E+00 -2.323162E-01 -1.221089E-01 -1.403986E-01 -1.110176E-01
  3.340  2.673370E+01  5.912191E+00  3.098583E+01  9.369564E+00  3.135939E+01  9.849348E+00 -3.921659E+00 -2.234114E+00 -2.401619E-01 -1.369389E-01 -1.421962E-01 -1.285630E-01
  3.360  2.726860E+01  6.453274E+00  3.153693E+01  1.033634E+01  3.187570E+01  1.070600E+01 -4.040365E+00 -2.512718E+00 -2.475448E-01 -1.541106E-01 -1.410972E-01 -1.489195E-01
  3.380  2.780515E+01  7.071999E+00  3.203512E+01  1.141164E+01  3.239431E+01  1.164207E+01 -4.145210E+00 -2.833981E+00 -2.540002E-01 -1.739070E-01 -1.358214E-01 -1.716798E-01
  3.400  2.833111E+01  7.779249E+00  3.246197E+01  1.259483E+01  3.291068E+01  1.268313E+01 -4.227137E+00 -3.202758E+00 -2.589060E-01 -1.965240E-01 -1.251049E-01 -1.959431E-01
  3.420  2.882874E+01  8.584895E+00  3.279984E+01  1.388482E+01  3.340538E+01  1.385809E+01 -4.273934E+00 -3.623153E+00 -2.615054E-01 -2.219876E-01 -1.078426E-01 -2.203386E-01
  3.440  2.927362E+01  9.495303E+00  3.302854E+01  1.528301E+01  3.384263E+01  1.519135E+01 -4.269223E+00 -4.097299E+00 -2.609876E-01 -2.500827E-01 -8.314122E-02 -2.430207E-01
  3.460  2.963453E+01  1.050936E+01  3.311842E+01  1.679176E+01  3.417235E+01  1.669533E+01 -4.191624E+00 -4.622873E+00 -2.566148E-01 -2.803481E-01 -5.042102E-02 -2.614874E-01
  3.480  2.987576E+01  1.161320E+01  3.302469E+01  1.840518E+01  3.433468E+01  1.836444E+01 -4.015358E+00 -5.189013E+00 -2.478313E-01 -3.121678E-01 -9.890685E-03 -2.723154E-01
  3.500  2.996365E+01  1.277528E+01  3.269085E+01  2.009433E+01  3.426658E+01  2.016971E+01 -3.714078E+00 -5.771571E+00 -2.342792E-01 -3.449277E-01  3.645785E-02 -2.713426E-01
  3.520  2.987796E+01  1.394567E+01  3.206457E+01  2.179602E+01  3.391219E+01  2.205551E+01 -3.269010E+00 -6.330434E+00 -2.156876E-01 -3.781662E-01  8.389837E-02 -2.549356E-01
  3.540  2.962469E+01  1.506427E+01  3.112131E+01  2.341494E+01  3.323652E+01  2.394202E+01 -2.679895E+00 -6.812939E+00 -1.916260E-01 -4.116411E-01  1.252794E-01 -2.221606E-01
  3.560  2.924176E+01  1.607936E+01  2.988338E+01  2.484310E+01  3.223763E+01  2.573671E+01 -1.973278E+00 -7.165756E+00 -1.611336E-01 -4.451800E-01  1.532329E-01 -1.763396E-01
  3.580  2.878901E+01  1.696853E+01  2.842208E+01  2.598905E+01  3.095027E+01  2.735285E+01 -1.201032E+00 -7.352000E+00 -1.224165E-01 -4.781060E-01  1.630438E-01 -1.244183E-01
  3.600  2.832375E+01  1.774735E+01  2.684073E+01  2.680182E+01  2.943731E+01  2.872720E+01 -4.267697E-01 -7.364351E+00 -7.309853E-02 -5.082760E-01  1.540767E-01 -7.459525E-02
  3.620  2.787648E+01  1.845749E+01  2.524827E+01  2.727883E+01  2.777215E+01  2.982919E+01  2.933604E-01 -7.225997E+00 -1.140808E-02 -5.313323E-01  1.293806E-01 -3.413874E-02
  3.640  2.744269E+01  1.914132E+01  2.373580E+01  2.745799E+01  2.601930E+01  3.065728E+01  9.251489E-01 -6.979560E+00  6.203291E-02 -5.410359E-01  9.471399E-02 -8.107611E-03
  3.660  2.699459E+01  1.981982E+01  2.236315E+01  2.740011E+01  2.422194E+01  3.122313E+01  1.460364E+00 -6.671324E+00  1.428629E-01 -5.310041E-01  5.740733E-02  1.642620E-03
  3.680  2.650282E+01  2.048607E+01  2.115787E+01  2.716942E+01  2.240494E+01  3.153121E+01  1.911672E+00 -6.338203E+00  2.231034E-01 -4.972124E-01  2.454400E-02 -2.963150E-03
  3.700  2.595403E+01  2.111474E+01  2.012446E+01  2.681967E+01  2.059342E+01  3.156754E+01  2.303158E+00 -6.000844E+00  2.929900E-01 -4.399931E-01  8.006359E-04 -1.698441E-02
  3.720  2.535588E+01  2.167849E+01  1.925702E+01  2.638999E+01  1.883467E+01  3.130821E+01  2.660559E+00 -5.662417E+00  3.437124E-01 -3.644641E-01 -1.268510E-02 -3.464961E-02
  3.740  2.473055E+01  2.216067E+01  1.854819E+01  2.590817E+01  1.720600E+01  3.074430E+01  3.003076E+00 -5.311352E+00  3.698212E-01 -2.792742E-01 -1.750699E-02 -5.160393E-02
  3.760  2.410415E+01  2.255961E+01  1.799303E+01  2.539593E+01  1.579938E+01  2.990638E+01  3.337347E+00 -4.926950E+00  3.704678E-01 -1.942767E-01 -1.601945E-02 -6.555359E-02
  3.780  2.349768E+01  2.288614E+01  1.758977E+01  2.487361E+01  1.469109E+01  2.887008E+01  3.654632E+00 -4.487296E+00  3.490772E-01 -1.179578E-01 -1.018706E-02 -7.521370E-02
  3.800  2.292181E+01  2.315762E+01  1.733834E+01  2.436465E+01  1.391660E+01  2.773798E+01  3.932558E+00 -3.977685E+00  3.115731E-01 -5.574096E-02 -2.136251E-03 -7.941950E-02
  3.820  2.237550E+01  2.339055E+01  1.723565E+01  2.389882E+01  1.346556E+01  2.661154E+01  4.141170E+00 -3.396529E+00  2.643063E-01 -9.941865E-03  5.102008E-03 -7.782562E-02
  3.840  2.184908E+01  2.359321E+01  1.726826E+01  2.351109E+01  1.329435E+01  2.557052E+01  4.250566E+00 -2.756667E+00  2.129904E-01  1.927742E-02  8.439700E-03 -7.209323E-02
  3.860  2.133193E+01  2.376119E+01  1.740654E+01  2.323395E+01  1.334322E+01  2.466613E+01  4.236811E+00 -2.082857E+00  1.625533E-01  3.325074E-02  6.549302E-03 -6.553045E-02
  3.880  2.082238E+01  2.387908E+01  1.760625E+01  2.308573E+01  1.354974E+01  2.392294E+01  4.085138E+00 -1.408310E+00  1.169021E-01  3.463988E-02  5.190732E-04 -6.120165E-02
  3.900  2.033476E+01  2.392925E+01  1.781895E+01  2.306194E+01  1.385746E+01  2.334431E+01  3.792339E+00 -7.718004E-01  7.838097E-02  2.698857E-02 -7.297507E-03 -6.044155E-02
  3.920  1.989885E+01  2.390430E+01  1.800682E+01  2.313600E+01  1.422062E+01  2.291925E+01  3.369725E+00 -2.135446E-01  4.762548E-02  1.377471E-02 -1.482984E-02 -6.292229E-02
  3.940  1.955042E+01  2.381702E+01  1.815334E+01  2.327034E+01  1.460461E+01  2.262885E+01  2.844228E+00  2.321156E-01  2.418350E-02 -2.359964E-03 -2.092841E-02 -6.755611E-02
  3.960  1.931594E+01  2.370192E+01  1.826289E+01  2.343113E+01  1.498387E+01  2.244941E+01  2.253874E+00  5.447587E-01  7.372313E-03 -1.959440E-02 -2.523138E-02 -7.311175E-02
  3.980  1.919896E+01  2.360494E+01  1.835104E+01  2.359650E+01  1.534153E+01  2.235180E+01  1.638398E+00  7.210593E-01 -3.407468E-03 -3.634823E-02 -2.805499E-02 -7.839454E-02
  4.000  1.917739E+01  2.356519E+01  1.843543E+01  2.375428E+01  1.567360E+01  2.230172E+01  1.030894E+00  7.709100E-01 -9.046118E-03 -5.091390E-02 -3.049979E-02 -8.256424E-02
  4.020  1.921506E+01  2.359979E+01  1.853506E+01  2.389604E+01  1.599454E+01  2.226583E+01  4.551740E-01  7.105988E-01 -1.118730E-02 -6.174636E-02 -3.421629E-02 -8.578608E-02
  4.040  1.928054E+01  2.370158E+01  1.867577E+01  2.401720E+01  1.633677E+01  2.222343E+01 -7.248640E-02  5.585126E-01 -1.217351E-02 -6.809053E-02 -4.048757E-02 -8.958222E-02
  4.060  1.936134E+01  2.385084E+01  1.889200E+01  2.412530E+01  1.674094E+01  2.217576E+01 -5.418804E-01  3.342205E-01 -1.450245E-02 -7.035253E-02 -4.922637E-02 -9.625034E-02
  4.080  1.946515E+01  2.403252E+01  1.921908E+01  2.424873E+01  1.724262E+01  2.214632E+01 -9.495309E-01  5.762811E-02 -2.021824E-02 -7.003895E-02 -5.877468E-02 -1.076879E-01
  4.100  1.960917E+01  2.424828E+01  1.967896E+01  2.443759E+01  1.786334E+01  2.217382E+01 -1.299164E+00 -2.539772E-01 -3.044015E-02 -6.943734E-02 -6.656068E-02 -1.245233E-01
  4.120  1.980526E+01  2.451718E+01  2.026784E+01  2.475369E+01  1.860739E+01  2.230407E+01 -1.599549E+00 -5.893947E-01 -4.505148E-02 -7.107906E-02 -6.998432E-02 -1.459091E-01
  4.140  2.004990E+01  2.486677E+01  2.095290E+01  2.525462E+01  1.946163E+01  2.258308E+01 -1.860315E+00 -9.448536E-01 -6.274728E-02 -7.702979E-02 -6.715014E-02 -1.697348E-01
  4.160  2.032294E+01  2.532079E+01  2.167926E+01  2.597943E+01  2.039690E+01  2.305045E+01 -2.087937E+00 -1.322583E+00 -8.154669E-02 -8.834877E-02 -5.744959E-02 -1.930912E-01
  4.180  2.059410E+01  2.589018E+01  2.238309E+01  2.694152E+01  2.137261E+01  2.373331E+01 -2.283375E+00 -1.727450E+00 -9.949478E-02 -1.050124E-01 -4.194445E-02 -2.130267E-01
  4.200  2.083252E+01  2.657030E+01  2.300521E+01  2.812987E+01  2.234436E+01  2.464333E+01 -2.442210E+00 -2.162727E+00 -1.152000E-01 -1.262556E-01 -2.332809E-02 -2.275761E-01
  4.220  2.101541E+01  2.734370E+01  2.350132E+01  2.951671E+01  2.327203E+01  2.577883E+01 -2.557994E+00 -2.626814E+00 -1.280265E-01 -1.511187E-01 -5.177451E-03 -2.368141E-01
  4.240  2.113410E+01  2.818667E+01  2.384656E+01  3.106916E+01  2.412507E+01  2.713155E+01 -2.627646E+00 -3.113891E+00 -1.378954E-01 -1.789477E-01  9.607610E-03 -2.433206E-01
  4.260  2.119630E+01  2.907907E+01  2.403258E+01  3.276200E+01  2.488195E+01  2.869563E+01 -2.654402E+00 -3.619793E+00 -1.448305E-01 -2.095796E-01  2.057607E-02 -2.513213E-01
  4.280  2.122141E+01  3.001562E+01  2.405651E+01  3.458658E+01  2.552307E+01  3.047411E+01 -2.643634E+00 -4.148971E+00 -1.485959E-01 -2.431374E-01  3.044514E-02 -2.646120E-01
  4.300  2.122736E+01  3.101227E+01  2.390535E+01  3.655038E+01  2.602024E+01  3.247889E+01 -2.592966E+00 -4.714943E+00 -1.486833E-01 -2.797185E-01  4.414644E-02 -2.845611E-01
  4.320  2.121530E+01  3.210091E+01  2.354335E+01  3.866516E+01  2.632782E+01  3.472263E+01 -2.485185E+00 -5.331299E+00 -1.445065E-01 -3.193258E-01  6.698542E-02 -3.092899E-01
  4.340  2.116256E+01  3.331427E+01  2.291024E+01  4.092811E+01  2.638124E+01  3.720538E+01 -2.291224E+00 -5.999720E+00 -1.354432E-01 -3.620509E-01  1.029114E-01 -3.338910E-01
  4.360  2.102854E+01  3.467128E+01  2.193261E+01  4.330513E+01  2.610475E+01  3.990232E+01 -1.981320E+00 -6.704696E+00 -1.205829E-01 -4.082230E-01  1.529924E-01 -3.512186E-01
  4.380  2.076734E+01  3.617253E+01  2.054403E+01  4.572439E+01  2.542590E+01  4.275830E+01 -1.535270E+00 -7.418319E+00 -9.827846E-02 -4.582873E-01  2.140108E-01 -3.535426E-01
  4.400  2.033615E+01  3.780545E+01  1.870539E+01  4.808287E+01  2.429070E+01  4.569220E+01 -9.444721E-01 -8.109383E+00 -6.571200E-02 -5.122191E-01  2.780832E-01 -3.354768E-01
  4.420  1.969479E+01  3.954992E+01  1.641827E+01  5.026321E+01  2.267333E+01  4.860922E+01 -2.071415E-01 -8.747797E+00 -1.894323E-02 -5.684277E-01  3.347541E-01 -2.971846E-01
  4.440  1.880255E+01  4.137694E+01  1.372689E+01  5.215490E+01  2.057610E+01  5.141642E+01  6.745508E-01 -9.301842E+00  4.606694E-02 -6.226417E-01  3.754960E-01 -2.453319E-01
  4.460  1.762084E+01  4.324357E+01  1.070821E+01  5.367311E+01  1.801924E+01  5.403323E+01  1.689956E+00 -9.735900E+00  1.315469E-01 -6.676302E-01  3.978518E-01 -1.901521E-01
  4.480  1.612071E+01  4.509224E+01  7.453308E+00  5.476772E+01  1.502779E+01  5.639002E+01  2.814227E+00 -1.001674E+01  2.358556E-01 -6.943642E-01  4.060449E-01 -1.403574E-01
  4.500  1.428841E+01  4.685569E+01  4.048323E+00  5.541918E+01  1.162705E+01  5.841713E+01  4.012103E+00 -1.012447E+01  3.523802E-01 -6.946576E-01  4.079644E-01 -9.946775E-02
  4.520  1.212635E+01  4.846193E+01  5.642698E-01  5.562415E+01  7.850436E+00  6.003627E+01  5.251313E+00 -1.005550E+01  4.705699E-01 -6.643964E-01  4.110809E-01 -6.518114E-02
  4.540  9.653794E+00  4.983650E+01 -2.940687E+00  5.538000E+01  3.751417E+00  6.116242E+01  6.513213E+00 -9.811805E+00  5.792523E-01 -6.053568E-01  4.191857E-01 -3.095697E-02
  4.560  6.910211E+00  5.090526E+01 -6.408936E+00  5.467578E+01 -5.891168E-01  6.171292E+01  7.789463E+00 -9.384855E+00  6.703034E-01 -5.240983E-01  4.303356E-01  1.099124E-02
  4.580  3.959538E+00  5.160159E+01 -9.766216E+00  5.349495E+01 -5.059608E+00  6.161886E+01  9.065414E+00 -8.748115E+00  7.402880E-01 -4.289265E-01  4.367623E-01  6.544720E-02
  4.600  8.900291E-01  5.187954E+01 -1.290842E+01  5.183395E+01 -9.518263E+00  6.084079E+01  1.030170E+01 -7.866332E+00  7.899321E-01 -3.271606E-01  4.281963E-01  1.301991E-01
  4.620 -2.197056E+00  5.172843E+01 -1.570739E+01  4.973219E+01 -1.380555E+01  5.938847E+01  1.142831E+01 -6.717910E+00  8.227128E-01 -2.233179E-01  3.979525E-01  1.956984E-01
  4.640 -5.210686E+00  5.117673E+01 -1.804362E+01  4.729281E+01 -1.777360E+01  5.732980E+01  1.235762E+01 -5.316252E+00  8.426148E-01 -1.178406E-01  3.474312E-01  2.499305E-01
  4.660 -8.091379E+00  5.027528E+01 -1.984982E+01  4.467189E+01 -2.131712E+01  5.477422E+01  1.300902E+01 -3.715990E+00  8.506630E-01 -7.492067E-03  2.850598E-01  2.849502E-01
  4.680 -1.081148E+01  4.906881E+01 -2.113525E+01  4.203794E+01 -2.438189E+01  5.183856E+01  1.333010E+01 -2.001974E+00  8.421551E-01  1.109874E-01  2.209834E-01  2.998057E-01
  4.700 -1.335209E+01  4.757926E+01 -2.197602E+01  3.952721E+01 -2.694602E+01  4.862170E+01  1.330540E+01 -2.702448E-01  8.079317E-01  2.353738E-01  1.623226E-01  2.986016E-01
  4.720 -1.567687E+01  4.581622E+01 -2.248196E+01  3.721949E+01 -2.899383E+01  4.520502E+01  1.295398E+01  1.389460E+00  7.402993E-01  3.550388E-01  1.119388E-01  2.866597E-01
  4.740 -1.772724E+01  4.380530E+01 -2.276243E+01  3.514030E+01 -3.050602E+01  4.167153E+01  1.232051E+01  2.906123E+00  6.397553E-01  4.539570E-01  6.998453E-02  2.679911E-01
  4.760 -1.944468E+01  4.160875E+01 -2.290682E+01  3.327874E+01 -3.147231E+01  3.812117E+01  1.146256E+01  4.233986E+00  5.171680E-01  5.182207E-01  3.590217E-02  2.449920E-01
  4.780 -2.080227E+01  3.931921E+01 -2.298142E+01  3.160521E+01 -3.191195E+01  3.466637E+01  1.043645E+01  5.351283E+00  3.895117E-01  5.426239E-01  9.331125E-03  2.193031E-01
  4.800 -2.182022E+01  3.703052E+01 -2.303347E+01  3.008035E+01 -3.188276E+01  3.141151E+01  9.287362E+00  6.250542E+00  2.726072E-01  5.318006E-01 -1.002822E-02  1.924790E-01
  4.820 -2.255471E+01  3.480703E+01 -2.309259E+01  2.865725E+01 -3.147218E+01  2.843216E+01  8.049560E+00  6.925364E+00  1.760466E-01  4.963002E-01 -2.276219E-02  1.660228E-01
  4.840 -2.306943E+01  3.267097E+01 -2.316741E+01  2.728455E+01 -3.077803E+01  2.576632E+01  6.756544E+00  7.362766E+00  1.024928E-01  4.473960E-01 -2.977898E-02  1.411467E-01
  4.860 -2.340872E+01  3.061270E+01 -2.324202E+01  2.591542E+01 -2.989082E+01  2.341895E+01  5.453573E+00  7.547411E+00  4.997167E-02  3.937601E-01 -3.211236E-02  1.186741E-01
  4.880 -2.358658E+01  2.861448E+01 -2.327925E+01  2.452046E+01 -2.888396E+01  2.137326E+01  4.201976E+00  7.475552E+00  1.474412E-02  3.406847E-01 -3.077771E-02  9.912265E-02
  4.900 -2.359488E+01  2.667257E+01 -2.323302E+01  2.309772E+01 -2.781233E+01  1.960219E+01  3.070306E+00  7.168784E+00 -6.772074E-03  2.909380E-01 -2.675008E-02  8.278619E-02
  4.920 -2.342240E+01  2.480561E+01 -2.306562E+01  2.167283E+01 -2.671557E+01  1.807608E+01  2.116980E+00  6.677434E+00 -1.736846E-02  2.460378E-01 -2.095179E-02  6.975278E-02
  4.940 -2.307169E+01  2.304766E+01 -2.276134E+01  2.028806E+01 -2.562272E+01  1.676611E+01  1.375059E+00  6.071016E+00 -1.929690E-02  2.071289E-01 -1.420746E-02  5.993344E-02
  4.960 -2.256485E+01  2.143361E+01 -2.232975E+01  1.898602E+01 -2.455565E+01  1.564467E+01  8.471167E-01  5.421928E+00 -1.479085E-02  1.752141E-01 -7.226211E-03  5.312819E-02
  4.980 -2.193823E+01  1.998683E+01 -2.179873E+01  1.779643E+01 -2.353047E+01  1.468447E+01  5.105906E-01  4.791188E+00 -6.390894E-03  1.508862E-01 -6.427140E-04  4.907312E-02
  5.000 -2.123212E+01  1.871476E+01 -2.120250E+01  1.673106E+01 -2.255709E+01  1.385830E+01  3.283560E-01  4.221338E+00  3.162283E-03  1.338708E-01  4.928145E-03  4.741195E-02
  5.020 -2.048194E+01  1.761193E+01 -2.057126E+01  1.578676E+01 -2.163818E+01  1.314053E+01  2.587201E-01  3.736229E+00  1.149580E-02  1.227691E-01  8.911908E-03  4.760390E-02
  5.040 -1.971491E+01  1.666655E+01 -1.992644E+01  1.495252E+01 -2.076985E+01  1.251015E+01  2.619537E-01  3.344463E+00  1.733616E-02  1.153732E-01  1.091649E-02  4.887476E-02
  5.060 -1.895157E+01  1.586565E+01 -1.928134E+01  1.421562E+01 -1.994467E+01  1.195304E+01  3.035015E-01  3.043428E+00  2.081448E-02  1.095399E-01  1.090627E-02  5.032515E-02
  5.080 -1.820926E+01  1.519651E+01 -1.864398E+01  1.356452E+01 -1.915566E+01  1.146158E+01  3.553540E-01  2.822527E+00  2.300027E-02  1.040366E-01  9.245382E-03  5.116818E-02
  5.100 -1.750372E+01  1.464520E+01 -1.801930E+01  1.298899E+01 -1.839846E+01  1.103206E+01  3.968854E-01  2.665666E+00  2.501866E-02  9.874362E-02  6.551803E-03  5.093403E-02
  5.120 -1.684818E+01  1.419518E+01 -1.740945E+01  1.247990E+01 -1.767118E+01  1.066230E+01  4.155931E-01  2.553749E+00  2.741289E-02  9.422047E-02  3.466088E-03  4.951201E-02
  5.140 -1.625143E+01  1.382789E+01 -1.681371E+01  1.203024E+01 -1.697358E+01  1.035106E+01  4.072305E-01  2.467699E+00  3.002457E-02  9.111179E-02  4.829955E-04  4.704483E-02
  5.160 -1.571703E+01  1.352491E+01 -1.622964E+01  1.163682E+01 -1.630741E+01  1.009797E+01  3.744477E-01  2.391613E+00  3.220273E-02  8.974437E-02 -2.095189E-03  4.378523E-02
  5.180 -1.524431E+01  1.327013E+01 -1.565594E+01  1.130104E+01 -1.567734E+01  9.902500E+00  3.238855E-01  2.314658E+00  3.310395E-02  8.993789E-02 -4.133382E-03  3.999981E-02
  5.200 -1.483041E+01  1.305060E+01 -1.509539E+01  1.102711E+01 -1.509085E+01  9.761517E+00  2.631375E-01  2.230810E+00  3.202355E-02  9.096369E-02 -5.636527E-03  3.591025E-02
  5.220 -1.447210E+01  1.285589E+01 -1.455584E+01  1.081880E+01 -1.455587E+01  9.667256E+00  1.992727E-01  2.137244E+00  2.873967E-02  9.168961E-02 -6.714034E-03  3.161874E-02
  5.240 -1.416635E+01  1.267658E+01 -1.404897E+01  1.067656E+01 -1.407706E+01  9.607494E+00  1.389345E-01  2.033294E+00  2.373243E-02  9.095197E-02 -7.468628E-03  2.703536E-02
  5.260 -1.390954E+01  1.250305E+01 -1.358807E+01  1.059607E+01 -1.365303E+01  9.568650E+00  8.840372E-02  1.920699E+00  1.810161E-02  8.803291E-02 -7.812194E-03  2.191549E-02
  5.280 -1.369578E+01  1.232580E+01 -1.318587E+01  1.056793E+01 -1.327654E+01  9.540475E+00  5.247269E-02  1.803989E+00  1.315647E-02  8.298567E-02 -7.346004E-03  1.606777E-02
  5.300 -1.351626E+01  1.213753E+01 -1.285230E+01  1.057807E+01 -1.293840E+01  9.519240E+00  3.273249E-02  1.689601E+00  9.872300E-03  7.659227E-02 -5.454543E-03  9.619923E-03
  5.320 -1.336114E+01  1.193533E+01 -1.259250E+01  1.060938E+01 -1.263257E+01  9.506924E+00  2.675982E-02  1.583616E+00  8.528207E-03  6.996074E-02 -1.587338E-03  3.130678E-03
  5.340 -1.322290E+01  1.172034E+01 -1.240616E+01  1.064432E+01 -1.235867E+01  9.507038E+00  2.909889E-02  1.489286E+00  8.718061E-03  6.401588E-02  4.477791E-03 -2.537423E-03
  5.360 -1.309823E+01  1.149448E+01 -1.228879E+01  1.066712E+01 -1.212075E+01  9.520450E+00  3.375759E-02  1.405725E+00  9.657749E-03  5.915857E-02  1.255362E-02 -6.444754E-03
  5.380 -1.298639E+01  1.125703E+01 -1.223370E+01  1.066413E+01 -1.192402E+01  9.543936E+00  3.702942E-02  1.328585E+00  1.059396E-02  5.518513E-02  2.208452E-02 -7.718486E-03
  5.400 -1.288558E+01  1.100395E+01 -1.223278E+01  1.062233E+01 -1.177263E+01  9.571178E+00  3.917022E-02  1.252494E+00  1.118291E-02  5.144881E-02  3.213994E-02 -5.625784E-03
  5.420 -1.279043E+01  1.073021E+01 -1.227485E+01  1.052835E+01 -1.166925E+01  9.593847E+00  4.392448E-02  1.173987E+00  1.172044E-02  4.724919E-02  4.134777E-02  2.467205E-04
  5.440 -1.269202E+01  1.043281E+01 -1.234301E+01  1.037000E+01 -1.161498E+01  9.601347E+00  5.614296E-02  1.093183E+00  1.304528E-02  4.234839E-02  4.798376E-02  9.634054E-03
  5.460 -1.257973E+01  1.011290E+01 -1.241390E+01  1.014070E+01 -1.160754E+01  9.580437E+00  7.911345E-02  1.013173E+00  1.603212E-02  3.730968E-02  5.042914E-02  2.128299E-02
  5.480 -1.244397E+01  9.776372E+00 -1.246117E+01  9.844212E+00 -1.163876E+01  9.516886E+00  1.134621E-01  9.378543E-01  2.093203E-02  3.332387E-02  4.786657E-02  3.307984E-02
  5.500 -1.227881E+01  9.432659E+00 -1.246223E+01  9.495816E+00 -1.169363E+01  9.399444E+00  1.580528E-01  8.701453E-01  2.705972E-02  3.156375E-02  4.072869E-02  4.271150E-02
  5.520 -1.208344E+01  9.091857E+00 -1.240429E+01  9.118148E+00 -1.175273E+01  9.223928E+00  2.114663E-01  8.118774E-01  3.305669E-02  3.253564E-02  3.054927E-02  4.845669E-02
  5.540 -1.186119E+01  8.761491E+00 -1.228596E+01  8.734465E+00 -1.179701E+01  8.994614E+00  2.723982E-01  7.647262E-01  3.747297E-02  3.581472E-02  1.937142E-02  4.962691E-02
  5.560 -1.161657E+01  8.444954E+00 -1.211451E+01  8.363158E+00 -1.181211E+01  8.722096E+00  3.389015E-01  7.305462E-01  3.933679E-02  4.016268E-02  9.115922E-03  4.652976E-02
  5.580 -1.135217E+01  8.142473E+00 -1.190137E+01  8.015369E+00 -1.178981E+01  8.419348E+00  4.078620E-01  7.104794E-01  3.858872E-02  4.392731E-02  1.199967E-03  4.012533E-02
  5.600 -1.106738E+01  7.853756E+00 -1.165785E+01  7.695355E+00 -1.172698E+01  8.098569E+00  4.757779E-01  7.038537E-01  3.624173E-02  4.569807E-02 -3.516325E-03  3.165954E-02
  5.620 -1.075916E+01  7.580622E+00 -1.139217E+01  7.402633E+00 -1.162336E+01  7.769885E+00  5.403529E-01  7.082486E-01  3.404080E-02  4.501542E-02 -4.634810E-03  2.250690E-02
  5.640 -1.042420E+01  7.328283E+00 -1.110818E+01  7.135107E+00 -1.147986E+01  7.441563E+00  6.014713E-01  7.209074E-01  3.364375E-02  4.268900E-02 -2.269868E-03  1.414296E-02
  5.660 -1.006121E+01  7.105050E+00 -1.080608E+01  6.892164E+00 -1.129768E+01  7.120935E+00  6.607335E-01  7.403820E-01  3.577415E-02  4.042736E-02  2.777129E-03  7.911670E-03
  5.680 -9.672504E+00  6.920882E+00 -1.048485E+01  6.676510E+00 -1.107844E+01  6.815365E+00  7.200286E-01  7.672326E-01  3.988953E-02  3.998850E-02  9.118638E-03  4.546659E-03
  5.700 -9.264506E+00  6.785479E+00 -1.014505E+01  6.493997E+00 -1.082502E+01  6.532627E+00  7.802327E-01  8.035610E-01  4.450582E-02  4.240147E-02  1.532021E-02  3.898056E-03
  5.720 -8.847327E+00  6.706550E+00 -9.790728E+00  6.351782E+00 -1.054246E+01  6.280383E+00  8.406966E-01  8.520227E-01  4.785888E-02  4.764829E-02  2.046093E-02  5.194119E-03
  5.740 -8.433764E+00  6.688595E+00 -9.429676E+00  6.255878E+00 -1.023825E+01  6.064974E+00  8.994036E-01  9.150237E-01  4.849206E-02  5.479873E-02  2.425934E-02  7.571289E-03
  5.760 -8.038165E+00  6.732170E+00 -9.072220E+00  6.209206E+00 -9.921774E+00  5.890159E+00  9.533297E-01  9.943166E-01  4.556846E-02  6.234644E-02  2.681953E-02  1.040752E-02
  5.780 -7.675195E+00  6.833369E+00 -8.729213E+00  6.210832E+00 -9.602956E+00  5.756463E+00  9.987383E-01  1.090808E+00  3.897196E-02  6.850436E-02  2.835087E-02  1.333922E-02
  5.800 -7.358289E+00  6.983510E+00 -8.410131E+00  6.256545E+00 -9.290964E+00  5.661353E+00  1.031456E+00  1.204417E+00  2.939395E-02  7.142343E-02  2.905436E-02  1.615096E-02
  5.820 -7.097576E+00  7.169459E+00 -8.122072E+00  6.340356E+00 -8.993291E+00  5.599935E+00  1.047198E+00  1.334064E+00  1.847794E-02  6.951927E-02  2.912123E-02  1.871158E-02
  5.840 -6.897743E+00  7.375321E+00 -7.870009E+00  6.456099E+00 -8.715328E+00  5.565710E+00  1.041751E+00  1.477891E+00  8.799631E-03  6.206745E-02  2.872695E-02  2.096952E-02
  5.860 -6.757154E+00  7.585624E+00 -7.658047E+00  6.598225E+00 -8.460114E+00  5.551194E+00  1.010725E+00  1.633454E+00  3.321279E-03  4.987216E-02  2.799353E-02  2.293416E-02
  5.880 -6.669408E+00  7.788687E+00 -7.490802E+00  6.761233E+00 -8.228082E+00  5.548573E+00  9.489950E-01  1.797313E+00  4.296470E-03  3.542948E-02  2.697767E-02  2.461888E-02
  5.900 -6.627030E+00  7.978001E+00 -7.373783E+00  6.937998E+00 -8.016908E+00  5.550574E+00  8.506543E-01  1.963734E+00  1.224735E-02  2.217010E-02  2.571106E-02  2.600347E-02
  5.920 -6.624974E+00  8.150368E+00 -7.312102E+00  7.118041E+00 -7.821710E+00  5.551515E+00  7.103452E-01  2.123153E+00  2.579666E-02  1.315789E-02  2.423630E-02  2.704767E-02
  5.940 -6.661276E+00  8.302012E+00 -7.307792E+00  7.287132E+00 -7.635738E+00  5.548352E+00  5.260850E-01  2.261741E+00  4.242142E-02  1.013951E-02  2.260618E-02  2.770486E-02
  5.960 -6.734230E+00  8.425812E+00 -7.357027E+00  7.429054E+00 -7.451585E+00  5.541399E+00  3.025018E-01  2.363295E+00  5.944818E-02  1.340561E-02  2.089657E-02  2.791323E-02
  5.980 -6.838410E+00  8.512108E+00 -7.448926E+00  7.529334E+00 -7.262717E+00  5.534469E+00  5.241740E-02  2.413615E+00  7.469665E-02  2.217901E-02  1.924142E-02  2.762502E-02
