# RPA complex dielectric tensor (cart. coord.) without local fields
# Tolerance =  0.0200 0.0200
# npweps  = 59
# npwwfn  = 137
# nbands  = 6
# loband  = 2
# nkibz   = 216
# nkbz    = 216
# Lorentzian broadening =  0.1500 [eV]
# omega [eV] RE(eps_11) IM(eps_11) RE(eps_22)IM(eps_22) RE(eps_33) IM(eps_33) RE(eps_12) IM(eps_12)RE(eps_13) IM(eps_13) RE(eps_23) IM(eps_23))
  0.000  1.310841E+01  0.000000E+00  1.395686E+01  0.000000E+00  1.417640E+01  0.000000E+00 -9.012426E-01 -0.000000E+00 -5.509715E-02  0.000000E+00 -2.799916E-02 -0.000000E+00
  0.020  1.310877E+01  5.566945E-03  1.395728E+01  6.359760E-03  1.417684E+01  6.535180E-03 -9.012915E-01 -7.419848E-04 -5.510011E-02 -4.492622E-05 -2.800084E-02 -2.553324E-05
  0.040  1.310988E+01  1.113618E-02  1.395854E+01  1.272233E-02  1.417813E+01  1.307328E-02 -9.014382E-01 -1.484417E-03 -5.510899E-02 -8.987965E-05 -2.800588E-02 -5.108293E-05
  0.060  1.311172E+01  1.671002E-02  1.396064E+01  1.909054E-02  1.418029E+01  1.961723E-02 -9.016829E-01 -2.227746E-03 -5.512381E-02 -1.348875E-04 -2.801430E-02 -7.666554E-05
  0.080  1.311430E+01  2.229074E-02  1.396359E+01  2.546719E-02  1.418332E+01  2.616995E-02 -9.020256E-01 -2.972421E-03 -5.514456E-02 -1.799772E-04 -2.802608E-02 -1.022976E-04
  0.100  1.311762E+01  2.788067E-02  1.396738E+01  3.185513E-02  1.418721E+01  3.273440E-02 -9.024666E-01 -3.718893E-03 -5.517126E-02 -2.251761E-04 -2.804125E-02 -1.279957E-04
  0.120  1.312168E+01  3.348212E-02  1.397201E+01  3.825721E-02  1.419198E+01  3.931352E-02 -9.030061E-01 -4.467617E-03 -5.520392E-02 -2.705118E-04 -2.805980E-02 -1.537767E-04
  0.140  1.312648E+01  3.909743E-02  1.397750E+01  4.467628E-02  1.419761E+01  4.591029E-02 -9.036444E-01 -5.219050E-03 -5.524257E-02 -3.160123E-04 -2.808176E-02 -1.796572E-04
  0.160  1.313202E+01  4.472895E-02  1.398383E+01  5.111524E-02  1.420412E+01  5.252771E-02 -9.043820E-01 -5.973656E-03 -5.528723E-02 -3.617054E-04 -2.810713E-02 -2.056543E-04
  0.180  1.313831E+01  5.037904E-02  1.399101E+01  5.757699E-02  1.421150E+01  5.916880E-02 -9.052193E-01 -6.731899E-03 -5.533792E-02 -4.076196E-04 -2.813593E-02 -2.317852E-04
  0.200  1.314535E+01  5.605009E-02  1.399905E+01  6.406447E-02  1.421976E+01  6.583661E-02 -9.061567E-01 -7.494252E-03 -5.539468E-02 -4.537836E-04 -2.816818E-02 -2.580674E-04
  0.220  1.315314E+01  6.174452E-02  1.400795E+01  7.058064E-02  1.422891E+01  7.253423E-02 -9.071949E-01 -8.261193E-03 -5.545754E-02 -5.002264E-04 -2.820391E-02 -2.845183E-04
  0.240  1.316169E+01  6.746477E-02  1.401772E+01  7.712852E-02  1.423894E+01  7.926478E-02 -9.083344E-01 -9.033207E-03 -5.552654E-02 -5.469776E-04 -2.824312E-02 -3.111560E-04
  0.260  1.317099E+01  7.321329E-02  1.402835E+01  8.371114E-02  1.424986E+01  8.603141E-02 -9.095760E-01 -9.810787E-03 -5.560172E-02 -5.940670E-04 -2.828586E-02 -3.379987E-04
  0.280  1.318106E+01  7.899260E-02  1.403985E+01  9.033160E-02  1.426169E+01  9.283734E-02 -9.109204E-01 -1.059443E-02 -5.568312E-02 -6.415252E-04 -2.833214E-02 -3.650649E-04
  0.300  1.319189E+01  8.480524E-02  1.405223E+01  9.699302E-02  1.427441E+01  9.968583E-02 -9.123684E-01 -1.138466E-02 -5.577080E-02 -6.893832E-04 -2.838200E-02 -3.923735E-04
  0.320  1.320350E+01  9.065377E-02  1.406550E+01  1.036986E-01  1.428804E+01  1.065802E-01 -9.139209E-01 -1.218198E-02 -5.586480E-02 -7.376726E-04 -2.843547E-02 -4.199439E-04
  0.340  1.321588E+01  9.654081E-02  1.407965E+01  1.104515E-01  1.430259E+01  1.135238E-01 -9.155788E-01 -1.298693E-02 -5.596520E-02 -7.864259E-04 -2.849258E-02 -4.477957E-04
  0.360  1.322904E+01  1.024690E-01  1.409470E+01  1.172552E-01  1.431805E+01  1.205200E-01 -9.173433E-01 -1.380006E-02 -5.607204E-02 -8.356761E-04 -2.855338E-02 -4.759493E-04
  0.380  1.324298E+01  1.084412E-01  1.411065E+01  1.241129E-01  1.433444E+01  1.275724E-01 -9.192153E-01 -1.462192E-02 -5.618540E-02 -8.854570E-04 -2.861789E-02 -5.044252E-04
  0.400  1.325772E+01  1.144599E-01  1.412751E+01  1.310281E-01  1.435177E+01  1.346846E-01 -9.211961E-01 -1.545307E-02 -5.630534E-02 -9.358033E-04 -2.868618E-02 -5.332449E-04
  0.420  1.327326E+01  1.205282E-01  1.414529E+01  1.380043E-01  1.437004E+01  1.418602E-01 -9.232869E-01 -1.629412E-02 -5.643195E-02 -9.867506E-04 -2.875827E-02 -5.624301E-04
  0.440  1.328960E+01  1.266488E-01  1.416399E+01  1.450451E-01  1.438927E+01  1.491029E-01 -9.254889E-01 -1.714564E-02 -5.656530E-02 -1.038336E-03 -2.883422E-02 -5.920033E-04
  0.460  1.330676E+01  1.328247E-01  1.418363E+01  1.521542E-01  1.440945E+01  1.564165E-01 -9.278036E-01 -1.800828E-02 -5.670547E-02 -1.090596E-03 -2.891408E-02 -6.219877E-04
  0.480  1.332473E+01  1.390589E-01  1.420420E+01  1.593353E-01  1.443061E+01  1.638051E-01 -9.302325E-01 -1.888265E-02 -5.685256E-02 -1.143570E-03 -2.899791E-02 -6.524072E-04
  0.500  1.334353E+01  1.453545E-01  1.422574E+01  1.665923E-01  1.445274E+01  1.712725E-01 -9.327772E-01 -1.976942E-02 -5.700666E-02 -1.197298E-03 -2.908577E-02 -6.832863E-04
  0.520  1.336317E+01  1.517147E-01  1.424823E+01  1.739291E-01  1.447586E+01  1.788230E-01 -9.354392E-01 -2.066926E-02 -5.716787E-02 -1.251821E-03 -2.917770E-02 -7.146507E-04
  0.540  1.338365E+01  1.581426E-01  1.427170E+01  1.813499E-01  1.449999E+01  1.864607E-01 -9.382203E-01 -2.158288E-02 -5.733630E-02 -1.307182E-03 -2.927379E-02 -7.465266E-04
  0.560  1.340499E+01  1.646417E-01  1.429615E+01  1.888588E-01  1.452513E+01  1.941901E-01 -9.411223E-01 -2.251098E-02 -5.751206E-02 -1.363424E-03 -2.937409E-02 -7.789413E-04
  0.580  1.342719E+01  1.712154E-01  1.432160E+01  1.964602E-01  1.455130E+01  2.020156E-01 -9.441472E-01 -2.345433E-02 -5.769526E-02 -1.420593E-03 -2.947867E-02 -8.119232E-04
  0.600  1.345026E+01  1.778671E-01  1.434806E+01  2.041584E-01  1.457850E+01  2.099419E-01 -9.472969E-01 -2.441368E-02 -5.788602E-02 -1.478737E-03 -2.958762E-02 -8.455015E-04
  0.620  1.347421E+01  1.846005E-01  1.437554E+01  2.119581E-01  1.460675E+01  2.179738E-01 -9.505736E-01 -2.538985E-02 -5.808448E-02 -1.537903E-03 -2.970101E-02 -8.797067E-04
  0.640  1.349906E+01  1.914193E-01  1.440405E+01  2.198639E-01  1.463607E+01  2.261161E-01 -9.539795E-01 -2.638367E-02 -5.829077E-02 -1.598143E-03 -2.981892E-02 -9.145705E-04
  0.660  1.352481E+01  1.983274E-01  1.443361E+01  2.278809E-01  1.466648E+01  2.343740E-01 -9.575168E-01 -2.739600E-02 -5.850503E-02 -1.659510E-03 -2.994144E-02 -9.501260E-04
  0.680  1.355148E+01  2.053287E-01  1.446424E+01  2.360139E-01  1.469797E+01  2.427528E-01 -9.611882E-01 -2.842773E-02 -5.872741E-02 -1.722057E-03 -3.006866E-02 -9.864073E-04
  0.700  1.357908E+01  2.124273E-01  1.449595E+01  2.442683E-01  1.473058E+01  2.512578E-01 -9.649960E-01 -2.947980E-02 -5.895806E-02 -1.785843E-03 -3.020068E-02 -1.023450E-03
  0.720  1.360762E+01  2.196274E-01  1.452875E+01  2.526494E-01  1.476432E+01  2.598948E-01 -9.689431E-01 -3.055318E-02 -5.919716E-02 -1.850926E-03 -3.033759E-02 -1.061293E-03
  0.740  1.363712E+01  2.269335E-01  1.456266E+01  2.611629E-01  1.479920E+01  2.686696E-01 -9.730321E-01 -3.164889E-02 -5.944486E-02 -1.917367E-03 -3.047950E-02 -1.099973E-03
  0.760  1.366759E+01  2.343499E-01  1.459770E+01  2.698145E-01  1.483524E+01  2.775883E-01 -9.772660E-01 -3.276797E-02 -5.970135E-02 -1.985232E-03 -3.062652E-02 -1.139532E-03
  0.780  1.369904E+01  2.418815E-01  1.463389E+01  2.786103E-01  1.487247E+01  2.866571E-01 -9.816480E-01 -3.391153E-02 -5.996681E-02 -2.054587E-03 -3.077877E-02 -1.180012E-03
  0.800  1.373149E+01  2.495330E-01  1.467125E+01  2.875565E-01  1.491090E+01  2.958826E-01 -9.861811E-01 -3.508071E-02 -6.024144E-02 -2.125504E-03 -3.093637E-02 -1.221458E-03
  0.820  1.376496E+01  2.573095E-01  1.470979E+01  2.966596E-01  1.495056E+01  3.052716E-01 -9.908688E-01 -3.627673E-02 -6.052545E-02 -2.198054E-03 -3.109943E-02 -1.263917E-03
  0.840  1.379946E+01  2.652162E-01  1.474954E+01  3.059264E-01  1.499146E+01  3.148311E-01 -9.957145E-01 -3.750083E-02 -6.081904E-02 -2.272314E-03 -3.126810E-02 -1.307437E-03
  0.860  1.383501E+01  2.732585E-01  1.479052E+01  3.153639E-01  1.503363E+01  3.245686E-01 -1.000722E+00 -3.875433E-02 -6.112245E-02 -2.348366E-03 -3.144251E-02 -1.352071E-03
  0.880  1.387162E+01  2.814421E-01  1.483275E+01  3.249794E-01  1.507708E+01  3.344918E-01 -1.005895E+00 -4.003861E-02 -6.143590E-02 -2.426293E-03 -3.162282E-02 -1.397872E-03
  0.900  1.390932E+01  2.897727E-01  1.487625E+01  3.347806E-01  1.512186E+01  3.446085E-01 -1.011238E+00 -4.135512E-02 -6.175964E-02 -2.506183E-03 -3.180916E-02 -1.444896E-03
  0.920  1.394813E+01  2.982565E-01  1.492106E+01  3.447754E-01  1.516797E+01  3.549271E-01 -1.016755E+00 -4.270536E-02 -6.209394E-02 -2.588130E-03 -3.200170E-02 -1.493204E-03
  0.940  1.398806E+01  3.068998E-01  1.496719E+01  3.549722E-01  1.521545E+01  3.654564E-01 -1.022449E+00 -4.409092E-02 -6.243904E-02 -2.672229E-03 -3.220061E-02 -1.542857E-03
  0.960  1.402914E+01  3.157092E-01  1.501467E+01  3.653795E-01  1.526433E+01  3.762055E-01 -1.028327E+00 -4.551348E-02 -6.279525E-02 -2.758583E-03 -3.240606E-02 -1.593923E-03
  0.980  1.407139E+01  3.246915E-01  1.506352E+01  3.760066E-01  1.531463E+01  3.871838E-01 -1.034393E+00 -4.697479E-02 -6.316285E-02 -2.847300E-03 -3.261824E-02 -1.646471E-03
  1.000  1.411483E+01  3.338540E-01  1.511379E+01  3.868628E-01  1.536638E+01  3.984014E-01 -1.040651E+00 -4.847670E-02 -6.354215E-02 -2.938492E-03 -3.283733E-02 -1.700575E-03
  1.020  1.415948E+01  3.432042E-01  1.516549E+01  3.979581E-01  1.541962E+01  4.098686E-01 -1.047107E+00 -5.002115E-02 -6.393346E-02 -3.032279E-03 -3.306354E-02 -1.756311E-03
  1.040  1.420537E+01  3.527497E-01  1.521867E+01  4.093030E-01  1.547438E+01  4.215964E-01 -1.053766E+00 -5.161019E-02 -6.433714E-02 -3.128785E-03 -3.329709E-02 -1.813763E-03
  1.060  1.425253E+01  3.624989E-01  1.527334E+01  4.209082E-01  1.553069E+01  4.335962E-01 -1.060635E+00 -5.324599E-02 -6.475353E-02 -3.228143E-03 -3.353818E-02 -1.873017E-03
  1.080  1.430098E+01  3.724603E-01  1.532955E+01  4.327852E-01  1.558859E+01  4.458800E-01 -1.067720E+00 -5.493081E-02 -6.518300E-02 -3.330493E-03 -3.378706E-02 -1.934165E-03
  1.100  1.435075E+01  3.826428E-01  1.538733E+01  4.449460E-01  1.564811E+01  4.584605E-01 -1.075026E+00 -5.666708E-02 -6.562594E-02 -3.435981E-03 -3.404398E-02 -1.997304E-03
  1.120  1.440187E+01  3.930557E-01  1.544672E+01  4.574033E-01  1.570929E+01  4.713509E-01 -1.082561E+00 -5.845732E-02 -6.608276E-02 -3.544763E-03 -3.430918E-02 -2.062537E-03
  1.140  1.445436E+01  4.037090E-01  1.550776E+01  4.701702E-01  1.577218E+01  4.845651E-01 -1.090331E+00 -6.030423E-02 -6.655388E-02 -3.657004E-03 -3.458293E-02 -2.129974E-03
  1.160  1.450827E+01  4.146129E-01  1.557048E+01  4.832608E-01  1.583682E+01  4.981179E-01 -1.098344E+00 -6.221066E-02 -6.703975E-02 -3.772879E-03 -3.486553E-02 -2.199731E-03
  1.180  1.456362E+01  4.257782E-01  1.563493E+01  4.966897E-01  1.590324E+01  5.120247E-01 -1.106607E+00 -6.417963E-02 -6.754084E-02 -3.892571E-03 -3.515726E-02 -2.271932E-03
  1.200  1.462045E+01  4.372162E-01  1.570116E+01  5.104723E-01  1.597151E+01  5.263018E-01 -1.115129E+00 -6.621432E-02 -6.805764E-02 -4.016278E-03 -3.545845E-02 -2.346707E-03
  1.220  1.467879E+01  4.489390E-01  1.576921E+01  5.246250E-01  1.604165E+01  5.409665E-01 -1.123917E+00 -6.831812E-02 -6.859067E-02 -4.144206E-03 -3.576941E-02 -2.424197E-03
  1.240  1.473868E+01  4.609590E-01  1.583912E+01  5.391650E-01  1.611373E+01  5.560367E-01 -1.132982E+00 -7.049465E-02 -6.914047E-02 -4.276576E-03 -3.609051E-02 -2.504551E-03
  1.260  1.480016E+01  4.732895E-01  1.591096E+01  5.541105E-01  1.618780E+01  5.715318E-01 -1.142332E+00 -7.274773E-02 -6.970762E-02 -4.413623E-03 -3.642210E-02 -2.587928E-03
  1.280  1.486327E+01  4.859444E-01  1.598476E+01  5.694806E-01  1.626391E+01  5.874721E-01 -1.151977E+00 -7.508142E-02 -7.029271E-02 -4.555596E-03 -3.676457E-02 -2.674498E-03
  1.300  1.492805E+01  4.989384E-01  1.606059E+01  5.852958E-01  1.634212E+01  6.038790E-01 -1.161927E+00 -7.750005E-02 -7.089637E-02 -4.702762E-03 -3.711832E-02 -2.764442E-03
  1.320  1.499454E+01  5.122869E-01  1.613850E+01  6.015775E-01  1.642249E+01  6.207752E-01 -1.172193E+00 -8.000824E-02 -7.151927E-02 -4.855402E-03 -3.748379E-02 -2.857954E-03
  1.340  1.506280E+01  5.260063E-01  1.621856E+01  6.183485E-01  1.650509E+01  6.381850E-01 -1.182788E+00 -8.261092E-02 -7.216211E-02 -5.013818E-03 -3.786143E-02 -2.955243E-03
  1.360  1.513287E+01  5.401139E-01  1.630082E+01  6.356331E-01  1.658997E+01  6.561339E-01 -1.193722E+00 -8.531332E-02 -7.282562E-02 -5.178334E-03 -3.825171E-02 -3.056530E-03
  1.380  1.520480E+01  5.546279E-01  1.638535E+01  6.534569E-01  1.667722E+01  6.746491E-01 -1.205008E+00 -8.812107E-02 -7.351059E-02 -5.349293E-03 -3.865515E-02 -3.162056E-03
  1.400  1.527864E+01  5.695677E-01  1.647223E+01  6.718473E-01  1.676689E+01  6.937596E-01 -1.216660E+00 -9.104016E-02 -7.421783E-02 -5.527063E-03 -3.907226E-02 -3.272076E-03
  1.420  1.535445E+01  5.849537E-01  1.656152E+01  6.908334E-01  1.685908E+01  7.134962E-01 -1.228693E+00 -9.407702E-02 -7.494820E-02 -5.712039E-03 -3.950363E-02 -3.386867E-03
  1.440  1.543228E+01  6.008078E-01  1.665331E+01  7.104459E-01  1.695385E+01  7.338916E-01 -1.241120E+00 -9.723852E-02 -7.570262E-02 -5.904643E-03 -3.994985E-02 -3.506726E-03
  1.460  1.551220E+01  6.171529E-01  1.674766E+01  7.307180E-01  1.705129E+01  7.549809E-01 -1.253958E+00 -1.005321E-01 -7.648205E-02 -6.105329E-03 -4.041154E-02 -3.631973E-03
  1.480  1.559427E+01  6.340136E-01  1.684468E+01  7.516847E-01  1.715150E+01  7.768015E-01 -1.267223E+00 -1.039655E-01 -7.728751E-02 -6.314582E-03 -4.088939E-02 -3.762955E-03
  1.500  1.567855E+01  6.514159E-01  1.694443E+01  7.733838E-01  1.725456E+01  7.993933E-01 -1.280933E+00 -1.075475E-01 -7.812008E-02 -6.532927E-03 -4.138411E-02 -3.900044E-03
  1.520  1.576512E+01  6.693876E-01  1.704703E+01  7.958552E-01  1.736058E+01  8.227990E-01 -1.295107E+00 -1.112871E-01 -7.898090E-02 -6.760925E-03 -4.189645E-02 -4.043645E-03
  1.540  1.585405E+01  6.879582E-01  1.715256E+01  8.191421E-01  1.746965E+01  8.470645E-01 -1.309764E+00 -1.151941E-01 -7.987118E-02 -6.999185E-03 -4.242722E-02 -4.194195E-03
  1.560  1.594541E+01  7.071591E-01  1.726113E+01  8.432905E-01  1.758188E+01  8.722389E-01 -1.324925E+00 -1.192794E-01 -8.079220E-02 -7.248359E-03 -4.297728E-02 -4.352169E-03
  1.580  1.603929E+01  7.270242E-01  1.737285E+01  8.683500E-01  1.769740E+01  8.983749E-01 -1.340613E+00 -1.235542E-01 -8.174532E-02 -7.509155E-03 -4.354754E-02 -4.518081E-03
  1.600  1.613576E+01  7.475893E-01  1.748783E+01  8.943736E-01  1.781632E+01  9.255293E-01 -1.356851E+00 -1.280312E-01 -8.273198E-02 -7.782336E-03 -4.413896E-02 -4.692493E-03
  1.620  1.623493E+01  7.688929E-01  1.760619E+01  9.214185E-01  1.793876E+01  9.537631E-01 -1.373663E+00 -1.327236E-01 -8.375372E-02 -8.068730E-03 -4.475258E-02 -4.876014E-03
  1.640  1.633688E+01  7.909763E-01  1.772807E+01  9.495462E-01  1.806487E+01  9.831422E-01 -1.391078E+00 -1.376462E-01 -8.481216E-02 -8.369233E-03 -4.538952E-02 -5.069311E-03
  1.660  1.644171E+01  8.138838E-01  1.785360E+01  9.788233E-01  1.819479E+01  1.013738E+00 -1.409122E+00 -1.428147E-01 -8.590903E-02 -8.684818E-03 -4.605094E-02 -5.273110E-03
  1.680  1.654952E+01  8.376628E-01  1.798292E+01  1.009321E+00  1.832866E+01  1.045626E+00 -1.427826E+00 -1.482464E-01 -8.704620E-02 -9.016544E-03 -4.673811E-02 -5.488207E-03
  1.700  1.666043E+01  8.623645E-01  1.811619E+01  1.041118E+00  1.846665E+01  1.078892E+00 -1.447223E+00 -1.539599E-01 -8.822562E-02 -9.365562E-03 -4.745237E-02 -5.715474E-03
  1.720  1.677455E+01  8.880438E-01  1.825356E+01  1.074297E+00  1.860894E+01  1.113624E+00 -1.467346E+00 -1.599757E-01 -8.944939E-02 -9.733128E-03 -4.819519E-02 -5.955867E-03
  1.740  1.689201E+01  9.147602E-01  1.839520E+01  1.108950E+00  1.875569E+01  1.149921E+00 -1.488232E+00 -1.663161E-01 -9.071976E-02 -1.012061E-02 -4.896809E-02 -6.210440E-03
  1.760  1.701292E+01  9.425777E-01  1.854130E+01  1.145176E+00  1.890710E+01  1.187890E+00 -1.509919E+00 -1.730054E-01 -9.203912E-02 -1.052951E-02 -4.977276E-02 -6.480350E-03
  1.780  1.713744E+01  9.715656E-01  1.869205E+01  1.183083E+00  1.906337E+01  1.227647E+00 -1.532451E+00 -1.800702E-01 -9.341004E-02 -1.096147E-02 -5.061098E-02 -6.766879E-03
  1.800  1.726570E+01  1.001799E+00  1.884765E+01  1.222788E+00  1.922473E+01  1.269320E+00 -1.555871E+00 -1.875400E-01 -9.483525E-02 -1.141829E-02 -5.148466E-02 -7.071439E-03
  1.820  1.739787E+01  1.033359E+00  1.900832E+01  1.264420E+00  1.939139E+01  1.313046E+00 -1.580228E+00 -1.954468E-01 -9.631771E-02 -1.190194E-02 -5.239588E-02 -7.395598E-03
  1.840  1.753409E+01  1.066335E+00  1.917430E+01  1.308119E+00  1.956362E+01  1.358980E+00 -1.605572E+00 -2.038261E-01 -9.786057E-02 -1.241461E-02 -5.334687E-02 -7.741097E-03
  1.860  1.767455E+01  1.100823E+00  1.934582E+01  1.354040E+00  1.974166E+01  1.407288E+00 -1.631959E+00 -2.127169E-01 -9.946722E-02 -1.295871E-02 -5.434004E-02 -8.109871E-03
  1.880  1.781943E+01  1.136927E+00  1.952316E+01  1.402352E+00  1.992580E+01  1.458154E+00 -1.659449E+00 -2.221624E-01 -1.011413E-01 -1.353688E-02 -5.537797E-02 -8.504078E-03
  1.900  1.796892E+01  1.174763E+00  1.970660E+01  1.453242E+00  2.011635E+01  1.511783E+00 -1.688104E+00 -2.322105E-01 -1.028867E-01 -1.415207E-02 -5.646349E-02 -8.926129E-03
  1.920  1.812324E+01  1.214455E+00  1.989643E+01  1.506915E+00  2.031361E+01  1.568400E+00 -1.717995E+00 -2.429141E-01 -1.047077E-01 -1.480754E-02 -5.759963E-02 -9.378727E-03
  1.940  1.828260E+01  1.256143E+00  2.009299E+01  1.563599E+00  2.051793E+01  1.628254E+00 -1.749194E+00 -2.543324E-01 -1.066088E-01 -1.550692E-02 -5.878967E-02 -9.864905E-03
  1.960  1.844725E+01  1.299977E+00  2.029661E+01  1.623546E+00  2.072969E+01  1.691623E+00 -1.781781E+00 -2.665310E-01 -1.085949E-01 -1.625426E-02 -6.003719E-02 -1.038808E-02
  1.980  1.861743E+01  1.346124E+00  2.050767E+01  1.687037E+00  2.094927E+01  1.758816E+00 -1.815844E+00 -2.795835E-01 -1.106714E-01 -1.705407E-02 -6.134606E-02 -1.095209E-02
  2.000  1.879342E+01  1.394768E+00  2.072657E+01  1.754384E+00  2.117709E+01  1.830179E+00 -1.851474E+00 -2.935723E-01 -1.128439E-01 -1.791141E-02 -6.272047E-02 -1.156132E-02
  2.020  1.897550E+01  1.446112E+00  2.095373E+01  1.825937E+00  2.141362E+01  1.906100E+00 -1.888774E+00 -3.085896E-01 -1.151187E-01 -1.883197E-02 -6.416501E-02 -1.222070E-02
  2.040  1.916399E+01  1.500383E+00  2.118962E+01  1.902087E+00  2.165934E+01  1.987015E+00 -1.927851E+00 -3.247395E-01 -1.175024E-01 -1.982213E-02 -6.568462E-02 -1.293587E-02
  2.060  1.935922E+01  1.557832E+00  2.143472E+01  1.983272E+00  2.191477E+01  2.073417E+00 -1.968825E+00 -3.421395E-01 -1.200024E-01 -2.088911E-02 -6.728473E-02 -1.371326E-02
  2.080  1.956154E+01  1.618738E+00  2.168959E+01  2.069989E+00  2.218047E+01  2.165863E+00 -2.011823E+00 -3.609224E-01 -1.226266E-01 -2.204107E-02 -6.897119E-02 -1.456022E-02
  2.100  1.977134E+01  1.683416E+00  2.195477E+01  2.162798E+00  2.245706E+01  2.264986E+00 -2.056984E+00 -3.812393E-01 -1.253834E-01 -2.328727E-02 -7.075043E-02 -1.548521E-02
  2.120  1.998903E+01  1.752217E+00  2.223091E+01  2.262334E+00  2.274518E+01  2.371507E+00 -2.104459E+00 -4.032620E-01 -1.282823E-01 -2.463826E-02 -7.262938E-02 -1.649798E-02
  2.140  2.021505E+01  1.825534E+00  2.251866E+01  2.369321E+00  2.304552E+01  2.486254E+00 -2.154411E+00 -4.271869E-01 -1.313331E-01 -2.610608E-02 -7.461563E-02 -1.760979E-02
  2.160  2.044988E+01  1.903816E+00  2.281873E+01  2.484584E+00  2.335882E+01  2.610175E+00 -2.207018E+00 -4.532390E-01 -1.345470E-01 -2.770453E-02 -7.671741E-02 -1.883374E-02
  2.180  2.069402E+01  1.987565E+00  2.313190E+01  2.609073E+00  2.368586E+01  2.744367E+00 -2.262469E+00 -4.816773E-01 -1.379356E-01 -2.944945E-02 -7.894362E-02 -2.018506E-02
  2.200  2.094803E+01  2.077357E+00  2.345899E+01  2.743877E+00  2.402747E+01  2.890097E+00 -2.320974E+00 -5.128006E-01 -1.415118E-01 -3.135916E-02 -8.130394E-02 -2.168161E-02
  2.220  2.121250E+01  2.173845E+00  2.380087E+01  2.890259E+00  2.438451E+01  3.048841E+00 -2.382753E+00 -5.469551E-01 -1.452894E-01 -3.345483E-02 -8.380877E-02 -2.334435E-02
  2.240  2.148807E+01  2.277777E+00  2.415849E+01  3.049680E+00  2.475786E+01  3.222317E+00 -2.448047E+00 -5.845432E-01 -1.492831E-01 -3.576107E-02 -8.646933E-02 -2.519804E-02
  2.260  2.177541E+01  2.390014E+00  2.453282E+01  3.223846E+00  2.514839E+01  3.412538E+00 -2.517110E+00 -6.260349E-01 -1.535089E-01 -3.830659E-02 -8.929758E-02 -2.727208E-02
  2.280  2.207526E+01  2.511547E+00  2.492490E+01  3.414750E+00  2.555696E+01  3.621860E+00 -2.590212E+00 -6.719807E-01 -1.579835E-01 -4.112501E-02 -9.230619E-02 -2.960157E-02
  2.300  2.238838E+01  2.643526E+00  2.533576E+01  3.624733E+00  2.598432E+01  3.853049E+00 -2.667636E+00 -7.230282E-01 -1.627247E-01 -4.425586E-02 -9.550843E-02 -3.222871E-02
  2.320  2.271560E+01  2.787288E+00  2.576646E+01  3.856553E+00  2.643105E+01  4.109340E+00 -2.749670E+00 -7.799421E-01 -1.677505E-01 -4.774578E-02 -9.891794E-02 -3.520467E-02
  2.340  2.305779E+01  2.944393E+00  2.621799E+01  4.113470E+00  2.689744E+01  4.394502E+00 -2.836604E+00 -8.436288E-01 -1.730795E-01 -5.165004E-02 -1.025482E-01 -3.859207E-02
  2.360  2.341582E+01  3.116672E+00  2.669124E+01  4.399343E+00  2.738333E+01  4.712873E+00 -2.928713E+00 -9.151657E-01 -1.787295E-01 -5.603436E-02 -1.064119E-01 -4.246847E-02
  2.380  2.379060E+01  3.306283E+00  2.718687E+01  4.718748E+00  2.788785E+01  5.069351E+00 -3.026240E+00 -9.958377E-01 -1.847165E-01 -6.097714E-02 -1.105190E-01 -4.693123E-02
  2.400  2.418302E+01  3.515776E+00  2.770518E+01  5.077102E+00  2.840917E+01  5.469284E+00 -3.129365E+00 -1.087180E+00 -1.910533E-01 -6.657218E-02 -1.148736E-01 -5.210443E-02
  2.420  2.459391E+01  3.748174E+00  2.824587E+01  5.480787E+00  2.894416E+01  5.918182E+00 -3.238161E+00 -1.191029E+00 -1.977468E-01 -7.293191E-02 -1.194675E-01 -5.814837E-02
  2.440  2.502396E+01  4.007078E+00  2.880771E+01  5.937256E+00  2.948820E+01  6.421182E+00 -3.352527E+00 -1.309576E+00 -2.047938E-01 -8.019117E-02 -1.242673E-01 -6.527194E-02
  2.460  2.547364E+01  4.296776E+00  2.938811E+01  6.455066E+00  3.003528E+01  6.982238E+00 -3.472094E+00 -1.445432E+00 -2.121756E-01 -8.851141E-02 -1.291905E-01 -7.374613E-02
  2.480  2.594304E+01  4.622377E+00  2.998257E+01  7.043774E+00  3.057873E+01  7.603205E+00 -3.596091E+00 -1.601680E+00 -2.198489E-01 -9.808500E-02 -1.340639E-01 -8.391221E-02
  2.500  2.643161E+01  4.989956E+00  3.058398E+01  7.713576E+00  3.111294E+01  8.283409E+00 -3.723157E+00 -1.781915E+00 -2.277335E-01 -1.091388E-01 -1.385604E-01 -9.617031E-02
  2.520  2.693787E+01  5.406689E+00  3.118201E+01  8.474562E+00  3.163568E+01  9.020679E+00 -3.851111E+00 -1.990253E+00 -2.356944E-01 -1.219351E-01 -1.421233E-01 -1.109253E-01
  2.540  2.745890E+01  5.880948E+00  3.176282E+01  9.335541E+00  3.214971E+01  9.814650E+00 -3.976643E+00 -2.231278E+00 -2.435171E-01 -1.367668E-01 -1.439087E-01 -1.284717E-01
  2.560  2.798966E+01  6.422302E+00  3.230941E+01  1.030262E+01  3.266142E+01  1.067161E+01 -4.094974E+00 -2.509912E+00 -2.508773E-01 -1.539402E-01 -1.427976E-01 -1.488292E-01
  2.580  2.852211E+01  7.041295E+00  3.280314E+01  1.137822E+01  3.317547E+01  1.160798E+01 -4.199448E+00 -2.831203E+00 -2.573101E-01 -1.737384E-01 -1.375099E-01 -1.715904E-01
  2.600  2.904400E+01  7.748811E+00  3.322556E+01  1.256169E+01  3.368733E+01  1.264934E+01 -4.281007E+00 -3.200008E+00 -2.621936E-01 -1.963571E-01 -1.267816E-01 -1.958546E-01
  2.620  2.953759E+01  8.554719E+00  3.355904E+01  1.385198E+01  3.417756E+01  1.382460E+01 -4.327440E+00 -3.620430E+00 -2.647709E-01 -2.218223E-01 -1.095076E-01 -2.202510E-01
  2.640  2.997847E+01  9.465386E+00  3.378339E+01  1.525045E+01  3.461036E+01  1.515815E+01 -4.322369E+00 -4.094604E+00 -2.642312E-01 -2.499191E-01 -8.479461E-02 -2.429340E-01
  2.660  3.033542E+01  1.047970E+01  3.386895E+01  1.675949E+01  3.493569E+01  1.666242E+01 -4.244413E+00 -4.620204E+00 -2.598368E-01 -2.801862E-01 -5.206294E-02 -2.614016E-01
  2.680  3.057272E+01  1.158379E+01  3.377095E+01  1.837319E+01  3.509366E+01  1.833182E+01 -4.067794E+00 -5.186372E+00 -2.510318E-01 -3.120074E-01 -1.152125E-02 -2.722305E-01
  2.700  3.065671E+01  1.274612E+01  3.343287E+01  2.006262E+01  3.502123E+01  2.013737E+01 -3.766164E+00 -5.768955E+00 -2.374585E-01 -3.447689E-01  3.483852E-02 -2.712585E-01
  2.720  3.056715E+01  1.391676E+01  3.280238E+01  2.176458E+01  3.466256E+01  2.202345E+01 -3.320750E+00 -6.327844E+00 -2.188459E-01 -3.780089E-01  8.229016E-02 -2.548524E-01
  2.740  3.031005E+01  1.503560E+01  3.185497E+01  2.338377E+01  3.398264E+01  2.391023E+01 -2.731292E+00 -6.810375E+00 -1.947635E-01 -4.114854E-01  1.236822E-01 -2.220783E-01
  2.760  2.992333E+01  1.605094E+01  3.061291E+01  2.481220E+01  3.297954E+01  2.570520E+01 -2.024336E+00 -7.163217E+00 -1.642505E-01 -4.450258E-01  1.516466E-01 -1.762581E-01
  2.780  2.946681E+01  1.694034E+01  2.914751E+01  2.595841E+01  3.168801E+01  2.732161E+01 -1.251753E+00 -7.349486E+00 -1.255130E-01 -4.779533E-01  1.614683E-01 -1.243376E-01
  2.800  2.899782E+01  1.771940E+01  2.756210E+01  2.677144E+01  3.017090E+01  2.869623E+01 -4.771588E-01 -7.361862E+00 -7.617483E-02 -5.081248E-01  1.525119E-01 -7.451534E-02
  2.820  2.854684E+01  1.842977E+01  2.596561E+01  2.724871E+01  2.850165E+01  2.979848E+01  2.433008E-01 -7.223532E+00 -1.446438E-02 -5.311826E-01  1.278264E-01 -3.405964E-02
  2.840  2.810937E+01  1.911383E+01  2.444915E+01  2.742812E+01  2.674472E+01  3.062683E+01  8.754156E-01 -6.977119E+00  5.899644E-02 -5.408877E-01  9.317020E-02 -8.029292E-03
  2.860  2.765763E+01  1.979256E+01  2.307254E+01  2.737049E+01  2.494333E+01  3.119294E+01  1.410953E+00 -6.668906E+00  1.398461E-01 -5.308572E-01  5.587390E-02  1.720164E-03
  2.880  2.716225E+01  2.045904E+01  2.186333E+01  2.714006E+01  2.312232E+01  3.150127E+01  1.862582E+00 -6.335809E+00  2.201060E-01 -4.970670E-01  2.302083E-02 -2.886373E-03
  2.900  2.660988E+01  2.108793E+01  2.082604E+01  2.679055E+01  2.130683E+01  3.153785E+01  2.254385E+00 -5.998472E+00  2.900118E-01 -4.398491E-01 -7.123650E-04 -1.690839E-02
  2.920  2.600817E+01  2.165190E+01  1.995474E+01  2.636111E+01  1.954415E+01  3.127877E+01  2.612100E+00 -5.660068E+00  3.407533E-01 -3.643214E-01 -1.418804E-02 -3.457433E-02
  2.940  2.537932E+01  2.213430E+01  1.924208E+01  2.587954E+01  1.791158E+01  3.071511E+01  2.954928E+00 -5.309026E+00  3.668810E-01 -2.791329E-01 -1.899996E-02 -5.152939E-02
  2.960  2.474942E+01  2.253346E+01  1.868312E+01  2.536753E+01  1.650109E+01  2.987743E+01  3.289507E+00 -4.924646E+00  3.675462E-01 -1.941368E-01 -1.750256E-02 -6.547978E-02
  2.980  2.413949E+01  2.286020E+01  1.827610E+01  2.484545E+01  1.538897E+01  2.884137E+01  3.607097E+00 -4.485013E+00  3.461742E-01 -1.178192E-01 -1.166040E-02 -7.514060E-02
  3.000  2.356018E+01  2.313189E+01  1.802093E+01  2.433673E+01  1.461067E+01  2.770951E+01  3.885325E+00 -3.975424E+00  3.086885E-01 -5.560366E-02 -3.599915E-03 -7.934712E-02
  3.020  2.301046E+01  2.336503E+01  1.791455E+01  2.387112E+01  1.415586E+01  2.658331E+01  4.094237E+00 -3.394289E+00  2.614399E-01 -9.805850E-03  3.647926E-03 -7.775393E-02
  3.040  2.248066E+01  2.356790E+01  1.794348E+01  2.348362E+01  1.398090E+01  2.554252E+01  4.203929E+00 -2.754449E+00  2.101419E-01  1.941216E-02  6.995108E-03 -7.202224E-02
  3.060  2.196015E+01  2.373608E+01  1.807812E+01  2.320670E+01  1.402606E+01  2.463836E+01  4.190468E+00 -2.080660E+00  1.597227E-01  3.338422E-02  5.114108E-03 -6.546014E-02
  3.080  2.144727E+01  2.385417E+01  1.827422E+01  2.305871E+01  1.422890E+01  2.389539E+01  4.039086E+00 -1.406133E+00  1.140892E-01  3.477212E-02 -9.068123E-04 -6.113201E-02
  3.100  2.095635E+01  2.390455E+01  1.848333E+01  2.303514E+01  1.453297E+01  2.331699E+01  3.746575E+00 -7.696437E-01  7.558556E-02  2.711958E-02 -8.714173E-03 -6.037258E-02
  3.120  2.051717E+01  2.387979E+01  1.866766E+01  2.310942E+01  1.489251E+01  2.289215E+01  3.324247E+00 -2.114079E-01  4.484742E-02  1.390451E-02 -1.623737E-02 -6.285397E-02
  3.140  2.016549E+01  2.379271E+01  1.881065E+01  2.324397E+01  1.527291E+01  2.260198E+01  2.799033E+00  2.342325E-01  2.142262E-02 -2.231365E-03 -2.232690E-02 -6.748844E-02
  3.160  1.992779E+01  2.367780E+01  1.891670E+01  2.340497E+01  1.564861E+01  2.242275E+01  2.208959E+00  5.468560E-01  4.628471E-03 -1.946698E-02 -2.662091E-02 -7.304472E-02
  3.180  1.980760E+01  2.358101E+01  1.900139E+01  2.357055E+01  1.600273E+01  2.232536E+01  1.593761E+00  7.231373E-01 -6.134435E-03 -3.622199E-02 -2.943564E-02 -7.832814E-02
  3.200  1.978286E+01  2.354145E+01  1.908233E+01  2.372855E+01  1.633130E+01  2.227550E+01  9.865314E-01  7.729690E-01 -1.175637E-02 -5.078881E-02 -3.187165E-02 -8.249847E-02
  3.220  1.981738E+01  2.357624E+01  1.917855E+01  2.387051E+01  1.664876E+01  2.223981E+01  4.110845E-01  7.126390E-01 -1.388097E-02 -6.162241E-02 -3.557945E-02 -8.572092E-02
  3.240  1.987975E+01  2.367822E+01  1.931588E+01  2.399188E+01  1.698755E+01  2.219762E+01 -1.163057E-01  5.605341E-01 -1.485077E-02 -6.796771E-02 -4.184209E-02 -8.951768E-02
  3.260  1.995744E+01  2.382766E+01  1.952875E+01  2.410017E+01  1.738829E+01  2.215016E+01 -5.854320E-01  3.362236E-01 -1.716344E-02 -7.023082E-02 -5.057235E-02 -9.618640E-02
  3.280  2.005818E+01  2.400952E+01  1.985250E+01  2.422381E+01  1.788658E+01  2.212092E+01 -9.928171E-01  5.961306E-02 -2.286311E-02 -6.991834E-02 -6.011219E-02 -1.076245E-01
  3.300  2.019915E+01  2.422546E+01  2.030908E+01  2.441286E+01  1.850392E+01  2.214862E+01 -1.342187E+00 -2.520102E-01 -3.306904E-02 -6.931782E-02 -6.788980E-02 -1.244605E-01
  3.320  2.039222E+01  2.449454E+01  2.089468E+01  2.472916E+01  1.924464E+01  2.227907E+01 -1.642312E+00 -5.874454E-01 -4.766455E-02 -7.096061E-02 -7.130513E-02 -1.458469E-01
  3.340  2.063385E+01  2.484430E+01  2.157648E+01  2.523029E+01  2.009556E+01  2.255828E+01 -1.902819E+00 -9.429219E-01 -6.534465E-02 -7.691240E-02 -6.846271E-02 -1.696731E-01
  3.360  2.090391E+01  2.529849E+01  2.229962E+01  2.595528E+01  2.102754E+01  2.302585E+01 -2.130186E+00 -1.320668E+00 -8.412851E-02 -8.823243E-02 -5.875401E-02 -1.930301E-01
  3.380  2.117211E+01  2.586806E+01  2.300025E+01  2.691756E+01  2.200000E+01  2.370890E+01 -2.325370E+00 -1.725553E+00 -1.020612E-01 -1.048971E-01 -4.324078E-02 -2.129662E-01
  3.400  2.140760E+01  2.654835E+01  2.361919E+01  2.810610E+01  2.296850E+01  2.461911E+01 -2.483953E+00 -2.160847E+00 -1.177511E-01 -1.261413E-01 -2.461641E-02 -2.275162E-01
  3.420  2.158758E+01  2.732192E+01  2.411215E+01  2.949312E+01  2.389296E+01  2.575480E+01 -2.599489E+00 -2.624950E+00 -1.305625E-01 -1.510054E-01 -6.457832E-03 -2.367547E-01
  3.440  2.170338E+01  2.816506E+01  2.445426E+01  3.104576E+01  2.474282E+01  2.710771E+01 -2.668894E+00 -3.112044E+00 -1.404164E-01 -1.788355E-01  8.335095E-03 -2.432617E-01
  3.460  2.176271E+01  2.905763E+01  2.463717E+01  3.273878E+01  2.549653E+01  2.867197E+01 -2.695405E+00 -3.617962E+00 -1.473366E-01 -2.094683E-01  1.931135E-02 -2.512630E-01
  3.480  2.178498E+01  2.999434E+01  2.465802E+01  3.456354E+01  2.613452E+01  3.045063E+01 -2.684395E+00 -4.147157E+00 -1.510872E-01 -2.430271E-01  2.918814E-02 -2.645542E-01
  3.500  2.178811E+01  3.099115E+01  2.450381E+01  3.652752E+01  2.662857E+01  3.245560E+01 -2.633486E+00 -4.713144E+00 -1.511601E-01 -2.796091E-01  4.289710E-02 -2.845038E-01
  3.520  2.177325E+01  3.207995E+01  2.413878E+01  3.864247E+01  2.693307E+01  3.469951E+01 -2.525467E+00 -5.329516E+00 -1.469688E-01 -3.192175E-01  6.574366E-02 -3.092331E-01
  3.540  2.171773E+01  3.329347E+01  2.350266E+01  4.090559E+01  2.698342E+01  3.718245E+01 -2.331270E+00 -5.997952E+00 -1.378911E-01 -3.619435E-01  1.016772E-01 -3.338347E-01
  3.560  2.158095E+01  3.465063E+01  2.252205E+01  4.328279E+01  2.670389E+01  3.987956E+01 -2.021131E+00 -6.702944E+00 -1.230166E-01 -4.081164E-01  1.517656E-01 -3.511628E-01
  3.580  2.131700E+01  3.615204E+01  2.113050E+01  4.570222E+01  2.602203E+01  4.273572E+01 -1.574849E+00 -7.416582E+00 -1.006980E-01 -4.581817E-01  2.127914E-01 -3.534874E-01
  3.600  2.088310E+01  3.778512E+01  1.928893E+01  4.806087E+01  2.488383E+01  4.566979E+01 -9.838210E-01 -8.107662E+00 -6.811757E-02 -5.121145E-01  2.768711E-01 -3.354220E-01
  3.620  2.023904E+01  3.952974E+01  1.699888E+01  5.024137E+01  2.326348E+01  4.858698E+01 -2.462623E-01 -8.746090E+00 -2.133494E-02 -5.683240E-01  3.335492E-01 -2.971303E-01
  3.640  1.934413E+01  4.135690E+01  1.430461E+01  5.213323E+01  2.116330E+01  5.139435E+01  6.356563E-01 -9.300150E+00  4.368899E-02 -6.225388E-01  3.742984E-01 -2.452781E-01
  3.660  1.815975E+01  4.322368E+01  1.128306E+01  5.365160E+01  1.860352E+01  5.401132E+01  1.651286E+00 -9.734222E+00  1.291826E-01 -6.675282E-01  3.966613E-01 -1.900988E-01
  3.680  1.665699E+01  4.507250E+01  8.025301E+00  5.474638E+01  1.560916E+01  5.636828E+01  2.775779E+00 -1.001508E+01  2.335048E-01 -6.942631E-01  4.048615E-01 -1.403045E-01
  3.700  1.482207E+01  4.683610E+01  4.617484E+00  5.539800E+01  1.220553E+01  5.839555E+01  3.973876E+00 -1.012282E+01  3.500428E-01 -6.945573E-01  4.067880E-01 -9.941535E-02
  3.720  1.265742E+01  4.844248E+01  1.130622E+00  5.560312E+01  8.426059E+00  6.001486E+01  5.213304E+00 -1.005386E+01  4.682458E-01 -6.642970E-01  4.099114E-01 -6.512920E-02
  3.740  1.018227E+01  4.981719E+01 -2.377124E+00  5.535913E+01  4.324200E+00  6.114117E+01  6.475421E+00 -9.810183E+00  5.769414E-01 -6.052582E-01  4.180230E-01 -3.090549E-02
  3.760  7.436132E+00  5.088609E+01 -5.848141E+00  5.465507E+01 -1.915380E-02  6.169182E+01  7.751886E+00 -9.383247E+00  6.680055E-01 -5.240005E-01  4.291799E-01  1.104228E-02
  3.780  4.482917E+00  5.158257E+01 -9.208168E+00  5.347440E+01 -4.492444E+00  6.159792E+01  9.028050E+00 -8.746521E+00  7.380031E-01 -4.288296E-01  4.356133E-01  6.549780E-02
  3.800  1.410884E+00  5.186066E+01 -1.235310E+01  5.181354E+01 -8.953876E+00  6.082001E+01  1.026455E+01 -7.864751E+00  7.876601E-01 -3.270645E-01  4.270540E-01  1.302492E-01
  3.820 -1.678706E+00  5.170969E+01 -1.515478E+01  4.971193E+01 -1.324392E+01  5.936784E+01  1.139136E+01 -6.716343E+00  8.204534E-01 -2.232226E-01  3.968169E-01  1.957481E-01
  3.840 -4.694824E+00  5.115812E+01 -1.749370E+01  4.727270E+01 -1.721470E+01  5.730933E+01  1.232088E+01 -5.314698E+00  8.403681E-01 -1.177461E-01  3.463021E-01  2.499798E-01
  3.860 -7.577986E+00  5.025681E+01 -1.930256E+01  4.465193E+01 -2.076094E+01  5.475389E+01  1.297249E+01 -3.714449E+00  8.484289E-01 -7.398338E-03  2.839372E-01  2.849990E-01
  3.880 -1.030054E+01  4.905047E+01 -2.059063E+01  4.201813E+01 -2.382841E+01  5.181839E+01  1.329378E+01 -2.000446E+00  8.399334E-01  1.110804E-01  2.198673E-01  2.998542E-01
  3.900 -1.284358E+01  4.756106E+01 -2.143403E+01  3.950755E+01 -2.639522E+01  4.860167E+01  1.326928E+01 -2.687291E-01  8.057222E-01  2.354659E-01  1.612130E-01  2.986497E-01
  3.920 -1.517078E+01  4.579814E+01 -2.194259E+01  3.719997E+01 -2.844568E+01  4.518513E+01  1.291805E+01  1.390963E+00  7.381021E-01  3.551303E-01  1.108356E-01  2.867074E-01
  3.940 -1.722355E+01  4.378735E+01 -2.222565E+01  3.512092E+01 -2.996051E+01  4.165179E+01  1.228479E+01  2.907614E+00  6.375703E-01  4.540477E-01  6.888756E-02  2.680384E-01
  3.960 -1.894337E+01  4.159094E+01 -2.237261E+01  3.325950E+01 -3.092942E+01  3.810157E+01  1.142704E+01  4.235464E+00  5.149949E-01  5.183107E-01  3.481147E-02  2.450389E-01
  3.980 -2.030332E+01  3.930152E+01 -2.244976E+01  3.158611E+01 -3.137166E+01  3.464691E+01  1.040112E+01  5.352749E+00  3.873506E-01  5.427131E-01  8.246628E-03  2.193496E-01
  4.000 -2.132362E+01  3.701296E+01 -2.250434E+01  3.006139E+01 -3.134505E+01  3.139220E+01  9.252227E+00  6.251996E+00  2.704579E-01  5.318891E-01 -1.110656E-02  1.925250E-01
  4.020 -2.206044E+01  3.478959E+01 -2.256598E+01  2.863842E+01 -3.093703E+01  2.841299E+01  8.014618E+00  6.926807E+00  1.739090E-01  4.963879E-01 -2.383443E-02  1.660685E-01
  4.040 -2.257747E+01  3.265366E+01 -2.264329E+01  2.726586E+01 -3.024543E+01  2.574729E+01  6.721793E+00  7.364196E+00  1.003668E-01  4.474831E-01 -3.084516E-02  1.411920E-01
  4.060 -2.291906E+01  3.059551E+01 -2.272038E+01  2.589687E+01 -2.936074E+01  2.340005E+01  5.419011E+00  7.548830E+00  4.785725E-02  3.938464E-01 -3.317254E-02  1.187190E-01
  4.080 -2.309920E+01  2.859741E+01 -2.276008E+01  2.450204E+01 -2.835639E+01  2.135450E+01  4.167603E+00  7.476959E+00  1.264115E-02  3.407703E-01 -3.183193E-02  9.916720E-02
  4.100 -2.310977E+01  2.665562E+01 -2.271629E+01  2.307942E+01 -2.728724E+01  1.958356E+01  3.036119E+00  7.170180E+00 -8.863701E-03  2.910229E-01 -2.779840E-02  8.283037E-02
  4.120 -2.293953E+01  2.478877E+01 -2.255132E+01  2.165467E+01 -2.619296E+01  1.805759E+01  2.082979E+00  6.678819E+00 -1.944882E-02  2.461220E-01 -2.199426E-02  6.979659E-02
  4.140 -2.259106E+01  2.303095E+01 -2.224945E+01  2.027003E+01 -2.510256E+01  1.674775E+01  1.341242E+00  6.072390E+00 -2.136610E-02  2.072125E-01 -1.524412E-02  5.997689E-02
  4.160 -2.208643E+01  2.141701E+01 -2.182025E+01  1.896811E+01 -2.403792E+01  1.562644E+01  8.134811E-01  5.423291E+00 -1.684896E-02  1.752970E-01 -8.257108E-03  5.317128E-02
  4.180 -2.146202E+01  1.997035E+01 -2.129161E+01  1.777865E+01 -2.301517E+01  1.466637E+01  4.771356E-01  4.792540E+00 -8.438016E-03  1.509684E-01 -1.667898E-03  4.911586E-02
  4.200 -2.075809E+01  1.869839E+01 -2.069773E+01  1.671340E+01 -2.204419E+01  1.384032E+01  2.950803E-01  4.222679E+00  1.126067E-03  1.339524E-01  3.908626E-03  4.745434E-02
  4.220 -2.001009E+01  1.759568E+01 -2.006883E+01  1.576923E+01 -2.112767E+01  1.312268E+01  2.256222E-01  3.737559E+00  9.470403E-03  1.228501E-01  7.898009E-03  4.764595E-02
  4.240 -1.924521E+01  1.665041E+01 -1.942635E+01  1.493512E+01 -2.026170E+01  1.249243E+01  2.290322E-01  3.345783E+00  1.532150E-02  1.154536E-01  9.908165E-03  4.891646E-02
  4.260 -1.848402E+01  1.584962E+01 -1.878355E+01  1.419834E+01 -1.943888E+01  1.193544E+01  2.707550E-01  3.044738E+00  1.881047E-02  1.096196E-01  9.903473E-03  5.036651E-02
  4.280 -1.774384E+01  1.518059E+01 -1.814849E+01  1.354736E+01 -1.865220E+01  1.144411E+01  3.227811E-01  2.823826E+00  2.100682E-02  1.041156E-01  8.248070E-03  5.120921E-02
  4.300 -1.704041E+01  1.462939E+01 -1.752609E+01  1.297194E+01 -1.789732E+01  1.101470E+01  3.644847E-01  2.666955E+00  2.303570E-02  9.882204E-02  5.559932E-03  5.097473E-02
  4.320 -1.638697E+01  1.417948E+01 -1.691850E+01  1.246298E+01 -1.717234E+01  1.064507E+01  3.833634E-01  2.555027E+00  2.544033E-02  9.429829E-02  2.479612E-03  4.955239E-02
  4.340 -1.579230E+01  1.381229E+01 -1.632501E+01  1.201343E+01 -1.647703E+01  1.033395E+01  3.751703E-01  2.468968E+00  2.806232E-02  9.118900E-02 -4.981274E-04  4.708488E-02
  4.360 -1.525997E+01  1.350942E+01 -1.574316E+01  1.162013E+01 -1.581312E+01  1.008098E+01  3.425558E-01  2.392871E+00  3.025072E-02  8.982098E-02 -3.071002E-03  4.382496E-02
  4.380 -1.478930E+01  1.325475E+01 -1.517167E+01  1.128446E+01 -1.518531E+01  9.885624E+00  2.921604E-01  2.315907E+00  3.116210E-02  9.001390E-02 -5.103928E-03  4.003922E-02
  4.400 -1.437745E+01  1.303533E+01 -1.461333E+01  1.101065E+01 -1.460107E+01  9.744757E+00  2.315781E-01  2.232050E+00  3.009177E-02  9.103911E-02 -6.601847E-03  3.594935E-02
  4.420 -1.402116E+01  1.284071E+01 -1.407596E+01  1.080245E+01 -1.406831E+01  9.650611E+00  1.678776E-01  2.138474E+00  2.681790E-02  9.176445E-02 -7.674169E-03  3.165753E-02
  4.440 -1.371743E+01  1.266151E+01 -1.357126E+01  1.066032E+01 -1.359171E+01  9.590964E+00  1.077025E-01  2.034514E+00  2.182059E-02  9.102623E-02 -8.423620E-03  2.707384E-02
  4.460 -1.346262E+01  1.248808E+01 -1.311252E+01  1.057994E+01 -1.316987E+01  9.552233E+00  5.733352E-02  1.921910E+00  1.619961E-02  8.810660E-02 -8.762084E-03  2.195366E-02
  4.480 -1.325084E+01  1.231093E+01 -1.271246E+01  1.055191E+01 -1.279556E+01  9.524170E+00  2.156304E-02  1.805191E+00  1.126424E-02  8.305880E-02 -8.290832E-03  1.610565E-02
  4.500 -1.307330E+01  1.212276E+01 -1.238101E+01  1.056216E+01 -1.245959E+01  9.503046E+00  1.982164E-03  1.690793E+00  7.989775E-03  7.666483E-02 -6.394349E-03  9.657500E-03
  4.520 -1.292014E+01  1.192066E+01 -1.212332E+01  1.059358E+01 -1.215590E+01  9.490840E+00 -3.832396E-03  1.584799E+00  6.655306E-03  7.003275E-02 -2.522161E-03  3.167961E-03
  4.540 -1.278385E+01  1.170577E+01 -1.193908E+01  1.062863E+01 -1.188414E+01  9.491063E+00 -1.336436E-03  1.490460E+00  6.854711E-03  6.408735E-02  3.547912E-03 -2.500432E-03
  4.560 -1.266112E+01  1.148000E+01 -1.182379E+01  1.065154E+01 -1.164834E+01  9.504583E+00  3.477965E-03  1.406890E+00  7.803877E-03  5.922949E-02  1.162865E-02 -6.408052E-03
  4.580 -1.255120E+01  1.124265E+01 -1.177077E+01  1.064865E+01 -1.145372E+01  9.528177E+00  6.904310E-03  1.329742E+00  8.749498E-03  5.525551E-02  2.116442E-02 -7.682070E-03
  4.600 -1.245229E+01  1.098967E+01 -1.177191E+01  1.060695E+01 -1.130441E+01  9.555525E+00  9.198459E-03  1.253641E+00  9.347785E-03  5.151866E-02  3.122467E-02 -5.589650E-03
  4.620 -1.235904E+01  1.071602E+01 -1.181602E+01  1.051308E+01 -1.120312E+01  9.578299E+00  1.410490E-02  1.175126E+00  9.894578E-03  4.731852E-02  4.043728E-02  2.825745E-04
  4.640 -1.226251E+01  1.041871E+01 -1.188620E+01  1.035483E+01 -1.115091E+01  9.585903E+00  2.647442E-02  1.094313E+00  1.122861E-02  4.241719E-02  4.707803E-02  9.669631E-03
  4.660 -1.215210E+01  1.009890E+01 -1.195911E+01  1.012562E+01 -1.114552E+01  9.565097E+00  4.959481E-02  1.014294E+00  1.422458E-02  3.737796E-02  4.952812E-02  2.131830E-02
  4.680 -1.201819E+01  9.762462E+00 -1.200838E+01  9.829242E+00 -1.117877E+01  9.501647E+00  8.409226E-02  9.389675E-01  1.913355E-02  3.339165E-02  4.697024E-02  3.311488E-02
  4.700 -1.185487E+01  9.418841E+00 -1.201142E+01  9.480945E+00 -1.123567E+01  9.384308E+00  1.288306E-01  8.712501E-01  2.527023E-02  3.163102E-02  3.983700E-02  4.274626E-02
  4.720 -1.166134E+01  9.078129E+00 -1.195546E+01  9.103376E+00 -1.129678E+01  9.208892E+00  1.823907E-01  8.129740E-01  3.127612E-02  3.260241E-02  2.966219E-02  4.849119E-02
  4.740 -1.144092E+01  8.747853E+00 -1.183909E+01  8.719791E+00 -1.134306E+01  8.979678E+00  2.434680E-01  7.658146E-01  3.570126E-02  3.588100E-02  1.848892E-02  4.966114E-02
  4.760 -1.119810E+01  8.431405E+00 -1.166959E+01  8.348580E+00 -1.136013E+01  8.707258E+00  3.101156E-01  7.316265E-01  3.757387E-02  4.022847E-02  8.237964E-03  4.656373E-02
  4.780 -1.093550E+01  8.129012E+00 -1.145838E+01  8.000887E+00 -1.133981E+01  8.404609E+00  3.792194E-01  7.115517E-01  3.683453E-02  4.399261E-02  3.265153E-04  4.015904E-02
  4.800 -1.065250E+01  7.840383E+00 -1.121678E+01  7.680969E+00 -1.127893E+01  8.083926E+00  4.472776E-01  7.049181E-01  3.449620E-02  4.576289E-02 -4.385305E-03  3.169300E-02
  4.820 -1.034606E+01  7.567335E+00 -1.095302E+01  7.388341E+00 -1.117725E+01  7.755339E+00  5.119938E-01  7.093051E-01  3.230387E-02  4.507976E-02 -5.499351E-03  2.254011E-02
  4.840 -1.001286E+01  7.315082E+00 -1.067092E+01  7.120908E+00 -1.103568E+01  7.427111E+00  5.732524E-01  7.219561E-01  3.191535E-02  4.275286E-02 -3.130005E-03  1.417592E-02
  4.860 -9.651624E+00  7.091934E+00 -1.037071E+01  6.878058E+00 -1.085542E+01  7.106578E+00  6.326538E-01  7.414230E-01  3.405422E-02  4.049076E-02  1.921363E-03  7.944379E-03
  4.880 -9.264658E+00  6.907850E+00 -1.005136E+01  6.662495E+00 -1.063809E+01  6.801102E+00  6.920870E-01  7.682660E-01  3.817802E-02  4.005143E-02  8.267211E-03  4.579123E-03
  4.900 -8.858391E+00  6.772531E+00 -9.713415E+00  6.480074E+00 -1.038657E+01  6.518456E+00  7.524281E-01  8.045869E-01  4.280266E-02  4.246395E-02  1.447309E-02  3.930277E-03
  4.920 -8.442930E+00  6.693685E+00 -9.360940E+00  6.337949E+00 -1.010588E+01  6.266305E+00  8.130281E-01  8.530410E-01  4.616400E-02  4.771032E-02  1.961809E-02  5.226099E-03
  4.940 -8.031076E+00  6.675812E+00 -9.001724E+00  6.242135E+00 -9.803546E+00  6.050987E+00  8.718702E-01  9.160347E-01  4.680542E-02  5.486030E-02  2.342074E-02  7.603030E-03
  4.960 -7.637174E+00  6.719468E+00 -8.646093E+00  6.195551E+00 -9.488924E+00  5.876262E+00  9.259305E-01  9.953202E-01  4.388999E-02  6.240757E-02  2.598513E-02  1.043903E-02
  4.980 -7.275890E+00  6.820748E+00 -8.304898E+00  6.197265E+00 -9.171952E+00  5.742656E+00  9.714722E-01  1.091804E+00  3.730160E-02  6.856505E-02  2.752065E-02  1.337049E-02
  5.000 -6.960660E+00  6.970969E+00 -7.987618E+00  6.243066E+00 -8.861793E+00  5.647635E+00  1.004322E+00  1.205406E+00  2.773164E-02  7.148368E-02  2.822830E-02  1.618200E-02
  5.020 -6.701612E+00  7.156998E+00 -7.701348E+00  6.326963E+00 -8.565941E+00  5.586305E+00  1.020195E+00  1.335046E+00  1.682362E-02  6.957909E-02  2.829928E-02  1.874239E-02
  5.040 -6.503434E+00  7.362939E+00 -7.451063E+00  6.442792E+00 -8.289787E+00  5.552167E+00  1.014879E+00  1.478866E+00  7.153249E-03  6.212684E-02  2.790909E-02  2.100011E-02
  5.060 -6.364488E+00  7.573320E+00 -7.240868E+00  6.585002E+00 -8.036372E+00  5.537738E+00  9.839821E-01  1.634422E+00  1.682778E-03  4.993113E-02  2.717973E-02  2.296452E-02
  5.080 -6.278376E+00  7.776460E+00 -7.075379E+00  6.748095E+00 -7.806126E+00  5.535203E+00  9.223804E-01  1.798274E+00  2.665792E-03  3.548802E-02  2.616789E-02  2.464902E-02
  5.100 -6.237622E+00  7.965851E+00 -6.960105E+00  6.924943E+00 -7.596727E+00  5.537289E+00  8.241672E-01  1.964688E+00  1.062444E-02  2.222823E-02  2.490529E-02  2.603338E-02
  5.120 -6.237179E+00  8.138294E+00 -6.900156E+00  7.105069E+00 -7.403293E+00  5.538315E+00  6.839848E-01  2.124100E+00  2.418147E-02  1.321560E-02  2.343449E-02  2.707737E-02
  5.140 -6.275084E+00  8.290014E+00 -6.897569E+00  7.274242E+00 -7.219074E+00  5.535235E+00  4.998502E-01  2.262681E+00  4.081389E-02  1.019682E-02  2.180831E-02  2.773435E-02
  5.160 -6.349631E+00  8.413888E+00 -6.948515E+00  7.416245E+00 -7.036663E+00  5.528365E+00  2.763919E-01  2.364229E+00  5.784825E-02  1.346251E-02  2.010262E-02  2.794250E-02
  5.180 -6.455394E+00  8.500259E+00 -7.042115E+00  7.516606E+00 -6.849525E+00  5.521518E+00  2.643138E-02  2.414542E+00  7.310427E-02  2.223552E-02  1.845135E-02  2.765408E-02
  5.200 -6.581557E+00  8.540671E+00 -7.162147E+00  7.566675E+00 -6.653527E+00  5.521397E+00 -2.309520E-01  2.406472E+00  8.514343E-02  3.513643E-02  1.702120E-02  2.690521E-02
  5.220 -6.713746E+00  8.531303E+00 -7.291278E+00  7.565670E+00 -6.448098E+00  5.536320E+00 -4.756451E-01  2.342595E+00  9.332005E-02  5.057577E-02  1.591251E-02  2.581749E-02
  5.240 -6.837250E+00  8.473633E+00 -7.415520E+00  7.519382E+00 -6.236717E+00  5.574421E+00 -6.921864E-01  2.233653E+00  9.771014E-02  6.710124E-02  1.511434E-02  2.448707E-02
  5.260 -6.938827E+00  8.373054E+00 -7.526488E+00  7.436552E+00 -6.026390E+00  5.641748E+00 -8.726903E-01  2.093885E+00  9.891255E-02  8.366676E-02  1.460431E-02  2.289061E-02
  5.280 -7.006697E+00  8.237874E+00 -7.620823E+00  7.325160E+00 -5.826157E+00  5.740963E+00 -1.015987E+00  1.936300E+00  9.779076E-02  9.977609E-02  1.448710E-02  2.094942E-02
  5.300 -7.030530E+00  8.079784E+00 -7.697695E+00  7.190298E+00 -5.645286E+00  5.871165E+00 -1.124423E+00  1.770302E+00  9.520330E-02  1.155521E-01  1.498789E-02  1.869331E-02
  5.320 -7.002897E+00  7.914669E+00 -7.755855E+00  7.034266E+00 -5.492045E+00  6.028645E+00 -1.200778E+00  1.602218E+00  9.164452E-02  1.317280E-01  1.629742E-02  1.631819E-02
  5.340 -6.921903E+00  7.762077E+00 -7.791763E+00  6.858589E+00 -5.373363E+00  6.207677E+00 -1.247195E+00  1.437350E+00  8.681475E-02  1.493658E-01  1.847233E-02  1.407192E-02
  5.360 -6.793480E+00  7.642624E+00 -7.799787E+00  6.666710E+00 -5.294733E+00  6.400694E+00 -1.266187E+00  1.281353E+00  7.944226E-02  1.692107E-01  2.150588E-02  1.215191E-02
  5.380 -6.631816E+00  7.574070E+00 -7.774338E+00  6.465725E+00 -5.259506E+00  6.598243E+00 -1.262057E+00  1.139770E+00  6.766934E-02  1.910050E-01  2.541290E-02  1.076314E-02
  5.400 -6.457459E+00  7.567632E+00 -7.712750E+00  6.266128E+00 -5.267718E+00  6.789750E+00 -1.241080E+00  1.016473E+00  4.987677E-02  2.132644E-01  3.015489E-02  1.020686E-02
  5.420 -6.293806E+00  7.625840E+00 -7.617400E+00  6.079564E+00 -5.315600E+00  6.965305E+00 -1.210301E+00  9.125006E-01  2.544256E-02  2.337258E-01  3.550704E-02  1.079885E-02
  5.440 -6.163170E+00  7.742455E+00 -7.495888E+00  5.915545E+00 -5.396459E+00  7.117458E+00 -1.175876E+00  8.260841E-01 -5.072713E-03  2.502058E-01  4.109931E-02  1.267725E-02
  5.460 -6.083577E+00  7.904155E+00 -7.359051E+00  5.778647E+00 -5.502406E+00  7.241985E+00 -1.141835E+00  7.536098E-01 -4.046076E-02  2.612658E-01  4.663860E-02  1.575455E-02
  5.480 -6.066995E+00  8.093212E+00 -7.217534E+00  5.667459E+00 -5.625866E+00  7.337491E+00 -1.109586E+00  6.910479E-01 -7.967888E-02  2.661313E-01  5.206680E-02  1.991268E-02
  5.500 -6.119088E+00  8.290113E+00 -7.078316E+00  5.575906E+00 -5.760344E+00  7.404600E+00 -1.078239E+00  6.354488E-01 -1.221565E-01  2.639382E-01  5.746187E-02  2.525928E-02
  5.520 -6.239895E+00  8.475393E+00 -6.942760E+00  5.496560E+00 -5.900753E+00  7.445303E+00 -1.045765E+00  5.860924E-01 -1.672152E-01  2.530519E-01  6.274122E-02  3.219763E-02
  5.540 -6.424597E+00  8.630565E+00 -6.807321E+00  5.424496E+00 -6.043782E+00  7.462311E+00 -1.010762E+00  5.447525E-01 -2.130120E-01  2.311965E-01  6.738694E-02  4.121724E-02
  5.560 -6.663769E+00  8.738639E+00 -6.666592E+00  5.359618E+00 -6.187988E+00  7.457961E+00 -9.741507E-01  5.147046E-01 -2.558187E-01  1.965467E-01  7.040404E-02  5.249555E-02
  5.580 -6.943045E+00  8.785066E+00 -6.516896E+00  5.306326E+00 -6.332972E+00  7.433112E+00 -9.398467E-01  4.987112E-01 -2.903672E-01  1.493053E-01  7.061360E-02  6.553531E-02
  5.600 -7.243054E+00  8.759854E+00 -6.358482E+00  5.271139E+00 -6.477898E+00  7.387001E+00 -9.138673E-01  4.969719E-01 -3.114935E-01  9.274852E-02  6.717907E-02  7.910272E-02
  5.620 -7.541103E+00  8.660392E+00 -6.195698E+00  5.259907E+00 -6.620455E+00  7.318203E+00 -9.022674E-01  5.062166E-01 -3.163038E-01  3.270337E-02  6.006562E-02  9.157439E-02
  5.640 -7.815108E+00  8.493029E+00 -6.035707E+00  5.275771E+00 -6.756861E+00  7.225841E+00 -9.091230E-01  5.203836E-01 -3.053361E-01 -2.452099E-02  5.014536E-02  1.015204E-01
  5.660 -8.048154E+00  8.271641E+00 -5.886608E+00  5.318246E+00 -6.882470E+00  7.110247E+00 -9.356010E-01  5.322078E-01 -2.818101E-01 -7.434152E-02  3.890202E-02  1.082013E-01
  5.680 -8.231059E+00  8.013512E+00 -5.755518E+00  5.383300E+00 -6.992290E+00  6.973124E+00 -9.801445E-01  5.346071E-01 -2.496669E-01 -1.146824E-01  2.792739E-02  1.117592E-01
  5.700 -8.361576E+00  7.734933E+00 -5.646912E+00  5.464247E+00 -7.081299E+00  6.817740E+00 -1.038995E+00  5.213894E-01 -2.120560E-01 -1.450968E-01  1.844891E-02  1.130943E-01
  5.720 -8.441300E+00  7.449073E+00 -5.561444E+00  5.553402E+00 -7.145013E+00  6.649286E+00 -1.106470E+00  4.876742E-01 -1.712630E-01 -1.654275E-01  1.103207E-02  1.135406E-01
  5.740 -8.472952E+00  7.166804E+00 -5.495704E+00  5.644449E+00 -7.180580E+00  6.474899E+00 -1.175178E+00  4.305571E-01 -1.296063E-01 -1.753506E-01  5.502746E-03  1.144789E-01
  5.760 -8.460083E+00  6.898754E+00 -5.443573E+00  5.734884E+00 -7.187919E+00  6.302810E+00 -1.236687E+00  3.499868E-01 -9.003032E-02 -1.750343E-01  1.051507E-03  1.170034E-01
  5.780 -8.408933E+00  6.655976E+00 -5.399165E+00  5.827291E+00 -7.170100E+00  6.140757E+00 -1.282873E+00  2.493082E-01 -5.565642E-02 -1.659993E-01 -3.550566E-03  1.216854E-01
  5.800 -8.330154E+00  6.448078E+00 -5.360179E+00  5.928341E+00 -7.132593E+00  5.994501E+00 -1.307571E+00  1.349564E-01 -2.869707E-02 -1.512115E-01 -9.643691E-03  1.284571E-01
  5.820 -8.238242E+00  6.280081E+00 -5.329857E+00  6.045827E+00 -7.081813E+00  5.867236E+00 -1.307916E+00  1.522261E-02 -9.630862E-03 -1.342887E-01 -1.834613E-02  1.367170E-01
  5.840 -8.148545E+00  6.150378E+00 -5.316690E+00  6.185315E+00 -7.023903E+00  5.760103E+00 -1.284871E+00 -1.015970E-01  2.871725E-03 -1.183655E-01 -3.044678E-02  1.456508E-01
  5.860 -8.073508E+00  6.051211E+00 -5.332564E+00  6.347909E+00 -6.964467E+00  5.673145E+00 -1.242666E+00 -2.091735E-01  1.131661E-02 -1.051690E-01 -4.667848E-02  1.544134E-01
  5.880 -8.020132E+00  5.971378E+00 -5.390670E+00  6.529297E+00 -6.909185E+00  5.605738E+00 -1.187088E+00 -3.045642E-01  1.831492E-02 -9.466076E-02 -6.802021E-02  1.617778E-01
  5.900 -7.989695E+00  5.899674E+00 -5.503584E+00  6.719224E+00 -6.864439E+00  5.555948E+00 -1.123074E+00 -3.882734E-01  2.551330E-02 -8.544816E-02 -9.537097E-02  1.654349E-01
  5.920 -7.979457E+00  5.827430E+00 -5.680824E+00  6.901136E+00 -6.836961E+00  5.519182E+00 -1.052782E+00 -4.625747E-01  3.309230E-02 -7.579184E-02 -1.283896E-01  1.617667E-01
  5.940 -7.985109E+00  5.749280E+00 -5.925442E+00  7.053050E+00 -6.832079E+00  5.487192E+00 -9.754369E-01 -5.288646E-01  4.008904E-02 -6.459988E-02 -1.641998E-01  1.468482E-01
  5.960 -8.002705E+00  5.662387E+00 -6.230867E+00  7.150859E+00 -6.851049E+00  5.448619E+00 -8.892146E-01 -5.857773E-01  4.521518E-02 -5.184379E-02 -1.971824E-01  1.185409E-01
  5.980 -8.029412E+00  5.564960E+00 -6.580184E+00  7.173600E+00 -6.888971E+00  5.391671E+00 -7.938320E-01 -6.293487E-01  4.759113E-02 -3.832154E-02 -2.206155E-01  7.843153E-02
