# RPA complex dielectric tensor (red. coord.) without local fields
# Tolerance =  0.0200 0.0200
# npweps  = 59
# npwwfn  = 137
# nbands  = 6
# loband  = 2
# nkibz   = 216
# nkbz    = 216
# Lorentzian broadening =  0.1500 [eV]
# omega [eV] RE(eps_11) IM(eps_11) RE(eps_22)IM(eps_22) RE(eps_33) IM(eps_33) RE(eps_12) IM(eps_12)RE(eps_13) IM(eps_13) RE(eps_23) IM(eps_23))
  0.000  1.856017E+01  0.000000E+00  1.796348E+01  0.000000E+00  1.669968E+01  0.000000E+00  8.720469E+00  0.000000E+00  8.575341E+00  0.000000E+00  8.014481E+00  0.000000E+00
  0.020  1.856073E+01  8.490301E-03  1.796400E+01  7.940580E-03  1.670014E+01  6.903055E-03  8.720719E+00  3.782951E-03  8.575584E+00  3.666992E-03  8.014689E+00  3.142910E-03
  0.040  1.856241E+01  1.698437E-02  1.796558E+01  1.588457E-02  1.670151E+01  1.380889E-02  8.721470E+00  7.567509E-03  8.576311E+00  7.335519E-03  8.015313E+00  6.287012E-03
  0.060  1.856522E+01  2.548598E-02  1.796821E+01  2.383539E-02  1.670379E+01  2.072031E-02  8.722721E+00  1.135528E-02  8.577525E+00  1.100712E-02  8.016353E+00  9.433499E-03
  0.080  1.856915E+01  3.399892E-02  1.797189E+01  3.179646E-02  1.670699E+01  2.764008E-02  8.724474E+00  1.514788E-02  8.579224E+00  1.468333E-02  8.017811E+00  1.258357E-02
  0.100  1.857421E+01  4.252698E-02  1.797662E+01  3.977122E-02  1.671111E+01  3.457103E-02  8.726729E+00  1.894692E-02  8.581410E+00  1.836569E-02  8.019685E+00  1.573841E-02
  0.120  1.858040E+01  5.107397E-02  1.798241E+01  4.776312E-02  1.671614E+01  4.151596E-02  8.729486E+00  2.275403E-02  8.584083E+00  2.205577E-02  8.021978E+00  1.889925E-02
  0.140  1.858772E+01  5.964373E-02  1.798925E+01  5.577562E-02  1.672210E+01  4.847770E-02  8.732748E+00  2.657084E-02  8.587245E+00  2.575511E-02  8.024689E+00  2.206727E-02
  0.160  1.859617E+01  6.824014E-02  1.799716E+01  6.381224E-02  1.672897E+01  5.545911E-02  8.736515E+00  3.039900E-02  8.590897E+00  2.946530E-02  8.027821E+00  2.524371E-02
  0.180  1.860576E+01  7.686708E-02  1.800613E+01  7.187649E-02  1.673677E+01  6.246305E-02  8.740790E+00  3.424016E-02  8.595040E+00  3.318791E-02  8.031373E+00  2.842979E-02
  0.200  1.861650E+01  8.552849E-02  1.801617E+01  7.997193E-02  1.674550E+01  6.949242E-02  8.745573E+00  3.809601E-02  8.599677E+00  3.692456E-02  8.035348E+00  3.162674E-02
  0.220  1.862838E+01  9.422835E-02  1.802728E+01  8.810215E-02  1.675516E+01  7.655015E-02  8.750867E+00  4.196824E-02  8.604809E+00  4.067684E-02  8.039746E+00  3.483582E-02
  0.240  1.864141E+01  1.029707E-01  1.803947E+01  9.627080E-02  1.676576E+01  8.363919E-02  8.756674E+00  4.585854E-02  8.610438E+00  4.444640E-02  8.044571E+00  3.805828E-02
  0.260  1.865560E+01  1.117596E-01  1.805275E+01  1.044816E-01  1.677730E+01  9.076254E-02  8.762997E+00  4.976867E-02  8.616567E+00  4.823488E-02  8.049822E+00  4.129540E-02
  0.280  1.867096E+01  1.205992E-01  1.806711E+01  1.127381E-01  1.678978E+01  9.792323E-02  8.769839E+00  5.370037E-02  8.623198E+00  5.204398E-02  8.055503E+00  4.454846E-02
  0.300  1.868749E+01  1.294936E-01  1.808256E+01  1.210444E-01  1.680321E+01  1.051243E-01  8.777201E+00  5.765543E-02  8.630335E+00  5.587538E-02  8.061616E+00  4.781878E-02
  0.320  1.870520E+01  1.384473E-01  1.809912E+01  1.294041E-01  1.681759E+01  1.123690E-01  8.785088E+00  6.163566E-02  8.637979E+00  5.973081E-02  8.068163E+00  5.110768E-02
  0.340  1.872409E+01  1.474644E-01  1.811678E+01  1.378212E-01  1.683294E+01  1.196603E-01  8.793503E+00  6.564289E-02  8.646134E+00  6.361204E-02  8.075146E+00  5.441650E-02
  0.360  1.874418E+01  1.565494E-01  1.813557E+01  1.462996E-01  1.684925E+01  1.270015E-01  8.802449E+00  6.967901E-02  8.654805E+00  6.752084E-02  8.082568E+00  5.774661E-02
  0.380  1.876548E+01  1.657069E-01  1.815547E+01  1.548435E-01  1.686654E+01  1.343960E-01  8.811931E+00  7.374593E-02  8.663994E+00  7.145905E-02  8.090432E+00  6.109940E-02
  0.400  1.878799E+01  1.749415E-01  1.817651E+01  1.634570E-01  1.688481E+01  1.418470E-01  8.821952E+00  7.784559E-02  8.673705E+00  7.542851E-02  8.098741E+00  6.447629E-02
  0.420  1.881172E+01  1.842578E-01  1.819869E+01  1.721444E-01  1.690407E+01  1.493580E-01  8.832516E+00  8.197999E-02  8.683943E+00  7.943112E-02  8.107498E+00  6.787870E-02
  0.440  1.883669E+01  1.936606E-01  1.822203E+01  1.809098E-01  1.692432E+01  1.569324E-01  8.843630E+00  8.615115E-02  8.694712E+00  8.346882E-02  8.116708E+00  7.130812E-02
  0.460  1.886291E+01  2.031549E-01  1.824652E+01  1.897579E-01  1.694558E+01  1.645738E-01  8.855297E+00  9.036116E-02  8.706017E+00  8.754359E-02  8.126372E+00  7.476603E-02
  0.480  1.889039E+01  2.127458E-01  1.827220E+01  1.986930E-01  1.696786E+01  1.722858E-01  8.867522E+00  9.461215E-02  8.717862E+00  9.165745E-02  8.136496E+00  7.825397E-02
  0.500  1.891914E+01  2.224384E-01  1.829905E+01  2.077199E-01  1.699116E+01  1.800723E-01  8.880311E+00  9.890630E-02  8.730253E+00  9.581249E-02  8.147083E+00  8.177349E-02
  0.520  1.894917E+01  2.322381E-01  1.832711E+01  2.168433E-01  1.701549E+01  1.879369E-01  8.893671E+00  1.032458E-01  8.743196E+00  1.000108E-01  8.158137E+00  8.532621E-02
  0.540  1.898051E+01  2.421502E-01  1.835637E+01  2.260680E-01  1.704086E+01  1.958836E-01  8.907606E+00  1.076331E-01  8.756696E+00  1.042547E-01  8.169663E+00  8.891375E-02
  0.560  1.901316E+01  2.521804E-01  1.838686E+01  2.353993E-01  1.706730E+01  2.039164E-01  8.922124E+00  1.120704E-01  8.770760E+00  1.085462E-01  8.181665E+00  9.253779E-02
  0.580  1.904714E+01  2.623346E-01  1.841859E+01  2.448421E-01  1.709479E+01  2.120394E-01  8.937230E+00  1.165602E-01  8.785393E+00  1.128878E-01  8.194149E+00  9.620005E-02
  0.600  1.908246E+01  2.726186E-01  1.845157E+01  2.544019E-01  1.712337E+01  2.202570E-01  8.952932E+00  1.211050E-01  8.800602E+00  1.172818E-01  8.207120E+00  9.990228E-02
  0.620  1.911916E+01  2.830387E-01  1.848582E+01  2.640841E-01  1.715304E+01  2.285733E-01  8.969238E+00  1.257073E-01  8.816395E+00  1.217307E-01  8.220582E+00  1.036463E-01
  0.640  1.915723E+01  2.936010E-01  1.852135E+01  2.738943E-01  1.718381E+01  2.369930E-01  8.986154E+00  1.303699E-01  8.832778E+00  1.262370E-01  8.234541E+00  1.074340E-01
  0.660  1.919671E+01  3.043123E-01  1.855819E+01  2.838385E-01  1.721570E+01  2.455206E-01  9.003689E+00  1.350955E-01  8.849759E+00  1.308032E-01  8.249004E+00  1.112672E-01
  0.680  1.923761E+01  3.151793E-01  1.859635E+01  2.939226E-01  1.724872E+01  2.541610E-01  9.021852E+00  1.398868E-01  8.867346E+00  1.354322E-01  8.263976E+00  1.151480E-01
  0.700  1.927995E+01  3.262090E-01  1.863584E+01  3.041529E-01  1.728289E+01  2.629190E-01  9.040650E+00  1.447469E-01  8.885548E+00  1.401265E-01  8.279463E+00  1.190784E-01
  0.720  1.932375E+01  3.374086E-01  1.867669E+01  3.145358E-01  1.731822E+01  2.717997E-01  9.060093E+00  1.496787E-01  8.904373E+00  1.448892E-01  8.295473E+00  1.230603E-01
  0.740  1.936904E+01  3.487857E-01  1.871892E+01  3.250780E-01  1.735473E+01  2.808084E-01  9.080191E+00  1.546853E-01  8.923830E+00  1.497231E-01  8.312012E+00  1.270961E-01
  0.760  1.941583E+01  3.603480E-01  1.876255E+01  3.357865E-01  1.739244E+01  2.899505E-01  9.100953E+00  1.597702E-01  8.943929E+00  1.546314E-01  8.329086E+00  1.311879E-01
  0.780  1.946416E+01  3.721037E-01  1.880760E+01  3.466683E-01  1.743136E+01  2.992317E-01  9.122390E+00  1.649364E-01  8.964679E+00  1.596172E-01  8.346705E+00  1.353381E-01
  0.800  1.951405E+01  3.840611E-01  1.885410E+01  3.577309E-01  1.747151E+01  3.086576E-01  9.144513E+00  1.701877E-01  8.986090E+00  1.646838E-01  8.364874E+00  1.395489E-01
  0.820  1.956553E+01  3.962289E-01  1.890206E+01  3.689820E-01  1.751291E+01  3.182345E-01  9.167332E+00  1.755276E-01  9.008174E+00  1.698347E-01  8.383603E+00  1.438228E-01
  0.840  1.961862E+01  4.086164E-01  1.895151E+01  3.804297E-01  1.755559E+01  3.279685E-01  9.190859E+00  1.809598E-01  9.030942E+00  1.750734E-01  8.402900E+00  1.481624E-01
  0.860  1.967335E+01  4.212328E-01  1.900248E+01  3.920823E-01  1.759956E+01  3.378661E-01  9.215108E+00  1.864883E-01  9.054404E+00  1.804035E-01  8.422773E+00  1.525703E-01
  0.880  1.972976E+01  4.340880E-01  1.905500E+01  4.039485E-01  1.764484E+01  3.479341E-01  9.240089E+00  1.921171E-01  9.078574E+00  1.858290E-01  8.443231E+00  1.570492E-01
  0.900  1.978787E+01  4.471924E-01  1.910909E+01  4.160373E-01  1.769145E+01  3.581794E-01  9.265817E+00  1.978505E-01  9.103463E+00  1.913539E-01  8.464285E+00  1.616019E-01
  0.920  1.984771E+01  4.605565E-01  1.916479E+01  4.283581E-01  1.773943E+01  3.686094E-01  9.292306E+00  2.036928E-01  9.129085E+00  1.969822E-01  8.485943E+00  1.662314E-01
  0.940  1.990933E+01  4.741916E-01  1.922211E+01  4.409208E-01  1.778879E+01  3.792315E-01  9.319569E+00  2.096488E-01  9.155454E+00  2.027183E-01  8.508216E+00  1.709406E-01
  0.960  1.997275E+01  4.881093E-01  1.928111E+01  4.537355E-01  1.783956E+01  3.900538E-01  9.347621E+00  2.157231E-01  9.182583E+00  2.085668E-01  8.531114E+00  1.757327E-01
  0.980  2.003802E+01  5.023219E-01  1.934180E+01  4.668130E-01  1.789177E+01  4.010844E-01  9.376479E+00  2.219209E-01  9.210487E+00  2.145323E-01  8.554648E+00  1.806110E-01
  1.000  2.010517E+01  5.168420E-01  1.940422E+01  4.801645E-01  1.794543E+01  4.123320E-01  9.406158E+00  2.282473E-01  9.239183E+00  2.206198E-01  8.578830E+00  1.855789E-01
  1.020  2.017424E+01  5.316830E-01  1.946842E+01  4.938015E-01  1.800059E+01  4.238053E-01  9.436675E+00  2.347077E-01  9.268685E+00  2.268345E-01  8.603672E+00  1.906399E-01
  1.040  2.024528E+01  5.468589E-01  1.953442E+01  5.077364E-01  1.805728E+01  4.355138E-01  9.468048E+00  2.413081E-01  9.299010E+00  2.331816E-01  8.629185E+00  1.957978E-01
  1.060  2.031832E+01  5.623844E-01  1.960226E+01  5.219820E-01  1.811551E+01  4.474673E-01  9.500296E+00  2.480542E-01  9.330177E+00  2.396669E-01  8.655383E+00  2.010562E-01
  1.080  2.039342E+01  5.782748E-01  1.967199E+01  5.365516E-01  1.817533E+01  4.596758E-01  9.533436E+00  2.549525E-01  9.362202E+00  2.462963E-01  8.682278E+00  2.064192E-01
  1.100  2.047063E+01  5.945463E-01  1.974365E+01  5.514594E-01  1.823676E+01  4.721501E-01  9.567490E+00  2.620095E-01  9.395105E+00  2.530759E-01  8.709885E+00  2.118910E-01
  1.120  2.054998E+01  6.112158E-01  1.981728E+01  5.667200E-01  1.829985E+01  4.849014E-01  9.602478E+00  2.692321E-01  9.428906E+00  2.600122E-01  8.738218E+00  2.174759E-01
  1.140  2.063154E+01  6.283013E-01  1.989294E+01  5.823489E-01  1.836463E+01  4.979413E-01  9.638421E+00  2.766276E-01  9.463625E+00  2.671120E-01  8.767292E+00  2.231785E-01
  1.160  2.071535E+01  6.458214E-01  1.997066E+01  5.983626E-01  1.843113E+01  5.112821E-01  9.675343E+00  2.842035E-01  9.499283E+00  2.743824E-01  8.797122E+00  2.290035E-01
  1.180  2.080148E+01  6.637959E-01  2.005049E+01  6.147780E-01  1.849940E+01  5.249367E-01  9.713266E+00  2.919681E-01  9.535903E+00  2.818310E-01  8.827724E+00  2.349557E-01
  1.200  2.088999E+01  6.822456E-01  2.013250E+01  6.316131E-01  1.856948E+01  5.389186E-01  9.752216E+00  2.999296E-01  9.573508E+00  2.894657E-01  8.859115E+00  2.410405E-01
  1.220  2.098093E+01  7.011925E-01  2.021673E+01  6.488871E-01  1.864141E+01  5.532419E-01  9.792218E+00  3.080970E-01  9.612122E+00  2.972947E-01  8.891313E+00  2.472633E-01
  1.240  2.107437E+01  7.206598E-01  2.030324E+01  6.666199E-01  1.871523E+01  5.679215E-01  9.833298E+00  3.164796E-01  9.651771E+00  3.053268E-01  8.924335E+00  2.536296E-01
  1.260  2.117038E+01  7.406720E-01  2.039209E+01  6.848325E-01  1.879099E+01  5.829733E-01  9.875486E+00  3.250874E-01  9.692480E+00  3.135712E-01  8.958201E+00  2.601454E-01
  1.280  2.126902E+01  7.612549E-01  2.048335E+01  7.035473E-01  1.886875E+01  5.984136E-01  9.918809E+00  3.339308E-01  9.734278E+00  3.220378E-01  8.992929E+00  2.668171E-01
  1.300  2.137038E+01  7.824360E-01  2.057707E+01  7.227878E-01  1.894854E+01  6.142599E-01  9.963299E+00  3.430209E-01  9.777194E+00  3.307366E-01  9.028541E+00  2.736511E-01
  1.320  2.147453E+01  8.042443E-01  2.067333E+01  7.425790E-01  1.903043E+01  6.305306E-01  1.000899E+01  3.523692E-01  9.821257E+00  3.396787E-01  9.065057E+00  2.806542E-01
  1.340  2.158155E+01  8.267105E-01  2.077220E+01  7.629472E-01  1.911446E+01  6.472450E-01  1.005591E+01  3.619883E-01  9.866499E+00  3.488756E-01  9.102501E+00  2.878338E-01
  1.360  2.169152E+01  8.498673E-01  2.087375E+01  7.839202E-01  1.920070E+01  6.644237E-01  1.010410E+01  3.718911E-01  9.912954E+00  3.583392E-01  9.140894E+00  2.951973E-01
  1.380  2.180454E+01  8.737494E-01  2.097807E+01  8.055278E-01  1.928921E+01  6.820882E-01  1.015359E+01  3.820916E-01  9.960654E+00  3.680827E-01  9.180260E+00  3.027528E-01
  1.400  2.192070E+01  8.983935E-01  2.108522E+01  8.278014E-01  1.938004E+01  7.002615E-01  1.020442E+01  3.926045E-01  1.000964E+01  3.781196E-01  9.220626E+00  3.105088E-01
  1.420  2.204009E+01  9.238388E-01  2.119531E+01  8.507742E-01  1.947327E+01  7.189678E-01  1.025664E+01  4.034455E-01  1.005994E+01  3.884645E-01  9.262016E+00  3.184739E-01
  1.440  2.216282E+01  9.501272E-01  2.130841E+01  8.744819E-01  1.956897E+01  7.382329E-01  1.031028E+01  4.146312E-01  1.011161E+01  3.991327E-01  9.304459E+00  3.266576E-01
  1.460  2.228900E+01  9.773031E-01  2.142462E+01  8.989622E-01  1.966720E+01  7.580840E-01  1.036538E+01  4.261795E-01  1.016467E+01  4.101407E-01  9.347982E+00  3.350698E-01
  1.480  2.241874E+01  1.005414E+00  2.154405E+01  9.242554E-01  1.976804E+01  7.785501E-01  1.042201E+01  4.381092E-01  1.021918E+01  4.215060E-01  9.392615E+00  3.437208E-01
  1.500  2.255216E+01  1.034511E+00  2.166679E+01  9.504044E-01  1.987157E+01  7.996620E-01  1.048020E+01  4.504404E-01  1.027519E+01  4.332471E-01  9.438390E+00  3.526216E-01
  1.520  2.268938E+01  1.064648E+00  2.179296E+01  9.774550E-01  1.997788E+01  8.214524E-01  1.054000E+01  4.631949E-01  1.033273E+01  4.453840E-01  9.485339E+00  3.617840E-01
  1.540  2.283054E+01  1.095882E+00  2.192267E+01  1.005456E+00  2.008704E+01  8.439564E-01  1.060147E+01  4.763956E-01  1.039186E+01  4.579378E-01  9.533494E+00  3.712201E-01
  1.560  2.297577E+01  1.128278E+00  2.205603E+01  1.034461E+00  2.019916E+01  8.672111E-01  1.066467E+01  4.900672E-01  1.045263E+01  4.709312E-01  9.582893E+00  3.809430E-01
  1.580  2.312523E+01  1.161901E+00  2.219319E+01  1.064524E+00  2.031433E+01  8.912562E-01  1.072965E+01  5.042362E-01  1.051511E+01  4.843886E-01  9.633572E+00  3.909667E-01
  1.600  2.327906E+01  1.196823E+00  2.233427E+01  1.095708E+00  2.043264E+01  9.161342E-01  1.079648E+01  5.189310E-01  1.057934E+01  4.983358E-01  9.685570E+00  4.013057E-01
  1.620  2.343743E+01  1.233122E+00  2.247941E+01  1.128075E+00  2.055421E+01  9.418907E-01  1.086523E+01  5.341821E-01  1.064539E+01  5.128010E-01  9.738927E+00  4.119757E-01
  1.640  2.360052E+01  1.270880E+00  2.262877E+01  1.161697E+00  2.067915E+01  9.685742E-01  1.093596E+01  5.500224E-01  1.071332E+01  5.278141E-01  9.793687E+00  4.229933E-01
  1.660  2.376851E+01  1.310189E+00  2.278249E+01  1.196647E+00  2.080757E+01  9.962370E-01  1.100875E+01  5.664872E-01  1.078321E+01  5.434075E-01  9.849893E+00  4.343761E-01
  1.680  2.394158E+01  1.351145E+00  2.294075E+01  1.233007E+00  2.093959E+01  1.024935E+00  1.108367E+01  5.836150E-01  1.085513E+01  5.596159E-01  9.907592E+00  4.461429E-01
  1.700  2.411995E+01  1.393853E+00  2.310373E+01  1.270864E+00  2.107536E+01  1.054729E+00  1.116082E+01  6.014469E-01  1.092915E+01  5.764768E-01  9.966834E+00  4.583139E-01
  1.720  2.430383E+01  1.438427E+00  2.327160E+01  1.310313E+00  2.121500E+01  1.085683E+00  1.124027E+01  6.200277E-01  1.100535E+01  5.940311E-01  1.002767E+01  4.709103E-01
  1.740  2.449344E+01  1.484991E+00  2.344457E+01  1.351455E+00  2.135866E+01  1.117869E+00  1.132212E+01  6.394059E-01  1.108383E+01  6.123224E-01  1.009016E+01  4.839553E-01
  1.760  2.468905E+01  1.533680E+00  2.362285E+01  1.394401E+00  2.150650E+01  1.151360E+00  1.140647E+01  6.596342E-01  1.116466E+01  6.313986E-01  1.015435E+01  4.974731E-01
  1.780  2.489089E+01  1.584640E+00  2.380665E+01  1.439274E+00  2.165867E+01  1.186240E+00  1.149342E+01  6.807701E-01  1.124796E+01  6.513113E-01  1.022030E+01  5.114902E-01
  1.800  2.509926E+01  1.638031E+00  2.399622E+01  1.486202E+00  2.181535E+01  1.222596E+00  1.158308E+01  7.028760E-01  1.133382E+01  6.721168E-01  1.028809E+01  5.260345E-01
  1.820  2.531444E+01  1.694028E+00  2.419179E+01  1.535330E+00  2.197673E+01  1.260526E+00  1.167557E+01  7.260204E-01  1.142235E+01  6.938764E-01  1.035777E+01  5.411364E-01
  1.840  2.553674E+01  1.752822E+00  2.439365E+01  1.586815E+00  2.214298E+01  1.300133E+00  1.177101E+01  7.502779E-01  1.151366E+01  7.166571E-01  1.042942E+01  5.568284E-01
  1.860  2.576651E+01  1.814623E+00  2.460207E+01  1.640826E+00  2.231433E+01  1.341532E+00  1.186955E+01  7.757306E-01  1.160788E+01  7.405321E-01  1.050311E+01  5.731453E-01
  1.880  2.600409E+01  1.879663E+00  2.481735E+01  1.697553E+00  2.249099E+01  1.384846E+00  1.197131E+01  8.024688E-01  1.170515E+01  7.655816E-01  1.057891E+01  5.901250E-01
  1.900  2.624987E+01  1.948196E+00  2.503982E+01  1.757201E+00  2.267318E+01  1.430213E+00  1.207645E+01  8.305919E-01  1.180559E+01  7.918937E-01  1.065692E+01  6.078081E-01
  1.920  2.650425E+01  2.020503E+00  2.526982E+01  1.819999E+00  2.286116E+01  1.477780E+00  1.218513E+01  8.602097E-01  1.190937E+01  8.195656E-01  1.073721E+01  6.262386E-01
  1.940  2.676768E+01  2.096897E+00  2.550772E+01  1.886197E+00  2.305519E+01  1.527712E+00  1.229753E+01  8.914438E-01  1.201663E+01  8.487043E-01  1.081989E+01  6.454641E-01
  1.960  2.704061E+01  2.177722E+00  2.575391E+01  1.956074E+00  2.325555E+01  1.580188E+00  1.241383E+01  9.244294E-01  1.212755E+01  8.794281E-01  1.090505E+01  6.655364E-01
  1.980  2.732355E+01  2.263363E+00  2.600881E+01  2.029939E+00  2.346253E+01  1.635406E+00  1.253423E+01  9.593168E-01  1.224232E+01  9.118684E-01  1.099279E+01  6.865115E-01
  2.000  2.761703E+01  2.354251E+00  2.627288E+01  2.108135E+00  2.367646E+01  1.693587E+00  1.265893E+01  9.962741E-01  1.236112E+01  9.461711E-01  1.108323E+01  7.084504E-01
  2.020  2.792164E+01  2.450865E+00  2.654659E+01  2.191045E+00  2.389767E+01  1.754973E+00  1.278817E+01  1.035490E+00  1.248416E+01  9.824989E-01  1.117648E+01  7.314196E-01
  2.040  2.823799E+01  2.553746E+00  2.683046E+01  2.279100E+00  2.412654E+01  1.819834E+00  1.292219E+01  1.077175E+00  1.261168E+01  1.021034E+00  1.127267E+01  7.554919E-01
  2.060  2.856675E+01  2.663500E+00  2.712506E+01  2.372780E+00  2.436345E+01  1.888473E+00  1.306124E+01  1.121569E+00  1.274391E+01  1.061979E+00  1.137193E+01  7.807465E-01
  2.080  2.890863E+01  2.780814E+00  2.743098E+01  2.472629E+00  2.460882E+01  1.961225E+00  1.320561E+01  1.168941E+00  1.288111E+01  1.105565E+00  1.147440E+01  8.072705E-01
  2.100  2.926442E+01  2.906465E+00  2.774886E+01  2.579260E+00  2.486310E+01  2.038469E+00  1.335560E+01  1.219600E+00  1.302356E+01  1.152050E+00  1.158023E+01  8.351596E-01
  2.120  2.963493E+01  3.041338E+00  2.807938E+01  2.693368E+00  2.512677E+01  2.120630E+00  1.351151E+01  1.273894E+00  1.317156E+01  1.201726E+00  1.168959E+01  8.645188E-01
  2.140  3.002105E+01  3.186442E+00  2.842329E+01  2.815746E+00  2.540035E+01  2.208188E+00  1.367370E+01  1.332225E+00  1.332542E+01  1.254928E+00  1.180265E+01  8.954642E-01
  2.160  3.042373E+01  3.342935E+00  2.878137E+01  2.947296E+00  2.568439E+01  2.301686E+00  1.384251E+01  1.395055E+00  1.348549E+01  1.312035E+00  1.191959E+01  9.281240E-01
  2.180  3.084399E+01  3.512146E+00  2.915447E+01  3.089057E+00  2.597948E+01  2.401742E+00  1.401833E+01  1.462916E+00  1.365214E+01  1.373481E+00  1.204061E+01  9.626403E-01
  2.200  3.128291E+01  3.695612E+00  2.954347E+01  3.242222E+00  2.628626E+01  2.509061E+00  1.420155E+01  1.536424E+00  1.382576E+01  1.439767E+00  1.216592E+01  9.991707E-01
  2.220  3.174161E+01  3.895113E+00  2.994932E+01  3.408169E+00  2.660541E+01  2.624452E+00  1.439258E+01  1.616298E+00  1.400677E+01  1.511469E+00  1.229576E+01  1.037891E+00
  2.240  3.222129E+01  4.112721E+00  3.037300E+01  3.588497E+00  2.693765E+01  2.748845E+00  1.459181E+01  1.703375E+00  1.419561E+01  1.589255E+00  1.243036E+01  1.078997E+00
  2.260  3.272316E+01  4.350852E+00  3.081551E+01  3.785068E+00  2.728373E+01  2.883313E+00  1.479965E+01  1.798637E+00  1.439274E+01  1.673904E+00  1.256998E+01  1.122709E+00
  2.280  3.324844E+01  4.612338E+00  3.127789E+01  4.000050E+00  2.764447E+01  3.029103E+00  1.501646E+01  1.903232E+00  1.459865E+01  1.766325E+00  1.271492E+01  1.169272E+00
  2.300  3.379830E+01  4.900496E+00  3.176110E+01  4.235979E+00  2.802069E+01  3.187664E+00  1.524253E+01  2.018506E+00  1.481381E+01  1.867581E+00  1.286548E+01  1.218965E+00
  2.320  3.437381E+01  5.219223E+00  3.226607E+01  4.495816E+00  2.841325E+01  3.360694E+00  1.547803E+01  2.146028E+00  1.503872E+01  1.978926E+00  1.302198E+01  1.272100E+00
  2.340  3.497579E+01  5.573079E+00  3.279353E+01  4.783010E+00  2.882300E+01  3.550179E+00  1.572295E+01  2.287612E+00  1.527381E+01  2.101839E+00  1.318479E+01  1.329033E+00
  2.360  3.560471E+01  5.967383E+00  3.334392E+01  5.101553E+00  2.925073E+01  3.758459E+00  1.597696E+01  2.445318E+00  1.551947E+01  2.238063E+00  1.335428E+01  1.390168E+00
  2.380  3.626042E+01  6.408269E+00  3.391726E+01  5.456004E+00  2.969717E+01  3.988284E+00  1.623933E+01  2.621420E+00  1.577596E+01  2.389657E+00  1.353089E+01  1.455963E+00
  2.400  3.694190E+01  6.902686E+00  3.451290E+01  5.851461E+00  3.016286E+01  4.242890E+00  1.650870E+01  2.818292E+00  1.604334E+01  2.559044E+00  1.371506E+01  1.526946E+00
  2.420  3.764689E+01  7.458286E+00  3.512931E+01  6.293416E+00  3.064805E+01  4.526070E+00  1.678297E+01  3.038184E+00  1.632138E+01  2.749048E+00  1.390729E+01  1.603724E+00
  2.440  3.837157E+01  8.083114E+00  3.576391E+01  6.787467E+00  3.115252E+01  4.842230E+00  1.705918E+01  3.282814E+00  1.660934E+01  2.962920E+00  1.410814E+01  1.686997E+00
  2.460  3.911037E+01  8.785083E+00  3.641304E+01  7.338848E+00  3.167537E+01  5.196412E+00  1.733364E+01  3.552786E+00  1.690584E+01  3.204304E+00  1.431822E+01  1.777591E+00
  2.480  3.985613E+01  9.571285E+00  3.707243E+01  7.951910E+00  3.221469E+01  5.594235E+00  1.760262E+01  3.846935E+00  1.720854E+01  3.477129E+00  1.453825E+01  1.876491E+00
  2.500  4.060088E+01  1.044749E+01  3.773811E+01  8.629922E+00  3.276722E+01  6.041699E+00  1.786358E+01  4.162024E+00  1.751391E+01  3.785342E+00  1.476904E+01  1.984923E+00
  2.520  4.133705E+01  1.141838E+01  3.840779E+01  9.375844E+00  3.332804E+01  6.544778E+00  1.811693E+01  4.493455E+00  1.781704E+01  4.132451E+00  1.501149E+01  2.104467E+00
  2.540  4.205841E+01  1.248917E+01  3.908166E+01  1.019459E+01  3.389043E+01  7.108768E+00  1.836739E+01  4.837571E+00  1.811164E+01  4.520862E+00  1.526658E+01  2.237241E+00
  2.560  4.275946E+01  1.366802E+01  3.976105E+01  1.109622E+01  3.444616E+01  7.737523E+00  1.862330E+01  5.195058E+00  1.839061E+01  4.951138E+00  1.553508E+01  2.386100E+00
  2.580  4.343263E+01  1.496792E+01  4.044432E+01  1.209820E+01  3.498638E+01  8.432944E+00  1.889329E+01  5.573518E+00  1.864716E+01  5.421633E+00  1.581723E+01  2.554759E+00
  2.600  4.406441E+01  1.640654E+01  4.112121E+01  1.322437E+01  3.550278E+01  9.195374E+00  1.918160E+01  5.987109E+00  1.887635E+01  5.929172E+00  1.611217E+01  2.747668E+00
  2.620  4.463175E+01  1.800411E+01  4.176815E+01  1.450034E+01  3.598812E+01  1.002521E+01  1.948468E+01  6.453128E+00  1.907581E+01  6.471224E+00  1.641748E+01  2.969529E+00
  2.640  4.509883E+01  1.978009E+01  4.234640E+01  1.594670E+01  3.643457E+01  1.092475E+01  1.979083E+01  6.987638E+00  1.924416E+01  7.048654E+00  1.672897E+01  3.224501E+00
  2.660  4.541372E+01  2.174759E+01  4.280323E+01  1.757157E+01  3.683015E+01  1.189789E+01  2.008195E+01  7.602366E+00  1.937680E+01  7.666530E+00  1.704100E+01  3.515343E+00
  2.680  4.550695E+01  2.390353E+01  4.307615E+01  1.936288E+01  3.715573E+01  1.294594E+01  2.033575E+01  8.303449E+00  1.946138E+01  8.330794E+00  1.734723E+01  3.842737E+00
  2.700  4.529689E+01  2.621513E+01  4.310174E+01  2.128146E+01  3.738654E+01  1.406085E+01  2.052688E+01  9.090862E+00  1.947691E+01  9.041450E+00  1.764176E+01  4.204962E+00
  2.720  4.470575E+01  2.860866E+01  4.283005E+01  2.325812E+01  3.749944E+01  1.522085E+01  2.062789E+01  9.957059E+00  1.939824E+01  9.785940E+00  1.792067E+01  4.598222E+00
  2.740  4.368474E+01  3.096957E+01  4.224248E+01  2.520070E+01  3.748252E+01  1.639286E+01  2.061137E+01  1.088486E+01  1.920490E+01  1.053685E+01  1.818365E+01  5.018385E+00
  2.760  4.223757E+01  3.316094E+01  4.136410E+01  2.701407E+01  3.734048E+01  1.754179E+01  2.045426E+01  1.184628E+01  1.888983E+01  1.125597E+01  1.843399E+01  5.464437E+00
  2.780  4.042812E+01  3.505578E+01  4.025978E+01  2.862698E+01  3.709144E+01  1.864116E+01  2.014332E+01  1.280421E+01  1.846395E+01  1.190309E+01  1.867502E+01  5.941792E+00
  2.800  3.836540E+01  3.656777E+01  3.901212E+01  3.001076E+01  3.675747E+01  1.967722E+01  1.967918E+01  1.371770E+01  1.795466E+01  1.244534E+01  1.890373E+01  6.461587E+00
  2.820  3.617398E+01  3.766539E+01  3.769215E+01  3.117849E+01  3.635652E+01  2.064518E+01  1.907647E+01  1.454927E+01  1.740005E+01  1.286378E+01  1.910634E+01  7.034114E+00
  2.840  3.396432E+01  3.836597E+01  3.633869E+01  3.216542E+01  3.590060E+01  2.154175E+01  1.835858E+01  1.527052E+01  1.684111E+01  1.315605E+01  1.926066E+01  7.659985E+00
  2.860  3.181423E+01  3.871499E+01  3.495617E+01  3.300157E+01  3.540001E+01  2.235980E+01  1.755058E+01  1.586156E+01  1.631392E+01  1.333478E+01  1.934485E+01  8.325469E+00
  2.880  2.976770E+01  3.876039E+01  3.353106E+01  3.369063E+01  3.487030E+01  2.308843E+01  1.667671E+01  1.630486E+01  1.584447E+01  1.342193E+01  1.934726E+01  9.005519E+00
  2.900  2.785053E+01  3.853499E+01  3.205823E+01  3.420618E+01  3.433746E+01  2.371909E+01  1.576612E+01  1.658059E+01  1.544830E+01  1.344244E+01  1.927164E+01  9.672787E+00
  2.920  2.609155E+01  3.805650E+01  3.056237E+01  3.450758E+01  3.383667E+01  2.425542E+01  1.486202E+01  1.667128E+01  1.513343E+01  1.342051E+01  1.913499E+01  1.030754E+01
  2.940  2.453490E+01  3.734314E+01  2.910202E+01  3.456648E+01  3.340313E+01  2.472007E+01  1.402354E+01  1.657583E+01  1.490305E+01  1.337933E+01  1.896001E+01  1.090358E+01
  2.960  2.323500E+01  3.643251E+01  2.775412E+01  3.438898E+01  3.305959E+01  2.515366E+01  1.331375E+01  1.632315E+01  1.475616E+01  1.334193E+01  1.876622E+01  1.146849E+01
  2.980  2.223851E+01  3.538974E+01  2.658752E+01  3.402099E+01  3.280722E+01  2.560576E+01  1.277827E+01  1.597295E+01  1.468677E+01  1.333149E+01  1.856270E+01  1.201916E+01
  3.000  2.156600E+01  3.429969E+01  2.564053E+01  3.353464E+01  3.262344E+01  2.612279E+01  1.242825E+01  1.559995E+01  1.468256E+01  1.337041E+01  1.834423E+01  1.257397E+01
  3.020  2.120461E+01  3.324955E+01  2.491403E+01  3.300483E+01  3.246592E+01  2.673742E+01  1.223926E+01  1.527096E+01  1.472390E+01  1.347810E+01  1.809249E+01  1.314356E+01
  3.040  2.111251E+01  3.231297E+01  2.438033E+01  3.248956E+01  3.227985E+01  2.746129E+01  1.216442E+01  1.502902E+01  1.478383E+01  1.366801E+01  1.778309E+01  1.372372E+01
  3.060  2.122888E+01  3.154091E+01  2.399945E+01  3.202152E+01  3.200698E+01  2.828022E+01  1.215080E+01  1.489031E+01  1.482937E+01  1.394393E+01  1.739554E+01  1.429387E+01
  3.080  2.148463E+01  3.095767E+01  2.373417E+01  3.161030E+01  3.159744E+01  2.915223E+01  1.215067E+01  1.484885E+01  1.482478E+01  1.429577E+01  1.692229E+01  1.482160E+01
  3.100  2.181354E+01  3.056075E+01  2.355975E+01  3.125113E+01  3.102443E+01  3.001144E+01  1.212770E+01  1.488269E+01  1.473904E+01  1.469638E+01  1.637380E+01  1.527109E+01
  3.120  2.216311E+01  3.032573E+01  2.346647E+01  3.093646E+01  3.029761E+01  3.078220E+01  1.206090E+01  1.496050E+01  1.455642E+01  1.510412E+01  1.577902E+01  1.561337E+01
  3.140  2.250105E+01  3.021673E+01  2.345449E+01  3.066574E+01  2.946529E+01  3.140275E+01  1.194566E+01  1.504954E+01  1.428425E+01  1.547392E+01  1.517985E+01  1.583666E+01
  3.160  2.281382E+01  3.019734E+01  2.352350E+01  3.044852E+01  2.859813E+01  3.184654E+01  1.179001E+01  1.512265E+01  1.395035E+01  1.577194E+01  1.461871E+01  1.595229E+01
  3.180  2.310017E+01  3.023543E+01  2.366391E+01  3.029801E+01  2.776133E+01  3.212507E+01  1.160845E+01  1.516023E+01  1.359068E+01  1.598335E+01  1.412362E+01  1.599027E+01
  3.200  2.336765E+01  3.030139E+01  2.385732E+01  3.021964E+01  2.699568E+01  3.226924E+01  1.141892E+01  1.514783E+01  1.323746E+01  1.610835E+01  1.370054E+01  1.598467E+01
  3.220  2.363622E+01  3.036739E+01  2.408719E+01  3.020473E+01  2.632132E+01  3.230631E+01  1.124453E+01  1.507507E+01  1.291682E+01  1.615302E+01  1.333911E+01  1.595849E+01
  3.240  2.394266E+01  3.041471E+01  2.435108E+01  3.023586E+01  2.575607E+01  3.225286E+01  1.111507E+01  1.493992E+01  1.265419E+01  1.612600E+01  1.302693E+01  1.591866E+01
  3.260  2.433674E+01  3.044611E+01  2.466429E+01  3.030028E+01  2.532793E+01  3.212668E+01  1.106257E+01  1.475437E+01  1.247750E+01  1.604340E+01  1.276088E+01  1.586326E+01
  3.280  2.486753E+01  3.049338E+01  2.505274E+01  3.040158E+01  2.506994E+01  3.196292E+01  1.111258E+01  1.454483E+01  1.241214E+01  1.593493E+01  1.254810E+01  1.579327E+01
  3.300  2.556715E+01  3.061441E+01  2.554052E+01  3.056343E+01  2.500304E+01  3.181865E+01  1.127784E+01  1.434642E+01  1.247111E+01  1.584317E+01  1.239845E+01  1.571929E+01
  3.320  2.643938E+01  3.088145E+01  2.613849E+01  3.082537E+01  2.512098E+01  3.176213E+01  1.155718E+01  1.419569E+01  1.264792E+01  1.581529E+01  1.231578E+01  1.566020E+01
  3.340  2.745633E+01  3.136579E+01  2.683734E+01  3.123327E+01  2.538700E+01  3.185464E+01  1.193766E+01  1.412559E+01  1.291661E+01  1.589189E+01  1.229349E+01  1.563674E+01
  3.360  2.856326E+01  3.212324E+01  2.760710E+01  3.182762E+01  2.574294E+01  3.213472E+01  1.239744E+01  1.416205E+01  1.323833E+01  1.609852E+01  1.231571E+01  1.566435E+01
  3.380  2.968975E+01  3.318450E+01  2.840351E+01  3.263362E+01  2.612533E+01  3.261203E+01  1.290964E+01  1.432173E+01  1.357085E+01  1.644278E+01  1.236238E+01  1.574902E+01
  3.400  3.076374E+01  3.455263E+01  2.917866E+01  3.365692E+01  2.648048E+01  3.327191E+01  1.344698E+01  1.461201E+01  1.387711E+01  1.691704E+01  1.241516E+01  1.588731E+01
  3.420  3.172471E+01  3.620802E+01  2.989180E+01  3.488614E+01  2.677258E+01  3.408657E+01  1.398524E+01  1.503341E+01  1.413013E+01  1.750459E+01  1.246129E+01  1.606934E+01
  3.440  3.253221E+01  3.812010E+01  3.051711E+01  3.630102E+01  2.698352E+01  3.502630E+01  1.450442E+01  1.558305E+01  1.431367E+01  1.818625E+01  1.249523E+01  1.628200E+01
  3.460  3.316586E+01  4.026271E+01  3.104541E+01  3.788458E+01  2.710860E+01  3.606661E+01  1.498780E+01  1.625711E+01  1.441973E+01  1.894544E+01  1.251960E+01  1.651205E+01
  3.480  3.361444E+01  4.262714E+01  3.147690E+01  3.963518E+01  2.715165E+01  3.719241E+01  1.542086E+01  1.705209E+01  1.444484E+01  1.977088E+01  1.254565E+01  1.675046E+01
  3.500  3.385721E+01  4.522439E+01  3.180547E+01  4.157111E+01  2.711909E+01  3.840132E+01  1.579012E+01  1.796594E+01  1.438557E+01  2.065764E+01  1.259039E+01  1.699788E+01
  3.520  3.384740E+01  4.807308E+01  3.200247E+01  4.372180E+01  2.701078E+01  3.970424E+01  1.608068E+01  1.899928E+01  1.423355E+01  2.160573E+01  1.266984E+01  1.726765E+01
  3.540  3.350769E+01  5.117788E+01  3.201105E+01  4.610881E+01  2.681032E+01  4.111871E+01  1.627209E+01  2.015423E+01  1.397118E+01  2.261537E+01  1.279127E+01  1.758346E+01
  3.560  3.274091E+01  5.450929E+01  3.175552E+01  4.872780E+01  2.648171E+01  4.265521E+01  1.633527E+01  2.142912E+01  1.357091E+01  2.367879E+01  1.294880E+01  1.797260E+01
  3.580  3.145098E+01  5.799359E+01  3.115981E+01  5.154213E+01  2.597738E+01  4.430356E+01  1.623463E+01  2.281078E+01  1.300115E+01  2.477175E+01  1.312443E+01  1.845871E+01
  3.600  2.956596E+01  6.151616E+01  3.016367E+01  5.448989E+01  2.525459E+01  4.602858E+01  1.593683E+01  2.426977E+01  1.223838E+01  2.585037E+01  1.329219E+01  1.905770E+01
  3.620  2.705597E+01  6.493656E+01  2.872866E+01  5.749721E+01  2.429014E+01  4.777919E+01  1.542167E+01  2.576428E+01  1.128052E+01  2.685790E+01  1.342239E+01  1.977709E+01
  3.640  2.394052E+01  6.811149E+01  2.683475E+01  6.048915E+01  2.308351E+01  4.950510E+01  1.468627E+01  2.725224E+01  1.015240E+01  2.774068E+01  1.348372E+01  2.061710E+01
  3.660  2.028061E+01  7.091806E+01  2.447274E+01  6.339360E+01  2.164597E+01  5.116894E+01  1.373682E+01  2.870196E+01  8.897709E+00  2.846417E+01  1.344347E+01  2.157091E+01
  3.680  1.615856E+01  7.326562E+01  2.163789E+01  6.613844E+01  1.998575E+01  5.274346E+01  1.257515E+01  3.008959E+01  7.561919E+00  2.901745E+01  1.326780E+01  2.262264E+01
  3.700  1.165847E+01  7.509053E+01  1.832908E+01  6.864396E+01  1.810408E+01  5.419756E+01  1.119551E+01  3.138531E+01  6.179519E+00  2.940381E+01  1.292515E+01  2.374406E+01
  3.720  6.859273E+00  7.634188E+01  1.455606E+01  7.081627E+01  1.600682E+01  5.548620E+01  9.596647E+00  3.254398E+01  4.774078E+00  2.962766E+01  1.239374E+01  2.489419E+01
  3.740  1.839752E+00  7.697037E+01  1.035211E+01  7.254760E+01  1.372052E+01  5.655582E+01  7.796680E+00  3.351125E+01  3.366844E+00  2.968910E+01  1.166910E+01  2.602566E+01
  3.760 -3.311102E+00  7.692443E+01  5.786067E+00  7.372562E+01  1.129832E+01  5.736144E+01  5.836920E+00  3.423892E+01  1.983732E+00  2.958735E+01  1.076515E+01  2.709591E+01
  3.780 -8.480724E+00  7.615387E+01  9.693998E-01  7.424976E+01  8.812210E+00  5.788316E+01  3.774019E+00  3.469665E+01  6.567409E-01  2.932669E+01  9.707082E+00  2.807612E+01
  3.800 -1.352014E+01  7.462737E+01 -3.944864E+00  7.405390E+01  6.337301E+00  5.813487E+01  1.669379E+00  3.487538E+01 -5.776413E-01  2.892176E+01  8.520889E+00  2.895290E+01
  3.820 -1.824802E+01  7.236478E+01 -8.779733E+00  7.313146E+01  3.932681E+00  5.816412E+01 -4.199477E-01  3.478653E+01 -1.683101E+00  2.840360E+01  7.225108E+00  2.972419E+01
  3.840 -2.248577E+01  6.946329E+01 -1.337202E+01  7.154554E+01  1.621688E+00  5.804016E+01 -2.450571E+00  3.445789E+01 -2.634998E+00  2.782329E+01  5.825556E+00  3.039170E+01
  3.860 -2.610815E+01  6.608791E+01 -1.761145E+01  6.940638E+01 -6.184440E-01  5.782758E+01 -4.399931E+00  3.392257E+01 -3.435884E+00  2.724478E+01  4.314516E+00  3.094982E+01
  3.880 -2.907204E+01  6.242602E+01 -2.145011E+01  6.682510E+01 -2.844863E+00  5.755515E+01 -6.263234E+00  3.320324E+01 -4.122938E+00  2.672489E+01  2.679214E+00  3.137355E+01
  3.900 -3.140386E+01  5.863846E+01 -2.487315E+01  6.387861E+01 -5.115821E+00  5.720046E+01 -8.037576E+00  3.230303E+01 -4.758039E+00  2.629146E+01  9.205819E-01  3.161514E+01
  3.920 -3.316207E+01  5.483881E+01 -2.785635E+01  6.061300E+01 -7.454708E+00  5.670395E+01 -9.703185E+00  3.121290E+01 -5.404386E+00  2.593439E+01 -9.279597E-01  3.161812E+01
  3.940 -3.440601E+01  5.110412E+01 -3.034758E+01  5.707889E+01 -9.836005E+00  5.600554E+01 -1.121734E+01  2.993283E+01 -6.104297E+00  2.561567E+01 -2.797716E+00  3.134452E+01
  3.960 -3.518870E+01  4.749641E+01 -3.228700E+01  5.336510E+01 -1.220404E+01  5.507867E+01 -1.252839E+01  2.849104E+01 -6.872004E+00  2.529024E+01 -4.605145E+00  3.079764E+01
  3.980 -3.556716E+01  4.407261E+01 -3.364707E+01  4.960031E+01 -1.451037E+01  5.393624E+01 -1.360084E+01  2.694509E+01 -7.703118E+00  2.492178E+01 -6.284238E+00  3.002197E+01
  4.000 -3.561123E+01  4.087775E+01 -3.445848E+01  4.592168E+01 -1.673982E+01  5.260438E+01 -1.443278E+01  2.536315E+01 -8.588720E+00  2.448343E+01 -7.808219E+00  2.907869E+01
  4.020 -3.539909E+01  3.793276E+01 -3.480347E+01  4.243563E+01 -1.890385E+01  5.108617E+01 -1.505340E+01  2.379889E+01 -9.519813E+00  2.394791E+01 -9.185628E+00  2.801407E+01
  4.040 -3.500229E+01  3.523043E+01 -3.478530E+01  3.919691E+01 -2.100595E+01  4.934518E+01 -1.550408E+01  2.227712E+01 -1.047877E+01  2.328096E+01 -1.043526E+01  2.684250E+01
  4.060 -3.447151E+01  3.274414E+01 -3.449571E+01  3.621386E+01 -2.300509E+01  4.732380E+01 -1.581671E+01  2.079724E+01 -1.142717E+01  2.244774E+01 -1.155851E+01  2.555372E+01
  4.080 -3.383206E+01  3.044406E+01 -3.399744E+01  3.347068E+01 -2.480488E+01  4.498593E+01 -1.600241E+01  1.934953E+01 -1.230304E+01  2.143018E+01 -1.252721E+01  2.413738E+01
  4.100 -3.309104E+01  2.831140E+01 -3.332611E+01  3.095065E+01 -2.627882E+01  4.235634E+01 -1.605517E+01  1.793240E+01 -1.303360E+01  2.024330E+01 -1.329370E+01  2.260730E+01
  4.120 -3.225095E+01  2.634362E+01 -3.250421E+01  2.864851E+01 -2.731737E+01  3.953084E+01 -1.596503E+01  1.656056E+01 -1.355777E+01  1.893837E+01 -1.381439E+01  2.101014E+01
  4.140 -3.132168E+01  2.454949E+01 -3.155559E+01  2.656922E+01 -2.786809E+01  3.665180E+01 -1.573136E+01  1.526163E+01 -1.384534E+01  1.758999E+01 -1.407116E+01  1.941506E+01
  4.160 -3.032496E+01  2.293864E+01 -3.051227E+01  2.471892E+01 -2.794854E+01  3.386616E+01 -1.536886E+01  1.406572E+01 -1.390289E+01  1.627470E+01 -1.407885E+01  1.789351E+01
  4.180 -2.929071E+01  2.151236E+01 -2.941231E+01  2.309581E+01 -2.763100E+01  3.128967E+01 -1.490520E+01  1.299536E+01 -1.376586E+01  1.505270E+01 -1.387851E+01  1.650150E+01
  4.200 -2.824891E+01  2.025994E+01 -2.829249E+01  2.168645E+01 -2.701380E+01  2.899129E+01 -1.437368E+01  1.206027E+01 -1.348362E+01  1.395948E+01 -1.352352E+01  1.527164E+01
  4.220 -2.722205E+01  1.916168E+01 -2.718114E+01  2.046845E+01 -2.619544E+01  2.699685E+01 -1.380559E+01  1.125798E+01 -1.310566E+01  1.300746E+01 -1.306683E+01  1.421481E+01
  4.240 -2.622225E+01  1.819535E+01 -2.609536E+01  1.941719E+01 -2.526061E+01  2.530265E+01 -1.322570E+01  1.057833E+01 -1.267349E+01  1.219304E+01 -1.255376E+01  1.332692E+01
  4.260 -2.525342E+01  1.734204E+01 -2.504365E+01  1.851194E+01 -2.427736E+01  2.388826E+01 -1.265190E+01  1.000824E+01 -1.221870E+01  1.150410E+01 -1.202070E+01  1.259567E+01
  4.280 -2.431579E+01  1.658803E+01 -2.403143E+01  1.773761E+01 -2.329949E+01  2.272361E+01 -1.209712E+01  9.534335E+00 -1.176415E+01  1.092466E+01 -1.149666E+01  1.200430E+01
  4.300 -2.340890E+01  1.592350E+01 -2.306475E+01  1.708240E+01 -2.236792E+01  2.177148E+01 -1.157099E+01  9.143132E+00 -1.132558E+01  1.043694E+01 -1.100453E+01  1.153258E+01
  4.320 -2.253210E+01  1.534083E+01 -2.215038E+01  1.653466E+01 -2.150938E+01  2.098965E+01 -1.107971E+01  8.820871E+00 -1.091191E+01  1.002258E+01 -1.056055E+01  1.115725E+01
  4.340 -2.168408E+01  1.483474E+01 -2.129419E+01  1.608216E+01 -2.073479E+01  2.033598E+01 -1.062574E+01  8.554629E+00 -1.052524E+01  9.664833E+00 -1.017310E+01  1.085395E+01
  4.360 -2.086400E+01  1.440322E+01 -2.050053E+01  1.571292E+01 -2.004139E+01  1.977517E+01 -1.020868E+01  8.334045E+00 -1.016243E+01  9.351484E+00 -9.843023E+00  1.060038E+01
  4.380 -2.007390E+01  1.404719E+01 -1.977319E+01  1.541569E+01 -1.941911E+01  1.928319E+01 -9.827730E+00  8.151658E+00 -9.818713E+00  9.076345E+00 -9.565950E+00  1.037878E+01
  4.400 -1.932058E+01  1.376766E+01 -1.911615E+01  1.517888E+01 -1.885787E+01  1.884627E+01 -9.483266E+00  8.001080E+00 -9.491369E+00  8.837885E+00 -9.335446E+00  1.017627E+01
  4.420 -1.861461E+01  1.356213E+01 -1.853278E+01  1.498896E+01 -1.835135E+01  1.845628E+01 -9.176070E+00  7.874631E+00 -9.181133E+00  8.636044E+00 -9.144906E+00  9.983414E+00
  4.440 -1.796692E+01  1.342268E+01 -1.802355E+01  1.483009E+01 -1.789649E+01  1.810642E+01 -8.904598E+00  7.762962E+00 -8.891080E+00  8.469849E+00 -8.987702E+00  9.792710E+00
  4.460 -1.738527E+01  1.333718E+01 -1.758370E+01  1.468599E+01 -1.749140E+01  1.778978E+01 -8.662983E+00  7.657610E+00 -8.625068E+00  8.336965E+00 -8.856499E+00  9.598319E+00
  4.480 -1.687276E+01  1.329236E+01 -1.720279E+01  1.454366E+01 -1.713425E+01  1.749983E+01 -8.442143E+00  7.554700E+00 -8.387212E+00  8.234076E+00 -8.743104E+00  9.396859E+00
  4.500 -1.642906E+01  1.327665E+01 -1.686767E+01  1.439686E+01 -1.682367E+01  1.723098E+01 -8.233908E+00  7.456626E+00 -8.181967E+00  8.156744E+00 -8.639596E+00  9.188362E+00
  4.520 -1.605285E+01  1.328078E+01 -1.656744E+01  1.424643E+01 -1.655977E+01  1.697802E+01 -8.035326E+00  7.369818E+00 -8.013789E+00  8.098775E+00 -8.540516E+00  8.976026E+00
  4.540 -1.574339E+01  1.329659E+01 -1.629744E+01  1.409666E+01 -1.634459E+01  1.673441E+01 -7.849885E+00  7.299926E+00 -7.886205E+00  8.051901E+00 -8.444629E+00  8.763931E+00
  4.560 -1.550062E+01  1.331551E+01 -1.605918E+01  1.394993E+01 -1.618088E+01  1.648983E+01 -7.684862E+00  7.247826E+00 -7.800841E+00  8.006008E+00 -8.354346E+00  8.553654E+00
  4.580 -1.532431E+01  1.332751E+01 -1.585662E+01  1.380338E+01 -1.606864E+01  1.622902E+01 -7.547017E+00  7.208955E+00 -7.756601E+00  7.949630E+00 -8.272491E+00  8.342287E+00
  4.600 -1.521307E+01  1.332079E+01 -1.569175E+01  1.364929E+01 -1.600098E+01  1.593362E+01 -7.439758E+00  7.175641E+00 -7.748792E+00  7.870675E+00 -8.198550E+00  8.123667E+00
  4.620 -1.516308E+01  1.328156E+01 -1.556242E+01  1.347790E+01 -1.596201E+01  1.558687E+01 -7.363103E+00  7.139899E+00 -7.768253E+00  7.757823E+00 -8.127210E+00  7.891978E+00
  4.640 -1.516619E+01  1.319439E+01 -1.546233E+01  1.327991E+01 -1.592824E+01  1.517889E+01 -7.315141E+00  7.094470E+00 -7.801200E+00  7.602760E+00 -8.049952E+00  7.644990E+00
  4.660 -1.520758E+01  1.304452E+01 -1.538183E+01  1.304808E+01 -1.587288E+01  1.471017E+01 -7.292696E+00  7.032190E+00 -7.830511E+00  7.402721E+00 -7.958082E+00  7.385053E+00
  4.680 -1.526551E+01  1.282225E+01 -1.530880E+01  1.277847E+01 -1.577132E+01  1.419227E+01 -7.290320E+00  6.945617E+00 -7.838719E+00  7.162169E+00 -7.845208E+00  7.118025E+00
  4.700 -1.531456E+01  1.252718E+01 -1.523034E+01  1.247143E+01 -1.560623E+01  1.364536E+01 -7.299013E+00  6.828489E+00 -7.811819E+00  6.892371E+00 -7.708333E+00  6.851318E+00
  4.720 -1.533142E+01  1.216923E+01 -1.513486E+01  1.213154E+01 -1.537049E+01  1.309350E+01 -7.306759E+00  6.678450E+00 -7.742177E+00  6.608699E+00 -7.547750E+00  6.592010E+00
  4.740 -1.529986E+01  1.176569E+01 -1.501389E+01  1.176603E+01 -1.506711E+01  1.255926E+01 -7.301438E+00  6.498697E+00 -7.629339E+00  6.326902E+00 -7.366129E+00  6.345452E+00
  4.760 -1.521265E+01  1.133613E+01 -1.486219E+01  1.138251E+01 -1.470644E+01  1.205949E+01 -7.274207E+00  6.296844E+00 -7.478774E+00  6.059744E+00 -7.167099E+00  6.114494E+00
  4.780 -1.507006E+01  1.089777E+01 -1.467615E+01  1.098753E+01 -1.430187E+01  1.160322E+01 -7.220809E+00  6.081765E+00 -7.299194E+00  5.814889E+00 -6.953549E+00  5.899584E+00
  4.800 -1.487634E+01  1.046311E+01 -1.445192E+01  1.058709E+01 -1.386512E+01  1.119217E+01 -7.140238E+00  5.860970E+00 -7.099159E+00  5.594599E+00 -6.726147E+00  5.699978E+00
  4.820 -1.463624E+01  1.004036E+01 -1.418504E+01  1.018848E+01 -1.340262E+01  1.082404E+01 -7.032433E+00  5.640159E+00 -6.884205E+00  5.397559E+00 -6.482981E+00  5.515881E+00
  4.840 -1.435305E+01  9.635549E+00 -1.387171E+01  9.801687E+00 -1.291490E+01  1.049723E+01 -6.897046E+00  5.424483E+00 -6.655927E+00  5.222071E+00 -6.220921E+00  5.350427E+00
  4.860 -1.402876E+01  9.254892E+00 -1.351093E+01  9.439302E+00 -1.239913E+01  1.021493E+01 -6.733867E+00  5.219852E+00 -6.413455E+00  5.068791E+00 -5.938110E+00  5.210172E+00
  4.880 -1.366560E+01  8.906016E+00 -1.310602E+01  9.115103E+00 -1.185364E+01  9.986235E+00 -6.543995E+00  5.033150E+00 -6.156139E+00  4.941525E+00 -5.636102E+00  5.103715E+00
  4.900 -1.326774E+01  8.597731E+00 -1.266508E+01  8.842001E+00 -1.128192E+01  9.824215E+00 -6.330680E+00  4.871485E+00 -5.885700E+00  4.846113E+00 -5.320496E+00  5.039439E+00
  4.920 -1.284239E+01  8.338812E+00 -1.220046E+01  8.630135E+00 -1.069417E+01  9.742205E+00 -6.099454E+00  4.741158E+00 -5.607018E+00  4.788518E+00 -5.000178E+00  5.023673E+00
  4.940 -1.240005E+01  8.136284E+00 -1.172750E+01  8.485440E+00 -1.010666E+01  9.750336E+00 -5.857764E+00  4.646763E+00 -5.327728E+00  4.773120E+00 -4.686092E+00  5.059797E+00
  4.960 -1.195360E+01  7.993740E+00 -1.126299E+01  8.408776E+00 -9.539721E+00  9.853222E+00 -5.614282E+00  4.590538E+00 -5.057138E+00  4.801600E+00 -4.390203E+00  5.147930E+00
  4.980 -1.151649E+01  7.910430E+00 -1.082335E+01  8.395548E+00 -9.015146E+00  1.004886E+01 -5.377986E+00  4.572007E+00 -4.804830E+00  4.872521E+00 -4.124616E+00  5.284668E+00
  5.000 -1.110080E+01  7.881610E+00 -1.042259E+01  8.435896E+00 -8.553602E+00  1.032863E+01 -5.157103E+00  4.588077E+00 -4.579239E+00  4.981680E+00 -3.900380E+00  5.462853E+00
  5.020 -1.071590E+01  7.899913E+00 -1.007020E+01  8.515809E+00 -8.172140E+00  1.067846E+01 -4.958204E+00  4.633667E+00 -4.386675E+00  5.123271E+00 -3.725810E+00  5.671956E+00
  5.040 -1.036842E+01  7.956899E+00 -9.769438E+00  8.619525E+00 -7.882717E+00  1.108130E+01 -4.785820E+00  4.702737E+00 -4.231391E+00  5.291475E+00 -3.604971E+00  5.899728E+00
  5.060 -1.006292E+01  8.043964E+00 -9.517305E+00  8.732933E+00 -7.692770E+00  1.152004E+01 -4.642825E+00  4.789264E+00 -4.116966E+00  5.481547E+00 -3.537645E+00  6.134863E+00
  5.080 -9.802658E+00  8.152326E+00 -9.306880E+00  8.846446E+00 -7.607893E+00  1.197876E+01 -4.531364E+00  4.887467E+00 -4.048311E+00  5.689236E+00 -3.521462E+00  6.369025E+00
  5.100 -9.589706E+00  8.272439E+00 -9.130998E+00  8.955489E+00 -7.634598E+00  1.244087E+01 -4.453439E+00  4.991002E+00 -4.032607E+00  5.908295E+00 -3.555018E+00  6.596376E+00
  5.120 -9.424155E+00  8.393568E+00 -8.984913E+00  9.058244E+00 -7.780009E+00  1.288468E+01 -4.410248E+00  5.091790E+00 -4.077655E+00  6.127476E+00 -3.639402E+00  6.810478E+00
  5.140 -9.302819E+00  8.504230E+00 -8.866205E+00  9.152509E+00 -8.046796E+00  1.328002E+01 -4.400273E+00  5.179800E+00 -4.187746E+00  6.329352E+00 -3.776259E+00  7.000817E+00
  5.160 -9.218171E+00  8.593834E+00 -8.772382E+00  9.234171E+00 -8.425181E+00  1.359003E+01 -4.417274E+00  5.244683E+00 -4.359005E+00  6.492645E+00 -3.963119E+00  7.152126E+00
  5.180 -9.158521E+00  8.655268E+00 -8.698421E+00  9.298338E+00 -8.887435E+00  1.377999E+01 -4.449809E+00  5.279024E+00 -4.577118E+00  6.597855E+00 -4.189273E+00  7.248088E+00
  5.200 -9.110195E+00  8.687296E+00 -8.636340E+00  9.342028E+00 -9.390460E+00  1.382913E+01 -4.483374E+00  5.281642E+00 -4.819591E+00  6.633651E+00 -4.435799E+00  7.277500E+00
  5.220 -9.061225E+00  8.695059E+00 -8.577115E+00  9.366112E+00 -9.886707E+00  1.373782E+01 -4.504657E+00  5.258769E+00 -5.062032E+00  6.600249E+00 -4.680260E+00  7.238569E+00
  5.240 -9.004679E+00  8.687888E+00 -8.513222E+00  9.375024E+00 -1.033676E+01  1.352507E+01 -4.505694E+00  5.221985E+00 -5.284929E+00  6.507680E+00 -4.902670E+00  7.138477E+00
  5.260 -8.939673E+00  8.675529E+00 -8.439744E+00  9.374944E+00 -1.071590E+01  1.321904E+01 -4.485522E+00  5.183994E+00 -5.477145E+00  6.370429E+00 -5.088678E+00  6.989493E+00
  5.280 -8.869825E+00  8.664913E+00 -8.353729E+00  9.372468E+00 -1.101258E+01  1.284771E+01 -4.448704E+00  5.154774E+00 -5.635048E+00  6.201990E+00 -5.229087E+00  6.805330E+00
  5.300 -8.800415E+00  8.658850E+00 -8.253342E+00  9.374890E+00 -1.122251E+01  1.243460E+01 -4.402201E+00  5.140049E+00 -5.758923E+00  6.012047E+00 -5.317901E+00  6.600032E+00
  5.320 -8.735831E+00  8.656667E+00 -8.138483E+00  9.391228E+00 -1.134363E+01  1.200009E+01 -4.352863E+00  5.142162E+00 -5.849329E+00  5.806917E+00 -5.351595E+00  6.388898E+00
  5.340 -8.678239E+00  8.655915E+00 -8.012874E+00  9.432025E+00 -1.137520E+01  1.156512E+01 -4.306848E+00  5.161700E+00 -5.905504E+00  5.591978E+00 -5.330493E+00  6.189219E+00
  5.360 -8.627556E+00  8.654129E+00 -7.885751E+00  9.506890E+00 -1.132072E+01  1.115307E+01 -4.270294E+00  5.198020E+00 -5.926232E+00  5.373867E+00 -5.261024E+00  6.018984E+00
  5.380 -8.582281E+00  8.650021E+00 -7.771163E+00  9.620975E+00 -1.119157E+01  1.078772E+01 -4.249476E+00  5.248505E+00 -5.911878E+00  5.160905E+00 -5.156626E+00  5.893565E+00
  5.400 -8.540728E+00  8.643939E+00 -7.684858E+00  9.772741E+00 -1.100787E+01  1.048851E+01 -4.249665E+00  5.307941E+00 -5.865927E+00  4.961806E+00 -5.036130E+00  5.822151E+00
  5.420 -8.502274E+00  8.637443E+00 -7.640633E+00  9.954319E+00 -1.079596E+01  1.026620E+01 -4.273585E+00  5.369176E+00 -5.795165E+00  4.783667E+00 -4.920217E+00  5.805816E+00
  5.440 -8.468008E+00  8.632083E+00 -7.648072E+00  1.015377E+01 -1.058377E+01  1.012062E+01 -4.320755E+00  5.424767E+00 -5.708559E+00  4.630255E+00 -4.827581E+00  5.837914E+00
  5.460 -8.440264E+00  8.627973E+00 -7.712279E+00  1.035760E+01 -1.039570E+01  1.004120E+01 -4.388018E+00  5.468521E+00 -5.615333E+00  4.501197E+00 -4.772195E+00  5.906241E+00
  5.480 -8.421151E+00  8.623105E+00 -7.834778E+00  1.055214E+01 -1.024855E+01  1.000996E+01 -4.470649E+00  5.496263E+00 -5.522804E+00  4.392307E+00 -4.762252E+00  5.995824E+00
  5.500 -8.410885E+00  8.614015E+00 -8.014268E+00  1.072376E+01 -1.014951E+01  1.000609E+01 -4.563336E+00  5.505956E+00 -5.434566E+00  4.297118E+00 -4.800479E+00  6.091315E+00
  5.520 -8.407114E+00  8.597644E+00 -8.246513E+00  1.085875E+01 -1.009683E+01  1.001087E+01 -4.660980E+00  5.497626E+00 -5.349788E+00  4.209431E+00 -4.885166E+00  6.178556E+00
  5.540 -8.405989E+00  8.573174E+00 -8.523702E+00  1.094368E+01 -1.008312E+01  1.001115E+01 -4.759592E+00  5.473057E+00 -5.264322E+00  4.125982E+00 -5.011326E+00  6.245319E+00
  5.560 -8.404299E+00  8.542322E+00 -8.833724E+00  1.096643E+01 -1.009979E+01  9.999977E+00 -4.857019E+00  5.434869E+00 -5.173395E+00  4.047783E+00 -5.171529E+00  6.281447E+00
  5.580 -8.400907E+00  8.507907E+00 -9.159853E+00  1.091824E+01 -1.014010E+01  9.974294E+00 -4.952883E+00  5.385262E+00 -5.074463E+00  3.979374E+00 -5.356164E+00  6.278956E+00
  5.600 -8.396531E+00  8.472104E+00 -9.481903E+00  1.079632E+01 -1.019935E+01  9.932068E+00 -5.047746E+00  5.325214E+00 -4.968808E+00  3.926546E+00 -5.553544E+00  6.232723E+00
  5.620 -8.392565E+00  8.435689E+00 -9.779520E+00  1.060571E+01 -1.027343E+01  9.871117E+00 -5.142196E+00  5.254399E+00 -4.861415E+00  3.893785E+00 -5.750780E+00  6.141638E+00
  5.640 -8.390090E+00  8.398271E+00 -1.003632E+01  1.035837E+01 -1.035786E+01  9.789701E+00 -5.236205E+00  5.171456E+00 -4.759494E+00  3.882383E+00 -5.935748E+00  6.009117E+00
  5.660 -8.389427E+00  8.358768E+00 -1.024230E+01  1.006974E+01 -1.044836E+01  9.687065E+00 -5.328622E+00  5.074343E+00 -4.670318E+00  3.889761E+00 -6.099184E+00  5.842070E+00
  5.680 -8.389876E+00  8.315832E+00 -1.039331E+01  9.755131E+00 -1.054150E+01  9.562607E+00 -5.416668E+00  4.960970E+00 -4.599114E+00  3.910035E+00 -6.235543E+00  5.648707E+00
  5.700 -8.389452E+00  8.268391E+00 -1.048870E+01  9.428054E+00 -1.063379E+01  9.414489E+00 -5.495812E+00  4.830296E+00 -4.547627E+00  3.935584E+00 -6.342125E+00  5.436596E+00
  5.720 -8.384877E+00  8.216562E+00 -1.052958E+01  9.100856E+00 -1.071920E+01  9.239886E+00 -5.560471E+00  4.683509E+00 -4.513669E+00  3.959088E+00 -6.417367E+00  5.212200E+00
  5.740 -8.372243E+00  8.162711E+00 -1.051894E+01  8.785870E+00 -1.078750E+01  9.037967E+00 -5.605519E+00  4.524537E+00 -4.491750E+00  3.975577E+00 -6.459827E+00  4.981913E+00
  5.760 -8.348518E+00  8.112072E+00 -1.046297E+01  8.495339E+00 -1.082585E+01  8.814037E+00 -5.627812E+00  4.359397E+00 -4.474731E+00  3.983976E+00 -6.468761E+00  4.753339E+00
  5.780 -8.313468E+00  8.072224E+00 -1.037193E+01  8.239675E+00 -1.082375E+01  8.581531E+00 -5.626883E+00  4.194789E+00 -4.456226E+00  3.987576E+00 -6.445800E+00  4.535369E+00
  5.800 -8.270959E+00  8.051294E+00 -1.025942E+01  8.025116E+00 -1.077855E+01  8.359718E+00 -5.604622E+00  4.036769E+00 -4.432988E+00  3.993035E+00 -6.396257E+00  4.336601E+00
  5.820 -8.228853E+00  8.055750E+00 -1.013989E+01  7.852310E+00 -1.069821E+01  8.168031E+00 -5.564432E+00  3.890140E+00 -4.406320E+00  4.008195E+00 -6.328876E+00  4.163046E+00
  5.840 -8.197866E+00  8.088948E+00 -1.002578E+01  7.716803E+00 -1.059974E+01  8.020054E+00 -5.510652E+00  3.758529E+00 -4.382117E+00  4.039611E+00 -6.254084E+00  4.016517E+00
  5.860 -8.190530E+00  8.150531E+00 -9.925726E+00  7.611215E+00 -1.050484E+01  7.919758E+00 -5.448610E+00  3.644450E+00 -4.369859E+00  4.090496E+00 -6.181730E+00  3.894367E+00
  5.880 -8.220611E+00  8.235614E+00 -9.844646E+00  7.527776E+00 -1.043448E+01  7.860776E+00 -5.384809E+00  3.548650E+00 -4.381011E+00  4.159158E+00 -6.119188E+00  3.790352E+00
  5.900 -8.301832E+00  8.333085E+00 -9.785431E+00  7.459643E+00 -1.040437E+01  7.828255E+00 -5.326236E+00  3.468909E+00 -4.426658E+00  4.237879E+00 -6.070075E+00  3.696125E+00
  5.920 -8.444485E+00  8.424182E+00 -9.750479E+00  7.400350E+00 -1.042184E+01  7.802518E+00 -5.278423E+00  3.399447E+00 -4.514172E+00  4.312973E+00 -6.033657E+00  3.603211E+00
  5.940 -8.650303E+00  8.483733E+00 -9.741737E+00  7.342340E+00 -1.048502E+01  7.763639E+00 -5.243114E+00  3.332017E+00 -4.643792E+00  4.367110E+00 -6.005312E+00  3.505268E+00
  5.960 -8.908347E+00  8.485466E+00 -9.759132E+00  7.276266E+00 -1.058456E+01  7.695612E+00 -5.217072E+00  3.258617E+00 -4.807108E+00  4.383864E+00 -5.978361E+00  3.399926E+00
  5.980 -9.195307E+00  8.409827E+00 -9.798713E+00  7.192096E+00 -1.070702E+01  7.588637E+00 -5.193008E+00  3.174595E+00 -4.988887E+00  4.352520E+00 -5.946884E+00  3.289146E+00
