# RPA complex dielectric tensor (red. coord.) without local fields
# Tolerance =  0.0200 0.0200
# npweps  = 59
# npwwfn  = 137
# nbands  = 6
# loband  = 2
# nkibz   = 64
# nkbz    = 64
# Lorentzian broadening =  0.1500 [eV]
# omega [eV] RE(eps_11) IM(eps_11) RE(eps_22)IM(eps_22) RE(eps_33) IM(eps_33) RE(eps_12) IM(eps_12)RE(eps_13) IM(eps_13) RE(eps_23) IM(eps_23))
  0.000  2.193909E+01  0.000000E+00  1.957792E+01  0.000000E+00  1.618446E+01  0.000000E+00  9.228050E+00  0.000000E+00  8.965399E+00  0.000000E+00  6.867533E+00  0.000000E+00
  0.020  2.193979E+01  1.049760E-02  1.957849E+01  8.706514E-03  1.618488E+01  6.392423E-03  9.228316E+00  4.029663E-03  8.965655E+00  3.877930E-03  6.867683E+00  2.260604E-03
  0.040  2.194187E+01  2.099991E-02  1.958022E+01  1.741672E-02  1.618615E+01  1.278731E-02  9.229116E+00  8.061039E-03  8.966425E+00  7.757491E-03  6.868132E+00  4.521902E-03
  0.060  2.194534E+01  3.151167E-02  1.958310E+01  2.613430E-02  1.618826E+01  1.918713E-02  9.230449E+00  1.209584E-02  8.967708E+00  1.164032E-02  6.868882E+00  6.784587E-03
  0.080  2.195020E+01  4.203759E-02  1.958713E+01  3.486297E-02  1.619123E+01  2.559436E-02  9.232316E+00  1.613580E-02  8.969504E+00  1.552804E-02  6.869931E+00  9.049355E-03
  0.100  2.195646E+01  5.258244E-02  1.959232E+01  4.360643E-02  1.619504E+01  3.201148E-02  9.234717E+00  2.018262E-02  8.971816E+00  1.942231E-02  6.871281E+00  1.131690E-02
  0.120  2.196410E+01  6.315098E-02  1.959867E+01  5.236842E-02  1.619970E+01  3.844098E-02  9.237655E+00  2.423805E-02  8.974643E+00  2.332477E-02  6.872932E+00  1.358793E-02
  0.140  2.197315E+01  7.374802E-02  1.960618E+01  6.115269E-02  1.620522E+01  4.488536E-02  9.241129E+00  2.830383E-02  8.977987E+00  2.723709E-02  6.874884E+00  1.586313E-02
  0.160  2.198361E+01  8.437839E-02  1.961485E+01  6.996301E-02  1.621159E+01  5.134715E-02  9.245142E+00  3.238172E-02  8.981849E+00  3.116092E-02  6.877137E+00  1.814322E-02
  0.180  2.199546E+01  9.504698E-02  1.962468E+01  7.880321E-02  1.621881E+01  5.782889E-02  9.249695E+00  3.647349E-02  8.986231E+00  3.509797E-02  6.879694E+00  2.042891E-02
  0.200  2.200874E+01  1.057587E-01  1.963569E+01  8.767711E-02  1.622690E+01  6.433313E-02  9.254791E+00  4.058091E-02  8.991134E+00  3.904992E-02  6.882554E+00  2.272089E-02
  0.220  2.202343E+01  1.165185E-01  1.964788E+01  9.658861E-02  1.623584E+01  7.086246E-02  9.260430E+00  4.470581E-02  8.996561E+00  4.301850E-02  6.885718E+00  2.501991E-02
  0.240  2.203954E+01  1.273315E-01  1.966124E+01  1.055416E-01  1.624565E+01  7.741950E-02  9.266616E+00  4.885000E-02  9.002514E+00  4.700543E-02  6.889187E+00  2.732667E-02
  0.260  2.205709E+01  1.382028E-01  1.967580E+01  1.145401E-01  1.625634E+01  8.400688E-02  9.273351E+00  5.301533E-02  9.008996E+00  5.101249E-02  6.892963E+00  2.964191E-02
  0.280  2.207608E+01  1.491374E-01  1.969154E+01  1.235882E-01  1.626789E+01  9.062728E-02  9.280639E+00  5.720368E-02  9.016008E+00  5.504144E-02  6.897046E+00  3.196636E-02
  0.300  2.209652E+01  1.601408E-01  1.970849E+01  1.326898E-01  1.628033E+01  9.728342E-02  9.288482E+00  6.141696E-02  9.023555E+00  5.909411E-02  6.901438E+00  3.430077E-02
  0.320  2.211842E+01  1.712182E-01  1.972664E+01  1.418493E-01  1.629364E+01  1.039780E-01  9.296883E+00  6.565709E-02  9.031640E+00  6.317232E-02  6.906140E+00  3.664589E-02
  0.340  2.214178E+01  1.823750E-01  1.974600E+01  1.510707E-01  1.630785E+01  1.107139E-01  9.305847E+00  6.992604E-02  9.040265E+00  6.727794E-02  6.911153E+00  3.900248E-02
  0.360  2.216663E+01  1.936169E-01  1.976659E+01  1.603584E-01  1.632295E+01  1.174939E-01  9.315376E+00  7.422581E-02  9.049435E+00  7.141287E-02  6.916479E+00  4.137130E-02
  0.380  2.219296E+01  2.049493E-01  1.978841E+01  1.697168E-01  1.633895E+01  1.243210E-01  9.325477E+00  7.855845E-02  9.059153E+00  7.557906E-02  6.922121E+00  4.375314E-02
  0.400  2.222080E+01  2.163782E-01  1.981148E+01  1.791503E-01  1.635585E+01  1.311979E-01  9.336151E+00  8.292604E-02  9.069423E+00  7.977846E-02  6.928078E+00  4.614879E-02
  0.420  2.225015E+01  2.279094E-01  1.983579E+01  1.886635E-01  1.637367E+01  1.381278E-01  9.347406E+00  8.733069E-02  9.080251E+00  8.401310E-02  6.934354E+00  4.855905E-02
  0.440  2.228104E+01  2.395488E-01  1.986137E+01  1.982610E-01  1.639241E+01  1.451137E-01  9.359244E+00  9.177459E-02  9.091641E+00  8.828504E-02  6.940951E+00  5.098473E-02
  0.460  2.231346E+01  2.513028E-01  1.988822E+01  2.079477E-01  1.641207E+01  1.521587E-01  9.371672E+00  9.625996E-02  9.103598E+00  9.259639E-02  6.947870E+00  5.342665E-02
  0.480  2.234745E+01  2.631775E-01  1.991635E+01  2.177283E-01  1.643267E+01  1.592660E-01  9.384696E+00  1.007891E-01  9.116127E+00  9.694929E-02  6.955113E+00  5.588566E-02
  0.500  2.238301E+01  2.751795E-01  1.994578E+01  2.276080E-01  1.645421E+01  1.664389E-01  9.398320E+00  1.053643E-01  9.129233E+00  1.013460E-01  6.962683E+00  5.836260E-02
  0.520  2.242016E+01  2.873154E-01  1.997653E+01  2.375917E-01  1.647671E+01  1.736807E-01  9.412551E+00  1.099879E-01  9.142923E+00  1.057886E-01  6.970583E+00  6.085834E-02
  0.540  2.245893E+01  2.995921E-01  2.000860E+01  2.476848E-01  1.650017E+01  1.809949E-01  9.427396E+00  1.146625E-01  9.157203E+00  1.102797E-01  6.978814E+00  6.337377E-02
  0.560  2.249932E+01  3.120165E-01  2.004201E+01  2.578927E-01  1.652460E+01  1.883848E-01  9.442862E+00  1.193906E-01  9.172078E+00  1.148215E-01  6.987380E+00  6.590978E-02
  0.580  2.254136E+01  3.245960E-01  2.007677E+01  2.682208E-01  1.655001E+01  1.958542E-01  9.458954E+00  1.241747E-01  9.187557E+00  1.194165E-01  6.996283E+00  6.846729E-02
  0.600  2.258507E+01  3.373379E-01  2.011290E+01  2.786751E-01  1.657641E+01  2.034068E-01  9.475682E+00  1.290175E-01  9.203645E+00  1.240672E-01  7.005527E+00  7.104724E-02
  0.620  2.263047E+01  3.502499E-01  2.015043E+01  2.892612E-01  1.660382E+01  2.110463E-01  9.493053E+00  1.339219E-01  9.220351E+00  1.287762E-01  7.015113E+00  7.365058E-02
  0.640  2.267758E+01  3.633401E-01  2.018935E+01  2.999853E-01  1.663224E+01  2.187766E-01  9.511074E+00  1.388905E-01  9.237681E+00  1.335463E-01  7.025046E+00  7.627828E-02
  0.660  2.272643E+01  3.766164E-01  2.022970E+01  3.108537E-01  1.666169E+01  2.266018E-01  9.529755E+00  1.439265E-01  9.255645E+00  1.383801E-01  7.035328E+00  7.893134E-02
  0.680  2.277704E+01  3.900875E-01  2.027150E+01  3.218728E-01  1.669217E+01  2.345260E-01  9.549104E+00  1.490327E-01  9.274251E+00  1.432805E-01  7.045963E+00  8.161077E-02
  0.700  2.282944E+01  4.037621E-01  2.031475E+01  3.330492E-01  1.672371E+01  2.425535E-01  9.569131E+00  1.542124E-01  9.293507E+00  1.482505E-01  7.056954E+00  8.431761E-02
  0.720  2.288365E+01  4.176493E-01  2.035949E+01  3.443899E-01  1.675632E+01  2.506886E-01  9.589845E+00  1.594688E-01  9.313422E+00  1.532932E-01  7.068306E+00  8.705292E-02
  0.740  2.293970E+01  4.317583E-01  2.040573E+01  3.559021E-01  1.679000E+01  2.589360E-01  9.611257E+00  1.648053E-01  9.334007E+00  1.584116E-01  7.080021E+00  8.981780E-02
  0.760  2.299763E+01  4.460990E-01  2.045351E+01  3.675930E-01  1.682479E+01  2.673003E-01  9.633377E+00  1.702253E-01  9.355271E+00  1.636090E-01  7.092105E+00  9.261335E-02
  0.780  2.305746E+01  4.606815E-01  2.050283E+01  3.794704E-01  1.686068E+01  2.757864E-01  9.656216E+00  1.757324E-01  9.377225E+00  1.688889E-01  7.104560E+00  9.544072E-02
  0.800  2.311922E+01  4.755163E-01  2.055373E+01  3.915422E-01  1.689770E+01  2.843993E-01  9.679785E+00  1.813304E-01  9.399880E+00  1.742547E-01  7.117392E+00  9.830108E-02
  0.820  2.318295E+01  4.906142E-01  2.060623E+01  4.038166E-01  1.693586E+01  2.931441E-01  9.704098E+00  1.870231E-01  9.423247E+00  1.797101E-01  7.130604E+00  1.011956E-01
  0.840  2.324868E+01  5.059865E-01  2.066036E+01  4.163023E-01  1.697518E+01  3.020264E-01  9.729165E+00  1.928147E-01  9.447337E+00  1.852588E-01  7.144201E+00  1.041256E-01
  0.860  2.331645E+01  5.216452E-01  2.071615E+01  4.290080E-01  1.701569E+01  3.110516E-01  9.755001E+00  1.987094E-01  9.472164E+00  1.909048E-01  7.158188E+00  1.070922E-01
  0.880  2.338630E+01  5.376023E-01  2.077362E+01  4.419431E-01  1.705739E+01  3.202255E-01  9.781619E+00  2.047114E-01  9.497740E+00  1.966521E-01  7.172570E+00  1.100968E-01
  0.900  2.345826E+01  5.538709E-01  2.083281E+01  4.551172E-01  1.710031E+01  3.295542E-01  9.809032E+00  2.108254E-01  9.524078E+00  2.025051E-01  7.187352E+00  1.131408E-01
  0.920  2.353238E+01  5.704640E-01  2.089374E+01  4.685402E-01  1.714447E+01  3.390438E-01  9.837256E+00  2.170561E-01  9.551192E+00  2.084681E-01  7.202539E+00  1.162254E-01
  0.940  2.360869E+01  5.873958E-01  2.095646E+01  4.822226E-01  1.718989E+01  3.487010E-01  9.866307E+00  2.234085E-01  9.579097E+00  2.145457E-01  7.218136E+00  1.193520E-01
  0.960  2.368725E+01  6.046807E-01  2.102098E+01  4.961754E-01  1.723659E+01  3.585323E-01  9.896199E+00  2.298878E-01  9.607808E+00  2.207427E-01  7.234149E+00  1.225222E-01
  0.980  2.376810E+01  6.223340E-01  2.108736E+01  5.104099E-01  1.728459E+01  3.685449E-01  9.926950E+00  2.364993E-01  9.637341E+00  2.270643E-01  7.250585E+00  1.257375E-01
  1.000  2.385129E+01  6.403715E-01  2.115563E+01  5.249379E-01  1.733392E+01  3.787460E-01  9.958577E+00  2.432488E-01  9.667711E+00  2.335155E-01  7.267448E+00  1.289993E-01
  1.020  2.393687E+01  6.588097E-01  2.122582E+01  5.397718E-01  1.738461E+01  3.891433E-01  9.991098E+00  2.501421E-01  9.698937E+00  2.401018E-01  7.284745E+00  1.323091E-01
  1.040  2.402488E+01  6.776663E-01  2.129798E+01  5.549247E-01  1.743668E+01  3.997446E-01  1.002453E+01  2.571854E-01  9.731035E+00  2.468291E-01  7.302483E+00  1.356688E-01
  1.060  2.411540E+01  6.969593E-01  2.137214E+01  5.704101E-01  1.749015E+01  4.105583E-01  1.005890E+01  2.643853E-01  9.764025E+00  2.537032E-01  7.320667E+00  1.390799E-01
  1.080  2.420846E+01  7.167080E-01  2.144835E+01  5.862422E-01  1.754506E+01  4.215930E-01  1.009422E+01  2.717485E-01  9.797925E+00  2.607304E-01  7.339306E+00  1.425441E-01
  1.100  2.430414E+01  7.369323E-01  2.152666E+01  6.024358E-01  1.760143E+01  4.328577E-01  1.013051E+01  2.792822E-01  9.832755E+00  2.679174E-01  7.358406E+00  1.460632E-01
  1.120  2.440249E+01  7.576534E-01  2.160712E+01  6.190067E-01  1.765929E+01  4.443620E-01  1.016780E+01  2.869939E-01  9.868537E+00  2.752709E-01  7.377974E+00  1.496391E-01
  1.140  2.450359E+01  7.788935E-01  2.168977E+01  6.359713E-01  1.771868E+01  4.561155E-01  1.020612E+01  2.948915E-01  9.905293E+00  2.827982E-01  7.398018E+00  1.532736E-01
  1.160  2.460749E+01  8.006759E-01  2.177466E+01  6.533466E-01  1.777963E+01  4.681288E-01  1.024547E+01  3.029832E-01  9.943044E+00  2.905068E-01  7.418546E+00  1.569687E-01
  1.180  2.471427E+01  8.230251E-01  2.186185E+01  6.711509E-01  1.784216E+01  4.804125E-01  1.028590E+01  3.112779E-01  9.981815E+00  2.984048E-01  7.439565E+00  1.607263E-01
  1.200  2.482400E+01  8.459669E-01  2.195139E+01  6.894032E-01  1.790633E+01  4.929782E-01  1.032742E+01  3.197847E-01  1.002163E+01  3.065005E-01  7.461084E+00  1.645487E-01
  1.220  2.493676E+01  8.695286E-01  2.204335E+01  7.081235E-01  1.797216E+01  5.058376E-01  1.037006E+01  3.285133E-01  1.006252E+01  3.148027E-01  7.483112E+00  1.684379E-01
  1.240  2.505263E+01  8.937390E-01  2.213778E+01  7.273329E-01  1.803969E+01  5.190034E-01  1.041386E+01  3.374741E-01  1.010450E+01  3.233207E-01  7.505658E+00  1.723960E-01
  1.260  2.517169E+01  9.186284E-01  2.223474E+01  7.470538E-01  1.810896E+01  5.324885E-01  1.045884E+01  3.466777E-01  1.014761E+01  3.320643E-01  7.528730E+00  1.764255E-01
  1.280  2.529403E+01  9.442289E-01  2.233432E+01  7.673095E-01  1.818002E+01  5.463070E-01  1.050503E+01  3.561358E-01  1.019187E+01  3.410438E-01  7.552338E+00  1.805286E-01
  1.300  2.541975E+01  9.705745E-01  2.243656E+01  7.881250E-01  1.825290E+01  5.604731E-01  1.055247E+01  3.658603E-01  1.023732E+01  3.502701E-01  7.576492E+00  1.847078E-01
  1.320  2.554894E+01  9.977010E-01  2.254155E+01  8.095265E-01  1.832766E+01  5.750024E-01  1.060120E+01  3.758642E-01  1.028398E+01  3.597546E-01  7.601202E+00  1.889657E-01
  1.340  2.568170E+01  1.025647E+00  2.264936E+01  8.315416E-01  1.840434E+01  5.899108E-01  1.065124E+01  3.861610E-01  1.033190E+01  3.695096E-01  7.626479E+00  1.933047E-01
  1.360  2.581814E+01  1.054451E+00  2.276007E+01  8.541999E-01  1.848299E+01  6.052155E-01  1.070263E+01  3.967653E-01  1.038110E+01  3.795479E-01  7.652333E+00  1.977276E-01
  1.380  2.595836E+01  1.084159E+00  2.287377E+01  8.775324E-01  1.856366E+01  6.209343E-01  1.075542E+01  4.076924E-01  1.043162E+01  3.898832E-01  7.678775E+00  2.022372E-01
  1.400  2.610249E+01  1.114813E+00  2.299053E+01  9.015723E-01  1.864640E+01  6.370862E-01  1.080965E+01  4.189585E-01  1.048351E+01  4.005299E-01  7.705817E+00  2.068363E-01
  1.420  2.625065E+01  1.146464E+00  2.311046E+01  9.263546E-01  1.873128E+01  6.536912E-01  1.086535E+01  4.305813E-01  1.053679E+01  4.115032E-01  7.733471E+00  2.115279E-01
  1.440  2.640296E+01  1.179163E+00  2.323365E+01  9.519167E-01  1.881835E+01  6.707706E-01  1.092258E+01  4.425791E-01  1.059152E+01  4.228196E-01  7.761749E+00  2.163151E-01
  1.460  2.655955E+01  1.212964E+00  2.336019E+01  9.782982E-01  1.890766E+01  6.883468E-01  1.098139E+01  4.549718E-01  1.064774E+01  4.344963E-01  7.790664E+00  2.212010E-01
  1.480  2.672058E+01  1.247926E+00  2.349020E+01  1.005541E+00  1.899930E+01  7.064436E-01  1.104182E+01  4.677806E-01  1.070548E+01  4.465517E-01  7.820229E+00  2.261888E-01
  1.500  2.688618E+01  1.284112E+00  2.362378E+01  1.033692E+00  1.909331E+01  7.250862E-01  1.110392E+01  4.810281E-01  1.076482E+01  4.590054E-01  7.850457E+00  2.312820E-01
  1.520  2.705652E+01  1.321589E+00  2.376105E+01  1.062797E+00  1.918978E+01  7.443016E-01  1.116776E+01  4.947386E-01  1.082578E+01  4.718783E-01  7.881362E+00  2.364841E-01
  1.540  2.723176E+01  1.360427E+00  2.390213E+01  1.092908E+00  1.928878E+01  7.641182E-01  1.123339E+01  5.089382E-01  1.088843E+01  4.851927E-01  7.912960E+00  2.417986E-01
  1.560  2.741206E+01  1.400704E+00  2.404715E+01  1.124082E+00  1.939038E+01  7.845664E-01  1.130087E+01  5.236548E-01  1.095283E+01  4.989725E-01  7.945264E+00  2.472293E-01
  1.580  2.759762E+01  1.442501E+00  2.419625E+01  1.156376E+00  1.949466E+01  8.056785E-01  1.137027E+01  5.389185E-01  1.101902E+01  5.132431E-01  7.978291E+00  2.527799E-01
  1.600  2.778862E+01  1.485908E+00  2.434956E+01  1.189854E+00  1.960172E+01  8.274890E-01  1.144166E+01  5.547618E-01  1.108708E+01  5.280319E-01  8.012056E+00  2.584544E-01
  1.620  2.798527E+01  1.531019E+00  2.450723E+01  1.224584E+00  1.971163E+01  8.500347E-01  1.151511E+01  5.712196E-01  1.115707E+01  5.433680E-01  8.046576E+00  2.642569E-01
  1.640  2.818777E+01  1.577936E+00  2.466943E+01  1.260639E+00  1.982450E+01  8.733550E-01  1.159069E+01  5.883299E-01  1.122907E+01  5.592830E-01  8.081867E+00  2.701916E-01
  1.660  2.839637E+01  1.626770E+00  2.483632E+01  1.298099E+00  1.994042E+01  8.974920E-01  1.166849E+01  6.061335E-01  1.130313E+01  5.758105E-01  8.117949E+00  2.762627E-01
  1.680  2.861129E+01  1.677640E+00  2.500807E+01  1.337047E+00  2.005949E+01  9.224908E-01  1.174859E+01  6.246750E-01  1.137934E+01  5.929869E-01  8.154837E+00  2.824747E-01
  1.700  2.883279E+01  1.730675E+00  2.518487E+01  1.377578E+00  2.018183E+01  9.483998E-01  1.183108E+01  6.440027E-01  1.145779E+01  6.108514E-01  8.192553E+00  2.888321E-01
  1.720  2.906114E+01  1.786013E+00  2.536692E+01  1.419789E+00  2.030755E+01  9.752710E-01  1.191606E+01  6.641691E-01  1.153855E+01  6.294460E-01  8.231114E+00  2.953396E-01
  1.740  2.929662E+01  1.843808E+00  2.555442E+01  1.463789E+00  2.043677E+01  1.003160E+00  1.200364E+01  6.852316E-01  1.162172E+01  6.488166E-01  8.270542E+00  3.020017E-01
  1.760  2.953953E+01  1.904223E+00  2.574760E+01  1.509695E+00  2.056962E+01  1.032128E+00  1.209391E+01  7.072531E-01  1.170739E+01  6.690124E-01  8.310856E+00  3.088235E-01
  1.780  2.979020E+01  1.967438E+00  2.594668E+01  1.557635E+00  2.070623E+01  1.062240E+00  1.218700E+01  7.303024E-01  1.179567E+01  6.900870E-01  8.352079E+00  3.158097E-01
  1.800  3.004895E+01  2.033648E+00  2.615193E+01  1.607748E+00  2.084675E+01  1.093564E+00  1.228303E+01  7.544549E-01  1.188667E+01  7.120985E-01  8.394232E+00  3.229655E-01
  1.820  3.031617E+01  2.103068E+00  2.636359E+01  1.660188E+00  2.099133E+01  1.126179E+00  1.238212E+01  7.797938E-01  1.198049E+01  7.351100E-01  8.437338E+00  3.302957E-01
  1.840  3.059222E+01  2.175931E+00  2.658194E+01  1.715119E+00  2.114012E+01  1.160166E+00  1.248442E+01  8.064111E-01  1.207727E+01  7.591903E-01  8.481422E+00  3.378055E-01
  1.860  3.087753E+01  2.252495E+00  2.680730E+01  1.772725E+00  2.129330E+01  1.195614E+00  1.259008E+01  8.344084E-01  1.217713E+01  7.844146E-01  8.526507E+00  3.454998E-01
  1.880  3.117252E+01  2.333042E+00  2.703997E+01  1.833209E+00  2.145104E+01  1.232621E+00  1.269925E+01  8.638986E-01  1.228021E+01  8.108649E-01  8.572618E+00  3.533838E-01
  1.900  3.147768E+01  2.417885E+00  2.728028E+01  1.896791E+00  2.161354E+01  1.271292E+00  1.281210E+01  8.950073E-01  1.238665E+01  8.386311E-01  8.619782E+00  3.614623E-01
  1.920  3.179349E+01  2.507367E+00  2.752861E+01  1.963717E+00  2.178100E+01  1.311744E+00  1.292882E+01  9.278749E-01  1.249662E+01  8.678118E-01  8.668026E+00  3.697402E-01
  1.940  3.212049E+01  2.601871E+00  2.778533E+01  2.034261E+00  2.195363E+01  1.354104E+00  1.304959E+01  9.626586E-01  1.261029E+01  8.985155E-01  8.717376E+00  3.782220E-01
  1.960  3.245925E+01  2.701821E+00  2.805086E+01  2.108725E+00  2.213167E+01  1.398509E+00  1.317462E+01  9.995352E-01  1.272782E+01  9.308619E-01  8.767862E+00  3.869121E-01
  1.980  3.281038E+01  2.807691E+00  2.832563E+01  2.187447E+00  2.231535E+01  1.445112E+00  1.330414E+01  1.038704E+00  1.284941E+01  9.649829E-01  8.819513E+00  3.958144E-01
  2.000  3.317455E+01  2.920008E+00  2.861012E+01  2.270807E+00  2.250493E+01  1.494082E+00  1.343838E+01  1.080392E+00  1.297528E+01  1.001025E+00  8.872359E+00  4.049324E-01
  2.020  3.355245E+01  3.039366E+00  2.890481E+01  2.359229E+00  2.270070E+01  1.545603E+00  1.357759E+01  1.124855E+00  1.310563E+01  1.039150E+00  8.926431E+00  4.142691E-01
  2.040  3.394484E+01  3.166430E+00  2.921026E+01  2.453193E+00  2.290294E+01  1.599881E+00  1.372205E+01  1.172387E+00  1.324070E+01  1.079540E+00  8.981761E+00  4.238264E-01
  2.060  3.435251E+01  3.301954E+00  2.952703E+01  2.553242E+00  2.311198E+01  1.657143E+00  1.387203E+01  1.223325E+00  1.338075E+01  1.122395E+00  9.038382E+00  4.336055E-01
  2.080  3.477635E+01  3.446789E+00  2.985573E+01  2.659992E+00  2.332816E+01  1.717642E+00  1.402785E+01  1.278055E+00  1.352605E+01  1.167941E+00  9.096327E+00  4.436063E-01
  2.100  3.521726E+01  3.601905E+00  3.019701E+01  2.774147E+00  2.355183E+01  1.781660E+00  1.418982E+01  1.337027E+00  1.367689E+01  1.216431E+00  9.155631E+00  4.538271E-01
  2.120  3.567624E+01  3.768408E+00  3.055157E+01  2.896512E+00  2.378338E+01  1.849514E+00  1.435829E+01  1.400761E+00  1.383358E+01  1.268151E+00  9.216329E+00  4.642643E-01
  2.140  3.615433E+01  3.947567E+00  3.092012E+01  3.028014E+00  2.402324E+01  1.921558E+00  1.453360E+01  1.469865E+00  1.399646E+01  1.323423E+00  9.278457E+00  4.749123E-01
  2.160  3.665265E+01  4.140840E+00  3.130344E+01  3.169724E+00  2.427185E+01  1.998190E+00  1.471610E+01  1.545054E+00  1.416590E+01  1.382610E+00  9.342052E+00  4.857623E-01
  2.180  3.717237E+01  4.349913E+00  3.170231E+01  3.322884E+00  2.452969E+01  2.079863E+00  1.490616E+01  1.627167E+00  1.434228E+01  1.446129E+00  9.407150E+00  4.968021E-01
  2.200  3.771470E+01  4.576744E+00  3.211755E+01  3.488944E+00  2.479727E+01  2.167088E+00  1.510410E+01  1.717198E+00  1.452602E+01  1.514452E+00  9.473790E+00  5.080154E-01
  2.220  3.828087E+01  4.823610E+00  3.254997E+01  3.669598E+00  2.507515E+01  2.260446E+00  1.531022E+01  1.816326E+00  1.471759E+01  1.588121E+00  9.542009E+00  5.193804E-01
  2.240  3.887215E+01  5.093174E+00  3.300033E+01  3.866834E+00  2.536391E+01  2.360603E+00  1.552475E+01  1.925956E+00  1.491744E+01  1.667760E+00  9.611846E+00  5.308690E-01
  2.260  3.948971E+01  5.388554E+00  3.346934E+01  4.082992E+00  2.566419E+01  2.468323E+00  1.574778E+01  2.047756E+00  1.512611E+01  1.754089E+00  9.683337E+00  5.424449E-01
  2.280  4.013464E+01  5.713409E+00  3.395753E+01  4.320822E+00  2.597667E+01  2.584483E+00  1.597921E+01  2.183714E+00  1.534413E+01  1.847940E+00  9.756521E+00  5.540619E-01
  2.300  4.080775E+01  6.072027E+00  3.446516E+01  4.583554E+00  2.630204E+01  2.710101E+00  1.621862E+01  2.336178E+00  1.557207E+01  1.950285E+00  9.831433E+00  5.656608E-01
  2.320  4.150948E+01  6.469413E+00  3.499207E+01  4.874953E+00  2.664107E+01  2.846356E+00  1.646510E+01  2.507900E+00  1.581054E+01  2.062254E+00  9.908107E+00  5.771665E-01
  2.340  4.223959E+01  6.911357E+00  3.553745E+01  5.199354E+00  2.699453E+01  2.994628E+00  1.671703E+01  2.702034E+00  1.606013E+01  2.185176E+00  9.986572E+00  5.884827E-01
  2.360  4.299685E+01  7.404441E+00  3.609944E+01  5.561625E+00  2.736322E+01  3.156528E+00  1.697174E+01  2.922077E+00  1.632146E+01  2.320609E+00  1.006686E+01  5.994846E-01
  2.380  4.377855E+01  7.955921E+00  3.667480E+01  5.966997E+00  2.774796E+01  3.333955E+00  1.722505E+01  3.171653E+00  1.659509E+01  2.470387E+00  1.014898E+01  6.100092E-01
  2.400  4.457993E+01  8.573367E+00  3.725826E+01  6.420650E+00  2.814952E+01  3.529146E+00  1.747077E+01  3.454046E+00  1.688152E+01  2.636673E+00  1.023295E+01  6.198397E-01
  2.420  4.539358E+01  9.263892E+00  3.784207E+01  6.926873E+00  2.856860E+01  3.744752E+00  1.770017E+01  3.771305E+00  1.718115E+01  2.822012E+00  1.031879E+01  6.286824E-01
  2.440  4.620908E+01  1.003279E+01  3.841565E+01  7.487633E+00  2.900575E+01  3.983911E+00  1.790169E+01  4.122721E+00  1.749416E+01  3.029393E+00  1.040650E+01  6.361343E-01
  2.460  4.701330E+01  1.088147E+01  3.896605E+01  8.100444E+00  2.946129E+01  4.250346E+00  1.806147E+01  4.502604E+00  1.782042E+01  3.262308E+00  1.049614E+01  6.416388E-01
  2.480  4.779236E+01  1.180506E+01  3.948006E+01  8.755883E+00  2.993511E+01  4.548453E+00  1.816547E+01  4.897676E+00  1.815939E+01  3.524811E+00  1.058784E+01  6.444354E-01
  2.500  4.853580E+01  1.279086E+01  3.994852E+01  9.435957E+00  3.042646E+01  4.883393E+00  1.820400E+01  5.285307E+00  1.850987E+01  3.821579E+00  1.068193E+01  6.435195E-01
  2.520  4.924279E+01  1.381989E+01  4.037285E+01  1.011561E+01  3.093362E+01  5.261142E+00  1.817841E+01  5.634895E+00  1.886983E+01  4.157977E+00  1.077907E+01  6.376467E-01
  2.540  4.992748E+01  1.487389E+01  4.077087E+01  1.076959E+01  3.145343E+01  5.688452E+00  1.810715E+01  5.914633E+00  1.923594E+01  4.540090E+00  1.088042E+01  6.254161E-01
  2.560  5.061861E+01  1.594663E+01  4.117695E+01  1.138390E+01  3.198072E+01  6.172638E+00  1.802634E+01  6.102888E+00  1.960302E+01  4.974638E+00  1.098774E+01  6.054364E-01
  2.580  5.134991E+01  1.705385E+01  4.163340E+01  1.196605E+01  3.250755E+01  6.721034E+00  1.798145E+01  6.198456E+00  1.996320E+01  5.468532E+00  1.110345E+01  5.765242E-01
  2.600  5.214482E+01  1.823406E+01  4.217615E+01  1.254706E+01  3.302254E+01  7.339928E+00  1.801358E+01  6.222537E+00  2.030505E+01  6.027790E+00  1.123063E+01  5.378750E-01
  2.620  5.300442E+01  1.953894E+01  4.282316E+01  1.317367E+01  3.351059E+01  8.032790E+00  1.814858E+01  6.211120E+00  2.061319E+01  6.655616E+00  1.137296E+01  4.892251E-01
  2.640  5.390458E+01  2.101899E+01  4.357101E+01  1.389678E+01  3.395358E+01  8.797837E+00  1.839448E+01  6.203761E+00  2.086905E+01  7.349764E+00  1.153479E+01  4.310940E-01
  2.660  5.480180E+01  2.271212E+01  4.439811E+01  1.476263E+01  3.433293E+01  9.625582E+00  1.874580E+01  6.235616E+00  2.105367E+01  8.099980E+00  1.172099E+01  3.651451E-01
  2.680  5.564296E+01  2.463896E+01  4.526960E+01  1.580900E+01  3.463447E+01  1.049803E+01  1.918942E+01  6.334873E+00  2.115281E+01  8.887290E+00  1.193657E+01  2.945228E-01
  2.700  5.637403E+01  2.680507E+01  4.614029E+01  1.706418E+01  3.485404E+01  1.139177E+01  1.970865E+01  6.523649E+00  2.116282E+01  9.687510E+00  1.218615E+01  2.239121E-01
  2.720  5.694289E+01  2.920766E+01  4.695546E+01  1.854568E+01  3.500025E+01  1.228579E+01  2.028500E+01  6.819694E+00  2.109322E+01  1.047968E+01  1.247353E+01  1.592358E-01
  2.740  5.729403E+01  3.184048E+01  4.765097E+01  2.025651E+01  3.509000E+01  1.317015E+01  2.089860E+01  7.237740E+00  2.096144E+01  1.125551E+01  1.280177E+01  1.073954E-01
  2.760  5.735893E+01  3.468857E+01  4.815603E+01  2.217861E+01  3.513777E+01  1.404880E+01  2.152809E+01  7.790676E+00  2.078042E+01  1.202213E+01  1.317339E+01  7.667568E-02
  2.780  5.705464E+01  3.771090E+01  4.840167E+01  2.426588E+01  3.514636E+01  1.493253E+01  2.214930E+01  8.490621E+00  2.054753E+01  1.279363E+01  1.358961E+01  7.762070E-02
  2.800  5.630107E+01  4.082237E+01  4.833607E+01  2.644231E+01  3.510686E+01  1.582747E+01  2.273239E+01  9.348708E+00  2.024362E+01  1.357628E+01  1.404838E+01  1.229302E-01
  2.820  5.505366E+01  4.389409E+01  4.794181E+01  2.861166E+01  3.500738E+01  1.672881E+01  2.323854E+01  1.037172E+01  1.984385E+01  1.435797E+01  1.454285E+01  2.252751E-01
  2.840  5.332956E+01  4.678135E+01  4.724424E+01  3.067947E+01  3.484199E+01  1.762415E+01  2.361911E+01  1.155519E+01  1.933227E+01  1.510935E+01  1.506259E+01  3.945903E-01
  2.860  5.120430E+01  4.936485E+01  4.630182E+01  3.257599E+01  3.461222E+01  1.850147E+01  2.382030E+01  1.287524E+01  1.870969E+01  1.579449E+01  1.559630E+01  6.381406E-01
  2.880  4.877901E+01  5.157300E+01  4.518424E+01  3.426452E+01  3.432148E+01  1.935298E+01  2.379355E+01  1.428328E+01  1.799117E+01  1.638124E+01  1.613195E+01  9.634353E-01
  2.900  4.614954E+01  5.336918E+01  4.395640E+01  3.573176E+01  3.397063E+01  2.017155E+01  2.350999E+01  1.570718E+01  1.719951E+01  1.684362E+01  1.665240E+01  1.378825E+00
  2.920  4.340741E+01  5.472639E+01  4.267927E+01  3.697597E+01  3.356007E+01  2.094549E+01  2.297483E+01  1.706198E+01  1.636434E+01  1.715933E+01  1.713183E+01  1.887768E+00
  2.940  4.066327E+01  5.562718E+01  4.141805E+01  3.800843E+01  3.309616E+01  2.165833E+01  2.223464E+01  1.827084E+01  1.552634E+01  1.731210E+01  1.753940E+01  2.480476E+00
  2.960  3.805374E+01  5.609494E+01  4.024053E+01  3.886629E+01  3.259529E+01  2.229471E+01  2.136898E+01  1.929047E+01  1.473705E+01  1.730110E+01  1.784973E+01  3.130942E+00
  2.980  3.570930E+01  5.622307E+01  3.919967E+01  3.962193E+01  3.208196E+01  2.284777E+01  2.046469E+01  2.012721E+01  1.404870E+01  1.714886E+01  1.805310E+01  3.803204E+00
  3.000  3.370295E+01  5.616672E+01  3.830878E+01  4.037577E+01  3.158218E+01  2.332310E+01  1.958364E+01  2.083206E+01  1.350028E+01  1.689878E+01  1.815820E+01  4.463450E+00
  3.020  3.201925E+01  5.609640E+01  3.752450E+01  4.123101E+01  3.111618E+01  2.373745E+01  1.874154E+01  2.147560E+01  1.311031E+01  1.660412E+01  1.818529E+01  5.090250E+00
  3.040  3.056444E+01  5.614493E+01  3.674867E+01  4.226033E+01  3.069402E+01  2.411403E+01  1.790808E+01  2.211663E+01  1.287916E+01  1.631863E+01  1.815470E+01  5.676241E+00
  3.060  2.920383E+01  5.637888E+01  3.584965E+01  4.347839E+01  3.031413E+01  2.447763E+01  1.702430E+01  2.278045E+01  1.279258E+01  1.609494E+01  1.807914E+01  6.221021E+00
  3.080  2.779806E+01  5.679918E+01  3.469510E+01  4.482956E+01  2.996259E+01  2.485002E+01  1.602505E+01  2.345166E+01  1.281838E+01  1.598462E+01  1.796476E+01  6.721841E+00
  3.100  2.622336E+01  5.735370E+01  3.318746E+01  4.619294E+01  2.961326E+01  2.524353E+01  1.485880E+01  2.407713E+01  1.289938E+01  1.602993E+01  1.781898E+01  7.169878E+00
  3.120  2.438122E+01  5.794637E+01  3.129423E+01  4.740526E+01  2.923219E+01  2.565258E+01  1.350454E+01  2.457560E+01  1.295433E+01  1.624615E+01  1.765777E+01  7.555054E+00
  3.140  2.220918E+01  5.844099E+01  2.906267E+01  4.829884E+01  2.878883E+01  2.604746E+01  1.198415E+01  2.485482E+01  1.289391E+01  1.660461E+01  1.750535E+01  7.875360E+00
  3.160  1.969880E+01  5.866715E+01  2.660935E+01  4.874136E+01  2.827219E+01  2.637569E+01  1.036455E+01  2.483457E+01  1.264786E+01  1.702836E+01  1.738563E+01  8.142250E+00
  3.180  1.691932E+01  5.843864E+01  2.409117E+01  4.865866E+01  2.770618E+01  2.657486E+01  8.747263E+00  2.446740E+01  1.219322E+01  1.740596E+01  1.731254E+01  8.376357E+00
  3.200  1.403482E+01  5.759337E+01  2.167717E+01  4.803641E+01  2.715545E+01  2.659583E+01  7.250008E+00  2.375096E+01  1.157130E+01  1.762248E+01  1.728847E+01  8.597273E+00
  3.220  1.129333E+01  5.604954E+01  1.953221E+01  4.691422E+01  2.671439E+01  2.642827E+01  5.985572E+00  2.273131E+01  1.088253E+01  1.759856E+01  1.731164E+01  8.817664E+00
  3.240  8.975488E+00  5.385178E+01  1.780486E+01  4.538380E+01  2.648010E+01  2.611507E+01  5.040548E+00  2.149655E+01  1.025605E+01  1.731971E+01  1.738377E+01  9.046821E+00
  3.260  7.318167E+00  5.117534E+01  1.660937E+01  4.358681E+01  2.652125E+01  2.574624E+01  4.458843E+00  2.016032E+01  9.806999E+00  1.683943E+01  1.751021E+01  9.298480E+00
  3.280  6.451388E+00  4.828003E+01  1.600351E+01  4.170149E+01  2.685830E+01  2.543566E+01  4.236461E+00  1.883849E+01  9.603911E+00  1.625513E+01  1.769337E+01  9.594826E+00
  3.300  6.379386E+00  4.543870E+01  1.597467E+01  3.991498E+01  2.746188E+01  2.529356E+01  4.329622E+00  1.762817E+01  9.660351E+00  1.567361E+01  1.792558E+01  9.963992E+00
  3.320  7.006186E+00  4.287767E+01  1.644378E+01  3.839091E+01  2.826478E+01  2.540714E+01  4.671090E+00  1.659619E+01  9.947159E+00  1.518472E+01  1.818553E+01  1.043363E+01
  3.340  8.181141E+00  4.074973E+01  1.728517E+01  3.724564E+01  2.917737E+01  2.583226E+01  5.186380E+00  1.577850E+01  1.041175E+01  1.485084E+01  1.843880E+01  1.102390E+01
  3.360  9.739239E+00  3.913608E+01  1.835188E+01  3.653887E+01  3.010005E+01  2.659239E+01  5.804461E+00  1.518584E+01  1.099363E+01  1.470807E+01  1.864135E+01  1.174178E+01
  3.380  1.152546E+01  3.806180E+01  1.949815E+01  3.627533E+01  3.093205E+01  2.767940E+01  6.462601E+00  1.481038E+01  1.163271E+01  1.477190E+01  1.874501E+01  1.257675E+01
  3.400  1.340552E+01  3.751189E+01  2.059716E+01  3.641203E+01  3.157963E+01  2.905392E+01  7.108154E+00  1.463024E+01  1.227245E+01  1.504210E+01  1.870487E+01  1.349866E+01
  3.420  1.527029E+01  3.744304E+01  2.155596E+01  3.686933E+01  3.196616E+01  3.064695E+01  7.700319E+00  1.461220E+01  1.286110E+01  1.550488E+01  1.848824E+01  1.445883E+01
  3.440  1.703972E+01  3.779265E+01  2.232745E+01  3.754736E+01  3.204376E+01  3.236616E+01  8.213210E+00  1.471479E+01  1.335403E+01  1.613354E+01  1.808321E+01  1.539605E+01
  3.460  1.866676E+01  3.848992E+01  2.291520E+01  3.834903E+01  3.180250E+01  3.410888E+01  8.638737E+00  1.489397E+01  1.371800E+01  1.688984E+01  1.750368E+01  1.624708E+01
  3.480  2.013699E+01  3.947095E+01  2.336522E+01  3.920531E+01  3.127200E+01  3.578004E+01  8.985954E+00  1.511118E+01  1.393555E+01  1.772869E+01  1.678819E+01  1.695917E+01
  3.500  2.145856E+01  4.069308E+01  2.374307E+01  4.009291E+01  3.051232E+01  3.730852E+01  9.275322E+00  1.533944E+01  1.400636E+01  1.860495E+01  1.599172E+01  1.750057E+01
  3.520  2.264536E+01  4.214002E+01  2.410448E+01  4.103455E+01  2.959861E+01  3.865424E+01  9.531587E+00  1.556380E+01  1.394513E+01  1.947928E+01  1.517265E+01  1.786419E+01
  3.540  2.370330E+01  4.381561E+01  2.447333E+01  4.208173E+01  2.860915E+01  3.980574E+01  9.781205E+00  1.577811E+01  1.377959E+01  2.032177E+01  1.438154E+01  1.806230E+01
  3.560  2.462614E+01  4.573488E+01  2.483598E+01  4.329091E+01  2.762065E+01  4.077815E+01  1.005440E+01  1.598533E+01  1.354937E+01  2.111768E+01  1.365757E+01  1.811759E+01
  3.580  2.539511E+01  4.792088E+01  2.514899E+01  4.470540E+01  2.670171E+01  4.161702E+01  1.038422E+01  1.620423E+01  1.329968E+01  2.187696E+01  1.303094E+01  1.805769E+01
  3.600  2.597358E+01  5.040392E+01  2.535130E+01  4.634645E+01  2.589632E+01  4.239909E+01  1.079641E+01  1.647559E+01  1.306482E+01  2.263956E+01  1.252501E+01  1.791473E+01
  3.620  2.629785E+01  5.321431E+01  2.537563E+01  4.821137E+01  2.520535E+01  4.321806E+01  1.129382E+01  1.685836E+01  1.284819E+01  2.346651E+01  1.215539E+01  1.772567E+01
  3.640  2.627236E+01  5.636659E+01  2.515737E+01  5.027588E+01  2.458102E+01  4.415875E+01  1.184608E+01  1.741469E+01  1.261209E+01  2.441812E+01  1.192804E+01  1.753122E+01
  3.660  2.577533E+01  5.984013E+01  2.463945E+01  5.249826E+01  2.393807E+01  4.527299E+01  1.239019E+01  1.819078E+01  1.228327E+01  2.553013E+01  1.183698E+01  1.737366E+01
  3.680  2.467635E+01  6.356305E+01  2.377523E+01  5.482183E+01  2.317567E+01  4.656624E+01  1.284167E+01  1.920071E+01  1.177040E+01  2.679762E+01  1.186209E+01  1.729208E+01
  3.700  2.286390E+01  6.740839E+01  2.253339E+01  5.717756E+01  2.220234E+01  4.799840E+01  1.311367E+01  2.041744E+01  1.098723E+01  2.817082E+01  1.197090E+01  1.731463E+01
  3.720  2.027087E+01  7.121005E+01  2.090159E+01  5.949217E+01  2.095449E+01  4.949893E+01  1.314079E+01  2.177653E+01  9.873975E+00  2.956445E+01  1.212706E+01  1.745337E+01
  3.740  1.688018E+01  7.479071E+01  1.888024E+01  6.169727E+01  1.939823E+01  5.098772E+01  1.289636E+01  2.319687E+01  8.407642E+00  3.087759E+01  1.230045E+01  1.770787E+01
  3.760  1.270779E+01  7.797721E+01  1.646932E+01  6.372501E+01  1.751637E+01  5.238406E+01  1.238865E+01  2.460850E+01  6.595975E+00  3.201129E+01  1.246948E+01  1.807530E+01
  3.780  7.788375E+00  8.058606E+01  1.366887E+01  6.548680E+01  1.530032E+01  5.359489E+01  1.163653E+01  2.596515E+01  4.464653E+00  3.287052E+01  1.261373E+01  1.855613E+01
  3.800  2.197060E+00  8.239705E+01  1.050919E+01  6.685773E+01  1.276795E+01  5.449886E+01  1.064881E+01  2.722892E+01  2.057870E+00  3.335216E+01  1.270625E+01  1.914898E+01
  3.820 -3.891920E+00  8.316216E+01  7.095840E+00  6.769863E+01  1.000139E+01  5.495804E+01  9.432041E+00  2.834485E+01 -5.389164E-01  3.334225E+01  1.271654E+01  1.983999E+01
  3.840 -1.015983E+01  8.268079E+01  3.626306E+00  6.792132E+01  7.167730E+00  5.487018E+01  8.022245E+00  2.923880E+01 -3.173707E+00  3.274451E+01  1.262418E+01  2.060082E+01
  3.860 -1.617500E+01  8.090952E+01  3.444497E-01  6.755792E+01  4.487481E+00  5.423146E+01  6.506082E+00  2.985116E+01 -5.634432E+00  3.153263E+01  1.242907E+01  2.140199E+01
  3.880 -2.151048E+01  7.802528E+01 -2.552327E+00  6.677820E+01  2.158396E+00  5.315900E+01  5.001533E+00  3.018026E+01 -7.700014E+00  2.978876E+01  1.214431E+01  2.223109E+01
  3.900 -2.588038E+01  7.438521E+01 -4.996172E+00  6.583304E+01  2.838148E-01  5.185071E+01  3.606667E+00  3.029491E+01 -9.209600E+00  2.769470E+01  1.177493E+01  2.309700E+01
  3.920 -2.920997E+01  7.040656E+01 -7.070370E+00  6.495598E+01 -1.149552E+00  5.050991E+01  2.355844E+00  3.030238E+01 -1.010768E+01  2.547841E+01  1.130140E+01  2.401359E+01
  3.940 -3.161078E+01  6.644326E+01 -8.961784E+00  6.427946E+01 -2.240381E+00  4.928253E+01  1.214032E+00  3.029679E+01 -1.044332E+01  2.334871E+01  1.068312E+01  2.497609E+01
  3.960 -3.329817E+01  6.271883E+01 -1.087753E+01  6.380524E+01 -3.118562E+00  4.823474E+01  1.065034E-01  3.032284E+01 -1.033298E+01  2.145104E+01  9.879195E+00  2.594904E+01
  3.980 -3.450741E+01  5.932230E+01 -1.297211E+01  6.343196E+01 -3.901461E+00  4.736619E+01 -1.041819E+00  3.037111E+01 -9.913054E+00  1.985797E+01  8.870139E+00  2.687442E+01
  4.000 -3.543805E+01  5.623905E+01 -1.531617E+01  6.301176E+01 -4.674114E+00  4.663633E+01 -2.280826E+00  3.039591E+01 -9.306190E+00  1.858661E+01  7.664572E+00  2.769142E+01
  4.020 -3.622642E+01  5.339006E+01 -1.790581E+01  6.239774E+01 -5.487141E+00  4.598589E+01 -3.628758E+00  3.033621E+01 -8.610552E+00  1.762320E+01  6.289712E+00  2.835062E+01
  4.040 -3.693629E+01  5.067015E+01 -2.068500E+01  6.146415E+01 -6.360086E+00  4.534925E+01 -5.074732E+00  3.012905E+01 -7.904109E+00  1.693826E+01  4.779369E+00  2.881337E+01
  4.060 -3.756440E+01  4.798330E+01 -2.355831E+01  6.011124E+01 -7.283492E+00  4.466231E+01 -6.581122E+00  2.971810E+01 -7.249825E+00  1.649006E+01  3.172431E+00  2.904424E+01
  4.080 -3.806048E+01  4.526997E+01 -2.639500E+01  5.827323E+01 -8.219960E+00  4.387080E+01 -8.086350E+00  2.906295E+01 -6.694481E+00  1.622363E+01  1.520629E+00  2.900937E+01
  4.100 -3.835569E+01  4.251885E+01 -2.903722E+01  5.593293E+01 -9.106731E+00  4.294039E+01 -9.511331E+00  2.814851E+01 -6.261475E+00  1.607285E+01 -1.042435E-01  2.868532E+01
  4.120 -3.838861E+01  3.976293E+01 -3.131845E+01  5.313626E+01 -9.862356E+00  4.186882E+01 -1.076983E+01  2.699248E+01 -5.942704E+00  1.597096E+01 -1.611519E+00  2.807466E+01
  4.140 -3.812269E+01  3.706630E+01 -3.309304E+01  4.999855E+01 -1.040131E+01  4.069762E+01 -1.178327E+01  2.564943E+01 -5.698790E+00  1.586938E+01 -2.905555E+00  2.722119E+01
  4.160 -3.755508E+01  3.450777E+01 -3.427182E+01  4.669249E+01 -1.065850E+01  3.951606E+01 -1.249960E+01  2.420663E+01 -5.474427E+00  1.575484E+01 -3.911290E+00  2.621407E+01
  4.180 -3.671793E+01  3.216375E+01 -3.484765E+01  4.341285E+01 -1.061640E+01  3.844803E+01 -1.290894E+01  2.276746E+01 -5.223250E+00  1.565200E+01 -4.600073E+00  2.517263E+01
  4.200 -3.567211E+01  3.009286E+01 -3.489403E+01  4.033063E+01 -1.032034E+01  3.762265E+01 -1.304603E+01  2.142711E+01 -4.927625E+00  1.560903E+01 -5.000243E+00  2.421664E+01
  4.220 -3.449478E+01  2.832631E+01 -3.453684E+01  3.755900E+01 -9.873635E+00  3.714184E+01 -1.297779E+01  2.025258E+01 -4.604159E+00  1.567657E+01 -5.187243E+00  2.343765E+01
  4.240 -3.326521E+01  2.686611E+01 -3.391584E+01  3.514417E+01 -9.417906E+00  3.705776E+01 -1.278368E+01  1.927487E+01 -4.297392E+00  1.589080E+01 -5.261689E+00  2.288384E+01
  4.260 -3.205363E+01  2.568989E+01 -3.315378E+01  3.307805E+01 -9.109365E+00  3.736356E+01 -1.253880E+01  1.849297E+01 -4.069209E+00  1.626380E+01 -5.327646E+00  2.255915E+01
  4.280 -3.091520E+01  2.475855E+01 -3.234204E+01  3.132058E+01 -9.097406E+00  3.799193E+01 -1.230446E+01  1.788324E+01 -3.988128E+00  1.677848E+01 -5.477785E+00  2.242995E+01
  4.300 -2.988836E+01  2.402288E+01 -3.154114E+01  2.981904E+01 -9.503512E+00  3.881686E+01 -1.212557E+01  1.740778E+01 -4.117097E+00  1.738503E+01 -5.784159E+00  2.243218E+01
  4.320 -2.899397E+01  2.342777E+01 -3.078695E+01  2.851773E+01 -1.039529E+01  3.966100E+01 -1.202945E+01  1.701927E+01 -4.496848E+00  1.800175E+01 -6.288841E+00  2.247747E+01
  4.340 -2.823278E+01  2.291671E+01 -3.009374E+01  2.736197E+01 -1.175718E+01  4.031933E+01 -1.202257E+01  1.666581E+01 -5.126842E+00  1.852654E+01 -6.991934E+00  2.246437E+01
  4.360 -2.758318E+01  2.244051E+01 -2.945393E+01  2.630442E+01 -1.347390E+01  4.060622E+01 -1.208754E+01  1.630027E+01 -5.953769E+00  1.886257E+01 -7.843938E+00  2.230058E+01
  4.380 -2.700533E+01  2.196966E+01 -2.884228E+01  2.531584E+01 -1.534830E+01  4.041415E+01 -1.218697E+01  1.589371E+01 -6.879417E+00  1.895054E+01 -8.754396E+00  2.193159E+01
  4.400 -2.645472E+01  2.150361E+01 -2.822892E+01  2.439342E+01 -1.715919E+01  3.975295E+01 -1.227719E+01  1.544503E+01 -7.790080E+00  1.879076E+01 -9.620373E+00  2.136008E+01
  4.420 -2.590082E+01  2.106908E+01 -2.759728E+01  2.355843E+01 -1.873535E+01  3.874260E+01 -1.232679E+01  1.497945E+01 -8.594981E+00  1.844096E+01 -1.036314E+01  2.064229E+01
  4.440 -2.534126E+01  2.070624E+01 -2.695713E+01  2.284204E+01 -2.000796E+01  3.755960E+01 -1.233014E+01  1.453488E+01 -9.254139E+00  1.799005E+01 -1.095393E+01  1.986111E+01
  4.460 -2.480447E+01  2.044878E+01 -2.634568E+01  2.226553E+01 -2.101654E+01  3.636505E+01 -1.230907E+01  1.414277E+01 -9.782776E+00  1.752178E+01 -1.141638E+01  1.909025E+01
  4.480 -2.433988E+01  2.030661E+01 -2.581623E+01  2.182380E+01 -2.187120E+01  3.524894E+01 -1.230261E+01  1.381261E+01 -1.023351E+01  1.708624E+01 -1.180686E+01  1.836662E+01
  4.500 -2.400035E+01  2.025750E+01 -2.541886E+01  2.147857E+01 -2.269387E+01  3.421095E+01 -1.234971E+01  1.352579E+01 -1.066777E+01  1.668917E+01 -1.218417E+01  1.768140E+01
  4.520 -2.382291E+01  2.024999E+01 -2.517976E+01  2.116444E+01 -2.356459E+01  3.317927E+01 -1.247169E+01  1.324090E+01 -1.112941E+01  1.630000E+01 -1.258165E+01  1.699103E+01
  4.540 -2.381418E+01  2.021694E+01 -2.508718E+01  2.080726E+01 -2.449300E+01  3.205471E+01 -1.266102E+01  1.290892E+01 -1.163021E+01  1.587196E+01 -1.299274E+01  1.624202E+01
  4.560 -2.394648E+01  2.009558E+01 -2.509191E+01  2.034876E+01 -2.542320E+01  3.075859E+01 -1.288188E+01  1.249273E+01 -1.215083E+01  1.536420E+01 -1.337564E+01  1.539824E+01
  4.580 -2.416695E+01  1.984581E+01 -2.512388E+01  1.976581E+01 -2.626440E+01  2.926313E+01 -1.308334E+01  1.198225E+01 -1.265334E+01  1.475627E+01 -1.367329E+01  1.445759E+01
  4.600 -2.441573E+01  1.945843E+01 -2.511674E+01  1.907416E+01 -2.692810E+01  2.759494E+01 -1.321908E+01  1.139727E+01 -1.309707E+01  1.405110E+01 -1.383738E+01  1.345159E+01
  4.620 -2.464348E+01  1.895018E+01 -2.502765E+01  1.831649E+01 -2.735445E+01  2.581823E+01 -1.326352E+01  1.077732E+01 -1.345024E+01  1.326923E+01 -1.384434E+01  1.243125E+01
  4.640 -2.482041E+01  1.835072E+01 -2.484447E+01  1.754320E+01 -2.752134E+01  2.401060E+01 -1.321725E+01  1.016457E+01 -1.369472E+01  1.243960E+01 -1.369825E+01  1.144901E+01
  4.660 -2.493535E+01  1.768956E+01 -2.458103E+01  1.679497E+01 -2.743873E+01  2.224325E+01 -1.310062E+01  9.588872E+00 -1.382486E+01  1.159202E+01 -1.342348E+01  1.054530E+01
  4.680 -2.498897E+01  1.698797E+01 -2.426448E+01  1.609232E+01 -2.713653E+01  2.057132E+01 -1.294104E+01  9.061143E+00 -1.384413E+01  1.075330E+01 -1.305331E+01  9.743608E+00
  4.700 -2.498507E+01  1.625652E+01 -2.392014E+01  1.543488E+01 -2.665387E+01  1.903289E+01 -1.276048E+01  8.576016E+00 -1.376234E+01  9.945849E+00 -1.262070E+01  9.052595E+00
  4.720 -2.492263E+01  1.549810E+01 -2.355978E+01  1.481001E+01 -2.603278E+01  1.765148E+01 -1.256863E+01  8.120664E+00 -1.359364E+01  9.186808E+00 -1.215362E+01  8.471208E+00
  4.740 -2.479192E+01  1.471576E+01 -2.317921E+01  1.420642E+01 -2.531497E+01  1.643865E+01 -1.236351E+01  7.684650E+00 -1.335430E+01  8.487632E+00 -1.167443E+01  7.993382E+00
  4.760 -2.457782E+01  1.392123E+01 -2.276585E+01  1.362473E+01 -2.453977E+01  1.539592E+01 -1.213774E+01  7.265821E+00 -1.306062E+01  7.854701E+00 -1.120104E+01  7.610686E+00
  4.780 -2.426881E+01  1.313799E+01 -2.231063E+01  1.307894E+01 -2.374258E+01  1.451650E+01 -1.188584E+01  6.870111E+00 -1.272785E+01  7.290552E+00 -1.074825E+01  7.313169E+00
  4.800 -2.386521E+01  1.239669E+01 -2.181612E+01  1.258950E+01 -2.295360E+01  1.378714E+01 -1.160843E+01  6.507191E+00 -1.236983E+01  6.794881E+00 -1.032817E+01  7.089477E+00
  4.820 -2.338162E+01  1.172660E+01 -2.129741E+01  1.217421E+01 -2.219744E+01  1.318992E+01 -1.131224E+01  6.185744E+00 -1.199891E+01  6.365152E+00 -9.950420E+00  6.926970E+00
  4.840 -2.284359E+01  1.114851E+01 -2.077783E+01  1.184193E+01 -2.149308E+01  1.270355E+01 -1.100798E+01  5.910653E+00 -1.162587E+01  5.997057E+00 -9.622030E+00  6.811751E+00
  4.860 -2.228217E+01  1.067154E+01 -2.028302E+01  1.159008E+01 -2.085358E+01  1.230383E+01 -1.070792E+01  5.682040E+00 -1.125986E+01  5.684892E+00 -9.347000E+00  6.728516E+00
  4.880 -2.172888E+01  1.029258E+01 -1.983544E+01  1.140529E+01 -2.028462E+01  1.196466E+01 -1.042381E+01  5.495230E+00 -1.090846E+01  5.421802E+00 -9.125020E+00  6.660967E+00
  4.900 -2.121135E+01  9.997060E+00 -1.944992E+01  1.126602E+01 -1.978319E+01  1.166077E+01 -1.016515E+01  5.341135E+00 -1.057757E+01  5.199956E+00 -8.950294E+00  6.593701E+00
  4.920 -2.074902E+01  9.760636E+00 -1.913082E+01  1.114663E+01 -1.933837E+01  1.137179E+01 -9.937296E+00  5.207162E+00 -1.027139E+01  5.010620E+00 -8.812003E+00  6.515051E+00
  4.940 -2.034864E+01  9.553019E+00 -1.887085E+01  1.102231E+01 -1.893484E+01  1.108485E+01 -9.739708E+00  5.079048E+00 -9.992048E+00  4.844037E+00 -8.696604E+00  6.419077E+00
  4.960 -2.000159E+01  9.344885E+00 -1.865184E+01  1.087483E+01 -1.855642E+01  1.079449E+01 -9.564977E+00  4.944010E+00 -9.738549E+00  4.689573E+00 -8.590492E+00  6.305917E+00
  4.980 -1.968597E+01  9.116570E+00 -1.844894E+01  1.069848E+01 -1.818814E+01  1.050153E+01 -9.399998E+00  4.794694E+00 -9.505457E+00  4.537143E+00 -8.482206E+00  6.181362E+00
  5.000 -1.937432E+01  8.864300E+00 -1.823922E+01  1.050312E+01 -1.781764E+01  1.021267E+01 -9.229878E+00  4.631974E+00 -9.282811E+00  4.380086E+00 -8.364851E+00  6.055983E+00
  5.020 -1.904397E+01  8.599968E+00 -1.801150E+01  1.031038E+01 -1.743778E+01  9.939785E+00 -9.043045E+00  4.464536E+00 -9.058526E+00  4.217841E+00 -8.238672E+00  5.942688E+00
  5.040 -1.868449E+01  8.344555E+00 -1.777150E+01  1.014378E+01 -1.704953E+01  9.697043E+00 -8.834763E+00  4.305330E+00 -8.822311E+00  4.056269E+00 -8.112036E+00  5.852297E+00
  5.060 -1.829905E+01  8.119288E+00 -1.753942E+01  1.001782E+01 -1.666252E+01  9.495677E+00 -8.607560E+00  4.167160E+00 -8.568656E+00  3.905330E+00 -7.999295E+00  5.788772E+00
  5.080 -1.790078E+01  7.938848E+00 -1.734134E+01  9.931142E+00 -1.629174E+01  9.339125E+00 -8.369413E+00  4.059520E+00 -8.297492E+00  3.775902E+00 -7.915802E+00  5.746437E+00
  5.100 -1.750692E+01  7.808482E+00 -1.719874E+01  9.866160E+00 -1.595145E+01  9.221461E+00 -8.131268E+00  3.987147E+00 -8.013139E+00  3.677541E+00 -7.871842E+00  5.710698E+00
  5.120 -1.713332E+01  7.724661E+00 -1.711976E+01  9.794884E+00 -1.564958E+01  9.130301E+00 -7.904747E+00  3.949692E+00 -7.722940E+00  3.617558E+00 -7.867890E+00  5.662588E+00
  5.140 -1.679070E+01  7.678200E+00 -1.709567E+01  9.688728E+00 -1.538550E+01  9.052813E+00 -7.700015E+00  3.942107E+00 -7.436352E+00  3.600748E+00 -7.893680E+00  5.585664E+00
  5.160 -1.648346E+01  7.658567E+00 -1.710407E+01  9.528420E+00 -1.515274E+01  8.981465E+00 -7.523856E+00  3.955940E+00 -7.164385E+00  3.629082E+00 -7.932112E+00  5.472055E+00
  5.180 -1.621140E+01  7.657709E+00 -1.711734E+01  9.309630E+00 -1.494483E+01  8.916015E+00 -7.378716E+00  3.981630E+00 -6.918956E+00  3.701259E+00 -7.966144E+00  5.324340E+00
  5.200 -1.597337E+01  7.671518E+00 -1.711235E+01  9.041879E+00 -1.476062E+01  8.860686E+00 -7.263438E+00  4.010809E+00 -6.711974E+00  3.812332E+00 -7.984834E+00  5.152400E+00
  5.220 -1.577069E+01  7.698072E+00 -1.707652E+01  8.741770E+00 -1.460578E+01  8.818600E+00 -7.175058E+00  4.037171E+00 -6.554217E+00  3.953622E+00 -7.985382E+00  4.967521E+00
  5.240 -1.560770E+01  7.734057E+00 -1.700749E+01  8.424896E+00 -1.449007E+01  8.786960E+00 -7.109950E+00  4.055909E+00 -6.454176E+00  4.112989E+00 -7.970787E+00  4.777376E+00
  5.260 -1.548941E+01  7.772149E+00 -1.690792E+01  8.101412E+00 -1.442233E+01  8.755501E+00 -7.063693E+00  4.063227E+00 -6.416911E+00  4.275448E+00 -7.945374E+00  4.584424E+00
  5.280 -1.541808E+01  7.801183E+00 -1.678023E+01  7.776984E+00 -1.440595E+01  8.708519E+00 -7.030831E+00  4.056980E+00 -6.443039E+00  4.424169E+00 -7.911284E+00  4.387695E+00
  5.300 -1.539107E+01  7.808610E+00 -1.662484E+01  7.456589E+00 -1.443695E+01  8.628878E+00 -7.005844E+00  4.037620E+00 -6.528003E+00  4.541933E+00 -7.867674E+00  4.185860E+00
  5.320 -1.540105E+01  7.783389E+00 -1.644226E+01  7.147135E+00 -1.450481E+01  8.501628E+00 -6.984967E+00  4.007962E+00 -6.661908E+00  4.612846E+00 -7.812165E+00  3.979185E+00
  5.340 -1.543763E+01  7.717688E+00 -1.623606E+01  6.856867E+00 -1.459435E+01  8.315701E+00 -6.967361E+00  3.971446E+00 -6.829859E+00  4.624009E+00 -7.742562E+00  3.769525E+00
  5.360 -1.548894E+01  7.607157E+00 -1.601397E+01  6.592536E+00 -1.468675E+01  8.064598E+00 -6.954648E+00  3.930058E+00 -7.012557E+00  4.567289E+00 -7.657419E+00  3.559451E+00
  5.380 -1.554252E+01  7.450918E+00 -1.578639E+01  6.356668E+00 -1.476007E+01  7.748232E+00 -6.949230E+00  3.883230E+00 -7.187707E+00  4.441622E+00 -7.555792E+00  3.351918E+00
  5.400 -1.558624E+01  7.251877E+00 -1.556353E+01  6.146587E+00 -1.479212E+01  7.375655E+00 -6.952451E+00  3.828078E+00 -7.333472E+00  4.254952E+00 -7.437341E+00  3.150517E+00
  5.420 -1.560999E+01  7.016600E+00 -1.535251E+01  5.955555E+00 -1.476601E+01  6.965278E+00 -6.963395E+00  3.760657E+00 -7.433476E+00  4.023487E+00 -7.303011E+00  2.959380E+00
  5.440 -1.560709E+01  6.754012E+00 -1.515608E+01  5.775380E+00 -1.467511E+01  6.540469E+00 -6.978761E+00  3.677668E+00 -7.480432E+00  3.767408E+00 -7.155502E+00  2.782304E+00
  5.460 -1.557482E+01  6.473389E+00 -1.497334E+01  5.598909E+00 -1.452345E+01  6.122868E+00 -6.993963E+00  3.577752E+00 -7.475932E+00  3.505363E+00 -6.998893E+00  2.621706E+00
  5.480 -1.551353E+01  6.182529E+00 -1.480162E+01  5.420917E+00 -1.432193E+01  5.727680E+00 -7.004713E+00  3.461428E+00 -7.427088E+00  3.251014E+00 -6.837662E+00  2.478124E+00
  5.500 -1.542497E+01  5.886813E+00 -1.463755E+01  5.237423E+00 -1.408332E+01  5.362866E+00 -7.007641E+00  3.329908E+00 -7.342765E+00  3.012736E+00 -6.675747E+00  2.350425E+00
  5.520 -1.531048E+01  5.589699E+00 -1.447674E+01  5.045102E+00 -1.381899E+01  5.031053E+00 -6.999504E+00  3.184332E+00 -7.231425E+00  2.795143E+00 -6.515978E+00  2.236372E+00
  5.540 -1.517019E+01  5.294359E+00 -1.431306E+01  4.842077E+00 -1.353796E+01  4.731918E+00 -6.976289E+00  3.026483E+00 -7.100720E+00  2.600598E+00 -6.359862E+00  2.133237E+00
  5.560 -1.500395E+01  5.005185E+00 -1.413928E+01  4.629544E+00 -1.324713E+01  4.463790E+00 -6.933747E+00  2.860182E+00 -6.957754E+00  2.429825E+00 -6.207578E+00  2.038440E+00
  5.580 -1.481318E+01  4.727757E+00 -1.394932E+01  4.412422E+00 -1.295189E+01  4.224390E+00 -6.869245E+00  2.691573E+00 -6.809113E+00  2.281874E+00 -6.058309E+00  1.950160E+00
  5.600 -1.460188E+01  4.467194E+00 -1.374045E+01  4.198036E+00 -1.265664E+01  4.011016E+00 -6.783281E+00  2.527672E+00 -6.660435E+00  2.154054E+00 -5.910928E+00  1.867656E+00
  5.620 -1.437584E+01  4.226232E+00 -1.351390E+01  3.993552E+00 -1.236490E+01  3.820404E+00 -6.679410E+00  2.374214E+00 -6.515734E+00  2.042220E+00 -5.764703E+00  1.791009E+00
  5.640 -1.414064E+01  4.004562E+00 -1.327361E+01  3.803850E+00 -1.207910E+01  3.648613E+00 -6.562758E+00  2.234248E+00 -6.376846E+00  1.941508E+00 -5.619544E+00  1.720493E+00
  5.660 -1.389987E+01  3.799828E+00 -1.302407E+01  3.630931E+00 -1.180003E+01  3.491356E+00 -6.438172E+00  2.108090E+00 -6.243313E+00  1.847432E+00 -5.475698E+00  1.656083E+00
  5.680 -1.365454E+01  3.609517E+00 -1.276866E+01  3.474860E+00 -1.152660E+01  3.344877E+00 -6.308935E+00  1.994360E+00 -6.112949E+00  1.756945E+00 -5.333252E+00  1.597462E+00
  5.700 -1.340401E+01  3.432529E+00 -1.250922E+01  3.335329E+00 -1.125640E+01  3.206933E+00 -6.176510E+00  1.891400E+00 -5.982967E+00  1.668970E+00 -5.191940E+00  1.544412E+00
  5.720 -1.314748E+01  3.269618E+00 -1.224680E+01  3.212785E+00 -1.098671E+01  3.077264E+00 -6.041202E+00  1.798328E+00 -5.851134E+00  1.584126E+00 -5.051382E+00  1.497171E+00
  5.740 -1.288518E+01  3.122762E+00 -1.198281E+01  3.108567E+00 -1.071572E+01  2.957221E+00 -5.903150E+00  1.715265E+00 -5.716407E+00  1.503879E+00 -4.911509E+00  1.456419E+00
  5.760 -1.261876E+01  2.994142E+00 -1.171967E+01  3.024295E+00 -1.044308E+01  2.848848E+00 -5.763005E+00  1.642921E+00 -5.578865E+00  1.429667E+00 -4.772813E+00  1.422973E+00
  5.780 -1.235093E+01  2.885367E+00 -1.146095E+01  2.961111E+00 -1.016977E+01  2.753961E+00 -5.622071E+00  1.582021E+00 -5.439250E+00  1.362416E+00 -4.636325E+00  1.397449E+00
  5.800 -1.208504E+01  2.797175E+00 -1.121110E+01  2.919092E+00 -9.897612E+00  2.673625E+00 -5.482124E+00  1.532934E+00 -5.298476E+00  1.302470E+00 -4.503462E+00  1.380027E+00
  5.820 -1.182465E+01  2.729433E+00 -1.097505E+01  2.896831E+00 -9.628771E+00  2.608007E+00 -5.345186E+00  1.495539E+00 -5.157317E+00  1.249758E+00 -4.375827E+00  1.370315E+00
  5.840 -1.157346E+01  2.681169E+00 -1.075769E+01  2.891081E+00 -9.365337E+00  2.556434E+00 -5.213373E+00  1.469174E+00 -5.016282E+00  1.204014E+00 -4.254987E+00  1.367255E+00
  5.860 -1.133518E+01  2.650461E+00 -1.056298E+01  2.896547E+00 -9.109054E+00  2.517518E+00 -5.088761E+00  1.452569E+00 -4.875629E+00  1.164979E+00 -4.142158E+00  1.369090E+00
  5.880 -1.111337E+01  2.634173E+00 -1.039289E+01  2.906172E+00 -8.861056E+00  2.489338E+00 -4.973202E+00  1.443745E+00 -4.735458E+00  1.132532E+00 -4.037824E+00  1.373512E+00
  5.900 -1.091085E+01  2.627684E+00 -1.024631E+01  2.912215E+00 -8.621672E+00  2.469739E+00 -4.867983E+00  1.439977E+00 -4.595857E+00  1.106743E+00 -3.941433E+00  1.378096E+00
  5.920 -1.072887E+01  2.624954E+00 -1.011898E+01  2.907997E+00 -8.390399E+00  2.456737E+00 -4.773392E+00  1.437969E+00 -4.457051E+00  1.087820E+00 -3.851448E+00  1.380900E+00
  5.940 -1.056605E+01  2.619278E+00 -1.000442E+01  2.889478E+00 -8.166138E+00  2.448884E+00 -4.688355E+00  1.434350E+00 -4.319484E+00  1.075954E+00 -3.765806E+00  1.380908E+00
  5.960 -1.041801E+01  2.604794E+00 -9.895817E+00  2.855778E+00 -7.947580E+00  2.445367E+00 -4.610428E+00  1.426411E+00 -4.183751E+00  1.071122E+00 -3.682530E+00  1.378026E+00
  5.980 -1.027800E+01  2.578197E+00 -9.787562E+00  2.808451E+00 -7.733491E+00  2.445823E+00 -4.536274E+00  1.412751E+00 -4.050363E+00  1.072998E+00 -3.600091E+00  1.372685E+00
