# GW complex dielectric tensor (red. coord.) without local field effects 
# Scissor operator energy =  0.8000 [eV]
# Tolerance =  0.0200 0.0200
# npweps  = 59
# npwwfn  = 137
# nbands  = 6
# loband  = 2
# nkibz   = 64
# nkbz    = 64
# Lorentzian broadening =  0.1500 [eV]
# omega [eV] RE(eps_11) IM(eps_11) RE(eps_22)IM(eps_22) RE(eps_33) IM(eps_33) RE(eps_12) IM(eps_12)RE(eps_13) IM(eps_13) RE(eps_23) IM(eps_23))
  0.000  1.811531E+01  0.000000E+00  1.628245E+01  0.000000E+00  1.361540E+01  0.000000E+00  7.694312E+00  0.000000E+00  7.482793E+00  0.000000E+00  5.858005E+00  0.000000E+00
  0.020  1.811568E+01  5.504667E-03  1.628276E+01  4.647396E-03  1.361563E+01  3.505586E-03  7.694455E+00  2.153088E-03  7.482931E+00  2.076850E-03  5.858092E+00  1.305692E-03
  0.040  1.811677E+01  1.101088E-02  1.628369E+01  9.296036E-03  1.361633E+01  7.012040E-03  7.694883E+00  4.306751E-03  7.483344E+00  4.154251E-03  5.858352E+00  2.611658E-03
  0.060  1.811860E+01  1.652020E-02  1.628523E+01  1.394717E-02  1.361749E+01  1.052023E-02  7.695598E+00  6.461565E-03  7.484033E+00  6.232754E-03  5.858786E+00  3.918173E-03
  0.080  1.812116E+01  2.203417E-02  1.628739E+01  1.860203E-02  1.361912E+01  1.403103E-02  7.696598E+00  8.618105E-03  7.484998E+00  8.312913E-03  5.859393E+00  5.225512E-03
  0.100  1.812444E+01  2.755434E-02  1.629017E+01  2.326189E-02  1.362122E+01  1.754530E-02  7.697884E+00  1.077695E-02  7.486239E+00  1.039528E-02  5.860174E+00  6.533950E-03
  0.120  1.812847E+01  3.308229E-02  1.629356E+01  2.792798E-02  1.362378E+01  2.106393E-02  7.699457E+00  1.293868E-02  7.487756E+00  1.248041E-02  5.861128E+00  7.843762E-03
  0.140  1.813322E+01  3.861957E-02  1.629758E+01  3.260157E-02  1.362681E+01  2.458778E-02  7.701318E+00  1.510387E-02  7.489550E+00  1.456886E-02  5.862257E+00  9.155227E-03
  0.160  1.813871E+01  4.416776E-02  1.630221E+01  3.728392E-02  1.363031E+01  2.811774E-02  7.703465E+00  1.727311E-02  7.491622E+00  1.666119E-02  5.863560E+00  1.046862E-02
  0.180  1.814494E+01  4.972844E-02  1.630747E+01  4.197630E-02  1.363427E+01  3.165469E-02  7.705901E+00  1.944699E-02  7.493971E+00  1.875796E-02  5.865038E+00  1.178422E-02
  0.200  1.815190E+01  5.530321E-02  1.631335E+01  4.667999E-02  1.363871E+01  3.519952E-02  7.708625E+00  2.162609E-02  7.496599E+00  2.085974E-02  5.866690E+00  1.310231E-02
  0.220  1.815961E+01  6.089366E-02  1.631985E+01  5.139627E-02  1.364361E+01  3.875313E-02  7.711639E+00  2.381101E-02  7.499506E+00  2.296709E-02  5.868518E+00  1.442317E-02
  0.240  1.816805E+01  6.650140E-02  1.632699E+01  5.612644E-02  1.364899E+01  4.231641E-02  7.714943E+00  2.600235E-02  7.502693E+00  2.508059E-02  5.870521E+00  1.574708E-02
  0.260  1.817724E+01  7.212807E-02  1.633475E+01  6.087179E-02  1.365485E+01  4.589027E-02  7.718538E+00  2.820070E-02  7.506161E+00  2.720082E-02  5.872701E+00  1.707432E-02
  0.280  1.818718E+01  7.777530E-02  1.634314E+01  6.563365E-02  1.366117E+01  4.947563E-02  7.722425E+00  3.040669E-02  7.509910E+00  2.932835E-02  5.875057E+00  1.840518E-02
  0.300  1.819787E+01  8.344475E-02  1.635216E+01  7.041334E-02  1.366798E+01  5.307340E-02  7.726605E+00  3.262091E-02  7.513943E+00  3.146378E-02  5.877589E+00  1.973996E-02
  0.320  1.820932E+01  8.913810E-02  1.636182E+01  7.521220E-02  1.367526E+01  5.668452E-02  7.731080E+00  3.484399E-02  7.518258E+00  3.360770E-02  5.880300E+00  2.107893E-02
  0.340  1.822152E+01  9.485703E-02  1.637211E+01  8.003159E-02  1.368302E+01  6.030992E-02  7.735850E+00  3.707657E-02  7.522859E+00  3.576071E-02  5.883188E+00  2.242240E-02
  0.360  1.823448E+01  1.006033E-01  1.638305E+01  8.487286E-02  1.369127E+01  6.395055E-02  7.740917E+00  3.931925E-02  7.527747E+00  3.792341E-02  5.886255E+00  2.377065E-02
  0.380  1.824820E+01  1.063785E-01  1.639463E+01  8.973741E-02  1.370000E+01  6.760738E-02  7.746282E+00  4.157270E-02  7.532921E+00  4.009642E-02  5.889502E+00  2.512399E-02
  0.400  1.826269E+01  1.121846E-01  1.640686E+01  9.462665E-02  1.370921E+01  7.128137E-02  7.751946E+00  4.383756E-02  7.538385E+00  4.228035E-02  5.892928E+00  2.648271E-02
  0.420  1.827795E+01  1.180231E-01  1.641973E+01  9.954198E-02  1.371891E+01  7.497349E-02  7.757912E+00  4.611448E-02  7.544138E+00  4.447584E-02  5.896535E+00  2.784712E-02
  0.440  1.829399E+01  1.238961E-01  1.643327E+01  1.044848E-01  1.372911E+01  7.868476E-02  7.764180E+00  4.840413E-02  7.550184E+00  4.668352E-02  5.900324E+00  2.921753E-02
  0.460  1.831081E+01  1.298053E-01  1.644745E+01  1.094567E-01  1.373980E+01  8.241617E-02  7.770753E+00  5.070719E-02  7.556524E+00  4.890405E-02  5.904296E+00  3.059424E-02
  0.480  1.832842E+01  1.357525E-01  1.646230E+01  1.144591E-01  1.375098E+01  8.616875E-02  7.777632E+00  5.302434E-02  7.563158E+00  5.113807E-02  5.908450E+00  3.197756E-02
  0.500  1.834682E+01  1.417396E-01  1.647782E+01  1.194934E-01  1.376266E+01  8.994353E-02  7.784819E+00  5.535627E-02  7.570090E+00  5.338625E-02  5.912788E+00  3.336783E-02
  0.520  1.836601E+01  1.477687E-01  1.649400E+01  1.245613E-01  1.377485E+01  9.374157E-02  7.792316E+00  5.770371E-02  7.577321E+00  5.564927E-02  5.917312E+00  3.476534E-02
  0.540  1.838600E+01  1.538415E-01  1.651086E+01  1.296642E-01  1.378754E+01  9.756392E-02  7.800126E+00  6.006736E-02  7.584853E+00  5.792782E-02  5.922022E+00  3.617044E-02
  0.560  1.840681E+01  1.599601E-01  1.652840E+01  1.348038E-01  1.380074E+01  1.014117E-01  7.808250E+00  6.244796E-02  7.592688E+00  6.022259E-02  5.926918E+00  3.758345E-02
  0.580  1.842842E+01  1.661266E-01  1.654662E+01  1.399816E-01  1.381445E+01  1.052860E-01  7.816691E+00  6.484625E-02  7.600828E+00  6.253431E-02  5.932003E+00  3.900471E-02
  0.600  1.845086E+01  1.723430E-01  1.656553E+01  1.451994E-01  1.382868E+01  1.091879E-01  7.825451E+00  6.726300E-02  7.609276E+00  6.486369E-02  5.937277E+00  4.043454E-02
  0.620  1.847412E+01  1.786114E-01  1.658513E+01  1.504587E-01  1.384343E+01  1.131186E-01  7.834532E+00  6.969897E-02  7.618033E+00  6.721148E-02  5.942741E+00  4.187331E-02
  0.640  1.849822E+01  1.849339E-01  1.660543E+01  1.557613E-01  1.385870E+01  1.170792E-01  7.843938E+00  7.215496E-02  7.627103E+00  6.957842E-02  5.948397E+00  4.332134E-02
  0.660  1.852316E+01  1.913128E-01  1.662644E+01  1.611089E-01  1.387449E+01  1.210710E-01  7.853670E+00  7.463177E-02  7.636488E+00  7.196530E-02  5.954246E+00  4.477901E-02
  0.680  1.854894E+01  1.977503E-01  1.664816E+01  1.665033E-01  1.389082E+01  1.250951E-01  7.863732E+00  7.713023E-02  7.646191E+00  7.437288E-02  5.960288E+00  4.624666E-02
  0.700  1.857559E+01  2.042487E-01  1.667060E+01  1.719463E-01  1.390768E+01  1.291528E-01  7.874126E+00  7.965117E-02  7.656214E+00  7.680199E-02  5.966527E+00  4.772467E-02
  0.720  1.860310E+01  2.108103E-01  1.669376E+01  1.774397E-01  1.392509E+01  1.332453E-01  7.884856E+00  8.219545E-02  7.666561E+00  7.925343E-02  5.972962E+00  4.921340E-02
  0.740  1.863148E+01  2.174375E-01  1.671766E+01  1.829855E-01  1.394304E+01  1.373740E-01  7.895925E+00  8.476395E-02  7.677233E+00  8.172804E-02  5.979595E+00  5.071324E-02
  0.760  1.866074E+01  2.241328E-01  1.674229E+01  1.885856E-01  1.396154E+01  1.415400E-01  7.907335E+00  8.735757E-02  7.688235E+00  8.422668E-02  5.986428E+00  5.222456E-02
  0.780  1.869089E+01  2.308987E-01  1.676767E+01  1.942420E-01  1.398059E+01  1.457449E-01  7.919091E+00  8.997723E-02  7.699570E+00  8.675022E-02  5.993463E+00  5.374776E-02
  0.800  1.872195E+01  2.377377E-01  1.679380E+01  1.999566E-01  1.400020E+01  1.499898E-01  7.931195E+00  9.262386E-02  7.711240E+00  8.929957E-02  6.000700E+00  5.528324E-02
  0.820  1.875391E+01  2.446526E-01  1.682069E+01  2.057316E-01  1.402038E+01  1.542763E-01  7.943651E+00  9.529844E-02  7.723250E+00  9.187563E-02  6.008142E+00  5.683140E-02
  0.840  1.878680E+01  2.516460E-01  1.684835E+01  2.115691E-01  1.404113E+01  1.586058E-01  7.956464E+00  9.800194E-02  7.735603E+00  9.447936E-02  6.015790E+00  5.839266E-02
  0.860  1.882062E+01  2.587206E-01  1.687679E+01  2.174713E-01  1.406245E+01  1.629798E-01  7.969636E+00  1.007354E-01  7.748302E+00  9.711172E-02  6.023646E+00  5.996743E-02
  0.880  1.885537E+01  2.658794E-01  1.690601E+01  2.234404E-01  1.408436E+01  1.673997E-01  7.983173E+00  1.034998E-01  7.761352E+00  9.977369E-02  6.031712E+00  6.155615E-02
  0.900  1.889108E+01  2.731253E-01  1.693603E+01  2.294787E-01  1.410686E+01  1.718670E-01  7.997077E+00  1.062963E-01  7.774756E+00  1.024663E-01  6.039990E+00  6.315926E-02
  0.920  1.892776E+01  2.804613E-01  1.696685E+01  2.355886E-01  1.412995E+01  1.763835E-01  8.011353E+00  1.091259E-01  7.788519E+00  1.051906E-01  6.048481E+00  6.477721E-02
  0.940  1.896541E+01  2.878904E-01  1.699848E+01  2.417724E-01  1.415364E+01  1.809506E-01  8.026007E+00  1.119898E-01  7.802644E+00  1.079476E-01  6.057187E+00  6.641044E-02
  0.960  1.900405E+01  2.954159E-01  1.703094E+01  2.480328E-01  1.417794E+01  1.855701E-01  8.041041E+00  1.148891E-01  7.817137E+00  1.107385E-01  6.066112E+00  6.805943E-02
  0.980  1.904369E+01  3.030411E-01  1.706423E+01  2.543722E-01  1.420286E+01  1.902437E-01  8.056462E+00  1.178250E-01  7.832001E+00  1.135643E-01  6.075256E+00  6.972465E-02
  1.000  1.908435E+01  3.107692E-01  1.709837E+01  2.607932E-01  1.422840E+01  1.949731E-01  8.072273E+00  1.207988E-01  7.847241E+00  1.164264E-01  6.084622E+00  7.140659E-02
  1.020  1.912603E+01  3.186039E-01  1.713336E+01  2.672987E-01  1.425456E+01  1.997600E-01  8.088480E+00  1.238117E-01  7.862862E+00  1.193257E-01  6.094212E+00  7.310575E-02
  1.040  1.916876E+01  3.265486E-01  1.716921E+01  2.738913E-01  1.428137E+01  2.046065E-01  8.105088E+00  1.268650E-01  7.878869E+00  1.222636E-01  6.104029E+00  7.482263E-02
  1.060  1.921255E+01  3.346070E-01  1.720595E+01  2.805739E-01  1.430882E+01  2.095143E-01  8.122103E+00  1.299600E-01  7.895267E+00  1.252414E-01  6.114074E+00  7.655776E-02
  1.080  1.925741E+01  3.427831E-01  1.724357E+01  2.873496E-01  1.433693E+01  2.144854E-01  8.139530E+00  1.330981E-01  7.912062E+00  1.282603E-01  6.124351E+00  7.831166E-02
  1.100  1.930335E+01  3.510806E-01  1.728209E+01  2.942212E-01  1.436569E+01  2.195219E-01  8.157374E+00  1.362807E-01  7.929259E+00  1.313217E-01  6.134861E+00  8.008489E-02
  1.120  1.935040E+01  3.595037E-01  1.732153E+01  3.011921E-01  1.439513E+01  2.246258E-01  8.175643E+00  1.395094E-01  7.946863E+00  1.344270E-01  6.145608E+00  8.187800E-02
  1.140  1.939857E+01  3.680564E-01  1.736190E+01  3.082653E-01  1.442525E+01  2.297992E-01  8.194341E+00  1.427856E-01  7.964880E+00  1.375776E-01  6.156594E+00  8.369156E-02
  1.160  1.944788E+01  3.767433E-01  1.740321E+01  3.154444E-01  1.445605E+01  2.350443E-01  8.213475E+00  1.461108E-01  7.983317E+00  1.407750E-01  6.167821E+00  8.552616E-02
  1.180  1.949835E+01  3.855686E-01  1.744548E+01  3.227326E-01  1.448756E+01  2.403634E-01  8.233051E+00  1.494867E-01  8.002180E+00  1.440208E-01  6.179293E+00  8.738239E-02
  1.200  1.954999E+01  3.945371E-01  1.748871E+01  3.301337E-01  1.451977E+01  2.457589E-01  8.253077E+00  1.529149E-01  8.021475E+00  1.473164E-01  6.191013E+00  8.926087E-02
  1.220  1.960282E+01  4.036535E-01  1.753293E+01  3.376512E-01  1.455270E+01  2.512331E-01  8.273560E+00  1.563972E-01  8.041208E+00  1.506636E-01  6.202983E+00  9.116223E-02
  1.240  1.965687E+01  4.129227E-01  1.757816E+01  3.452890E-01  1.458636E+01  2.567885E-01  8.294505E+00  1.599354E-01  8.061387E+00  1.540640E-01  6.215206E+00  9.308712E-02
  1.260  1.971215E+01  4.223500E-01  1.762439E+01  3.530510E-01  1.462076E+01  2.624277E-01  8.315922E+00  1.635312E-01  8.082018E+00  1.575194E-01  6.227686E+00  9.503619E-02
  1.280  1.976868E+01  4.319404E-01  1.767166E+01  3.609413E-01  1.465591E+01  2.681534E-01  8.337817E+00  1.671867E-01  8.103110E+00  1.610315E-01  6.240425E+00  9.701012E-02
  1.300  1.982649E+01  4.416997E-01  1.771998E+01  3.689641E-01  1.469182E+01  2.739682E-01  8.360199E+00  1.709037E-01  8.124668E+00  1.646022E-01  6.253428E+00  9.900962E-02
  1.320  1.988560E+01  4.516334E-01  1.776937E+01  3.771238E-01  1.472851E+01  2.798750E-01  8.383075E+00  1.746843E-01  8.146702E+00  1.682335E-01  6.266697E+00  1.010354E-01
  1.340  1.994603E+01  4.617474E-01  1.781985E+01  3.854249E-01  1.476599E+01  2.858767E-01  8.406454E+00  1.785306E-01  8.169219E+00  1.719273E-01  6.280236E+00  1.030882E-01
  1.360  2.000781E+01  4.720479E-01  1.787143E+01  3.938720E-01  1.480426E+01  2.919764E-01  8.430345E+00  1.824449E-01  8.192228E+00  1.756857E-01  6.294049E+00  1.051688E-01
  1.380  2.007095E+01  4.825412E-01  1.792413E+01  4.024701E-01  1.484334E+01  2.981771E-01  8.454756E+00  1.864293E-01  8.215736E+00  1.795110E-01  6.308140E+00  1.072779E-01
  1.400  2.013549E+01  4.932340E-01  1.797797E+01  4.112242E-01  1.488325E+01  3.044821E-01  8.479698E+00  1.904863E-01  8.239754E+00  1.834052E-01  6.322511E+00  1.094163E-01
  1.420  2.020145E+01  5.041330E-01  1.803298E+01  4.201395E-01  1.492400E+01  3.108947E-01  8.505179E+00  1.946184E-01  8.264289E+00  1.873707E-01  6.337167E+00  1.115849E-01
  1.440  2.026886E+01  5.152454E-01  1.808918E+01  4.292214E-01  1.496561E+01  3.174185E-01  8.531210E+00  1.988280E-01  8.289352E+00  1.914099E-01  6.352113E+00  1.137845E-01
  1.460  2.033775E+01  5.265786E-01  1.814659E+01  4.384755E-01  1.500808E+01  3.240570E-01  8.557800E+00  2.031178E-01  8.314952E+00  1.955253E-01  6.367352E+00  1.160160E-01
  1.480  2.040815E+01  5.381403E-01  1.820522E+01  4.479077E-01  1.505143E+01  3.308139E-01  8.584961E+00  2.074906E-01  8.341100E+00  1.997194E-01  6.382888E+00  1.182803E-01
  1.500  2.048008E+01  5.499385E-01  1.826511E+01  4.575242E-01  1.509568E+01  3.376931E-01  8.612703E+00  2.119492E-01  8.367805E+00  2.039950E-01  6.398726E+00  1.205782E-01
  1.520  2.055358E+01  5.619815E-01  1.832628E+01  4.673311E-01  1.514085E+01  3.446986E-01  8.641038E+00  2.164966E-01  8.395079E+00  2.083549E-01  6.414870E+00  1.229107E-01
  1.540  2.062868E+01  5.742780E-01  1.838875E+01  4.773352E-01  1.518695E+01  3.518346E-01  8.669978E+00  2.211359E-01  8.422932E+00  2.128020E-01  6.431325E+00  1.252789E-01
  1.560  2.070541E+01  5.868371E-01  1.845255E+01  4.875431E-01  1.523400E+01  3.591053E-01  8.699534E+00  2.258703E-01  8.451377E+00  2.173392E-01  6.448095E+00  1.276836E-01
  1.580  2.078381E+01  5.996681E-01  1.851771E+01  4.979621E-01  1.528202E+01  3.665154E-01  8.729719E+00  2.307033E-01  8.480424E+00  2.219697E-01  6.465187E+00  1.301259E-01
  1.600  2.086391E+01  6.127810E-01  1.858425E+01  5.085996E-01  1.533103E+01  3.740693E-01  8.760546E+00  2.356382E-01  8.510087E+00  2.266969E-01  6.482603E+00  1.326070E-01
  1.620  2.094576E+01  6.261860E-01  1.865221E+01  5.194634E-01  1.538103E+01  3.817721E-01  8.792029E+00  2.406788E-01  8.540378E+00  2.315240E-01  6.500351E+00  1.351278E-01
  1.640  2.102939E+01  6.398938E-01  1.872161E+01  5.305614E-01  1.543206E+01  3.896287E-01  8.824182E+00  2.458289E-01  8.571311E+00  2.364548E-01  6.518434E+00  1.376895E-01
  1.660  2.111483E+01  6.539156E-01  1.879248E+01  5.419020E-01  1.548414E+01  3.976444E-01  8.857018E+00  2.510924E-01  8.602898E+00  2.414928E-01  6.536859E+00  1.402933E-01
  1.680  2.120214E+01  6.682631E-01  1.886486E+01  5.534942E-01  1.553728E+01  4.058246E-01  8.890553E+00  2.564736E-01  8.635155E+00  2.466421E-01  6.555631E+00  1.429403E-01
  1.700  2.129135E+01  6.829484E-01  1.893878E+01  5.653470E-01  1.559151E+01  4.141751E-01  8.924803E+00  2.619767E-01  8.668095E+00  2.519065E-01  6.574755E+00  1.456319E-01
  1.720  2.138251E+01  6.979845E-01  1.901427E+01  5.774700E-01  1.564685E+01  4.227017E-01  8.959782E+00  2.676064E-01  8.701734E+00  2.572904E-01  6.594238E+00  1.483692E-01
  1.740  2.147566E+01  7.133846E-01  1.909138E+01  5.898733E-01  1.570332E+01  4.314107E-01  8.995509E+00  2.733674E-01  8.736088E+00  2.627982E-01  6.614086E+00  1.511536E-01
  1.760  2.157086E+01  7.291627E-01  1.917012E+01  6.025672E-01  1.576095E+01  4.403085E-01  9.032000E+00  2.792646E-01  8.771173E+00  2.684344E-01  6.634305E+00  1.539864E-01
  1.780  2.166815E+01  7.453337E-01  1.925056E+01  6.155628E-01  1.581977E+01  4.494018E-01  9.069274E+00  2.853033E-01  8.807005E+00  2.742040E-01  6.654901E+00  1.568690E-01
  1.800  2.176758E+01  7.619127E-01  1.933271E+01  6.288715E-01  1.587978E+01  4.586977E-01  9.107348E+00  2.914889E-01  8.843603E+00  2.801119E-01  6.675882E+00  1.598030E-01
  1.820  2.186921E+01  7.789160E-01  1.941663E+01  6.425053E-01  1.594104E+01  4.682035E-01  9.146242E+00  2.978273E-01  8.880985E+00  2.861635E-01  6.697253E+00  1.627897E-01
  1.840  2.197309E+01  7.963606E-01  1.950236E+01  6.564768E-01  1.600355E+01  4.779269E-01  9.185976E+00  3.043243E-01  8.919169E+00  2.923643E-01  6.719022E+00  1.658308E-01
  1.860  2.207928E+01  8.142640E-01  1.958994E+01  6.707992E-01  1.606736E+01  4.878758E-01  9.226571E+00  3.109864E-01  8.958175E+00  2.987201E-01  6.741196E+00  1.689277E-01
  1.880  2.218784E+01  8.326452E-01  1.967942E+01  6.854864E-01  1.613249E+01  4.980587E-01  9.268048E+00  3.178202E-01  8.998023E+00  3.052371E-01  6.763783E+00  1.720822E-01
  1.900  2.229883E+01  8.515236E-01  1.977084E+01  7.005529E-01  1.619896E+01  5.084844E-01  9.310431E+00  3.248326E-01  9.038735E+00  3.119216E-01  6.786790E+00  1.752959E-01
  1.920  2.241232E+01  8.709200E-01  1.986426E+01  7.160139E-01  1.626683E+01  5.191620E-01  9.353741E+00  3.320310E-01  9.080332E+00  3.187804E-01  6.810225E+00  1.785707E-01
  1.940  2.252838E+01  8.908561E-01  1.995973E+01  7.318856E-01  1.633610E+01  5.301013E-01  9.398004E+00  3.394232E-01  9.122837E+00  3.258205E-01  6.834097E+00  1.819082E-01
  1.960  2.264707E+01  9.113548E-01  2.005730E+01  7.481848E-01  1.640683E+01  5.413123E-01  9.443245E+00  3.470172E-01  9.166274E+00  3.330494E-01  6.858412E+00  1.853104E-01
  1.980  2.276847E+01  9.324401E-01  2.015702E+01  7.649292E-01  1.647904E+01  5.528055E-01  9.489489E+00  3.548217E-01  9.210668E+00  3.404749E-01  6.883181E+00  1.887793E-01
  2.000  2.289266E+01  9.541377E-01  2.025896E+01  7.821377E-01  1.655278E+01  5.645923E-01  9.536766E+00  3.628458E-01  9.256044E+00  3.481052E-01  6.908412E+00  1.923168E-01
  2.020  2.301971E+01  9.764744E-01  2.036317E+01  7.998300E-01  1.662808E+01  5.766842E-01  9.585102E+00  3.710989E-01  9.302429E+00  3.559490E-01  6.934114E+00  1.959250E-01
  2.040  2.314971E+01  9.994784E-01  2.046972E+01  8.180268E-01  1.670498E+01  5.890935E-01  9.634529E+00  3.795913E-01  9.349850E+00  3.640154E-01  6.960296E+00  1.996060E-01
  2.060  2.328275E+01  1.023180E+00  2.057868E+01  8.367502E-01  1.678352E+01  6.018332E-01  9.685076E+00  3.883335E-01  9.398338E+00  3.723142E-01  6.986969E+00  2.033621E-01
  2.080  2.341891E+01  1.047611E+00  2.069011E+01  8.560233E-01  1.686375E+01  6.149169E-01  9.736776E+00  3.973370E-01  9.447921E+00  3.808554E-01  7.014141E+00  2.071955E-01
  2.100  2.355829E+01  1.072804E+00  2.080408E+01  8.758707E-01  1.694570E+01  6.283589E-01  9.789664E+00  4.066137E-01  9.498632E+00  3.896499E-01  7.041824E+00  2.111087E-01
  2.120  2.370099E+01  1.098796E+00  2.092067E+01  8.963184E-01  1.702944E+01  6.421743E-01  9.843774E+00  4.161764E-01  9.550503E+00  3.987091E-01  7.070028E+00  2.151040E-01
  2.140  2.384712E+01  1.125624E+00  2.103995E+01  9.173938E-01  1.711500E+01  6.563791E-01  9.899144E+00  4.260385E-01  9.603569E+00  4.080449E-01  7.098764E+00  2.191841E-01
  2.160  2.399677E+01  1.153327E+00  2.116201E+01  9.391261E-01  1.720244E+01  6.709901E-01  9.955811E+00  4.362144E-01  9.657866E+00  4.176701E-01  7.128043E+00  2.233515E-01
  2.180  2.415007E+01  1.181950E+00  2.128694E+01  9.615462E-01  1.729181E+01  6.860250E-01  1.001382E+01  4.467193E-01  9.713430E+00  4.275983E-01  7.157876E+00  2.276090E-01
  2.200  2.430712E+01  1.211536E+00  2.141481E+01  9.846869E-01  1.738317E+01  7.015027E-01  1.007320E+01  4.575695E-01  9.770302E+00  4.378438E-01  7.188276E+00  2.319593E-01
  2.220  2.446807E+01  1.242134E+00  2.154573E+01  1.008583E+00  1.747657E+01  7.174429E-01  1.013402E+01  4.687822E-01  9.828522E+00  4.484218E-01  7.219256E+00  2.364054E-01
  2.240  2.463302E+01  1.273796E+00  2.167979E+01  1.033272E+00  1.757207E+01  7.338668E-01  1.019630E+01  4.803759E-01  9.888133E+00  4.593484E-01  7.250826E+00  2.409503E-01
  2.260  2.480213E+01  1.306575E+00  2.181710E+01  1.058792E+00  1.766973E+01  7.507966E-01  1.026010E+01  4.923703E-01  9.949180E+00  4.706409E-01  7.283002E+00  2.455971E-01
  2.280  2.497554E+01  1.340530E+00  2.195775E+01  1.085187E+00  1.776962E+01  7.682560E-01  1.032548E+01  5.047864E-01  1.001171E+01  4.823176E-01  7.315796E+00  2.503490E-01
  2.300  2.515338E+01  1.375723E+00  2.210187E+01  1.112501E+00  1.787182E+01  7.862701E-01  1.039248E+01  5.176469E-01  1.007577E+01  4.943980E-01  7.349222E+00  2.552093E-01
  2.320  2.533583E+01  1.412221E+00  2.224956E+01  1.140781E+00  1.797638E+01  8.048655E-01  1.046116E+01  5.309758E-01  1.014142E+01  5.069029E-01  7.383295E+00  2.601815E-01
  2.340  2.552305E+01  1.450096E+00  2.240096E+01  1.170080E+00  1.808339E+01  8.240706E-01  1.053158E+01  5.447992E-01  1.020870E+01  5.198544E-01  7.418030E+00  2.652691E-01
  2.360  2.571522E+01  1.489422E+00  2.255618E+01  1.200452E+00  1.819292E+01  8.439157E-01  1.060381E+01  5.591449E-01  1.027768E+01  5.332764E-01  7.453442E+00  2.704757E-01
  2.380  2.591251E+01  1.530283E+00  2.271538E+01  1.231956E+00  1.830506E+01  8.644329E-01  1.067790E+01  5.740429E-01  1.034841E+01  5.471943E-01  7.489546E+00  2.758052E-01
  2.400  2.611512E+01  1.572767E+00  2.287869E+01  1.264655E+00  1.841989E+01  8.856566E-01  1.075394E+01  5.895256E-01  1.042097E+01  5.616352E-01  7.526359E+00  2.812615E-01
  2.420  2.632325E+01  1.616968E+00  2.304626E+01  1.298616E+00  1.853750E+01  9.076234E-01  1.083198E+01  6.056279E-01  1.049540E+01  5.766284E-01  7.563899E+00  2.868485E-01
  2.440  2.653713E+01  1.662988E+00  2.321825E+01  1.333914E+00  1.865799E+01  9.303726E-01  1.091211E+01  6.223874E-01  1.057180E+01  5.922050E-01  7.602182E+00  2.925704E-01
  2.460  2.675697E+01  1.710937E+00  2.339483E+01  1.370626E+00  1.878146E+01  9.539461E-01  1.099442E+01  6.398453E-01  1.065021E+01  6.083989E-01  7.641226E+00  2.984315E-01
  2.480  2.698303E+01  1.760935E+00  2.357618E+01  1.408838E+00  1.890800E+01  9.783890E-01  1.107898E+01  6.580457E-01  1.073074E+01  6.252463E-01  7.681050E+00  3.044361E-01
  2.500  2.721555E+01  1.813109E+00  2.376248E+01  1.448642E+00  1.903774E+01  1.003749E+00  1.116589E+01  6.770369E-01  1.081345E+01  6.427861E-01  7.721674E+00  3.105886E-01
  2.520  2.745480E+01  1.867600E+00  2.395393E+01  1.490136E+00  1.917078E+01  1.030079E+00  1.125524E+01  6.968715E-01  1.089844E+01  6.610607E-01  7.763116E+00  3.168938E-01
  2.540  2.770107E+01  1.924559E+00  2.415074E+01  1.533429E+00  1.930726E+01  1.057435E+00  1.134714E+01  7.176067E-01  1.098579E+01  6.801154E-01  7.805398E+00  3.233563E-01
  2.560  2.795467E+01  1.984149E+00  2.435313E+01  1.578637E+00  1.944729E+01  1.085876E+00  1.144170E+01  7.393053E-01  1.107561E+01  6.999997E-01  7.848540E+00  3.299808E-01
  2.580  2.821591E+01  2.046551E+00  2.456134E+01  1.625890E+00  1.959102E+01  1.115467E+00  1.153903E+01  7.620360E-01  1.116799E+01  7.207669E-01  7.892564E+00  3.367723E-01
  2.600  2.848513E+01  2.111959E+00  2.477561E+01  1.675324E+00  1.973858E+01  1.146278E+00  1.163926E+01  7.858743E-01  1.126304E+01  7.424752E-01  7.937494E+00  3.437357E-01
  2.620  2.876271E+01  2.180588E+00  2.499622E+01  1.727094E+00  1.989014E+01  1.178386E+00  1.174251E+01  8.109032E-01  1.136089E+01  7.651875E-01  7.983351E+00  3.508759E-01
  2.640  2.904902E+01  2.252671E+00  2.522343E+01  1.781364E+00  2.004584E+01  1.211873E+00  1.184893E+01  8.372146E-01  1.146165E+01  7.889727E-01  8.030160E+00  3.581980E-01
  2.660  2.934448E+01  2.328465E+00  2.545755E+01  1.838319E+00  2.020586E+01  1.246827E+00  1.195866E+01  8.649101E-01  1.156545E+01  8.139057E-01  8.077946E+00  3.657070E-01
  2.680  2.964953E+01  2.408253E+00  2.569890E+01  1.898159E+00  2.037039E+01  1.283347E+00  1.207187E+01  8.941024E-01  1.167243E+01  8.400686E-01  8.126734E+00  3.734079E-01
  2.700  2.996463E+01  2.492346E+00  2.594781E+01  1.961107E+00  2.053961E+01  1.321538E+00  1.218872E+01  9.249172E-01  1.178274E+01  8.675511E-01  8.176550E+00  3.813056E-01
  2.720  3.029029E+01  2.581089E+00  2.620465E+01  2.027407E+00  2.071372E+01  1.361515E+00  1.230939E+01  9.574947E-01  1.189654E+01  8.964519E-01  8.227422E+00  3.894048E-01
  2.740  3.062705E+01  2.674864E+00  2.646980E+01  2.097332E+00  2.089294E+01  1.403405E+00  1.243409E+01  9.919922E-01  1.201399E+01  9.268794E-01  8.279377E+00  3.977101E-01
  2.760  3.097547E+01  2.774095E+00  2.674368E+01  2.171186E+00  2.107750E+01  1.447348E+00  1.256300E+01  1.028586E+00  1.213528E+01  9.589531E-01  8.332445E+00  4.062258E-01
  2.780  3.133618E+01  2.879255E+00  2.702672E+01  2.249306E+00  2.126764E+01  1.493494E+00  1.269637E+01  1.067477E+00  1.226060E+01  9.928050E-01  8.386654E+00  4.149558E-01
  2.800  3.170981E+01  2.990872E+00  2.731939E+01  2.332072E+00  2.146364E+01  1.542013E+00  1.283442E+01  1.108889E+00  1.239014E+01  1.028581E+00  8.442036E+00  4.239036E-01
  2.820  3.209709E+01  3.109538E+00  2.762220E+01  2.419907E+00  2.166575E+01  1.593089E+00  1.297740E+01  1.153081E+00  1.252414E+01  1.066445E+00  8.498621E+00  4.330721E-01
  2.840  3.249877E+01  3.235920E+00  2.793568E+01  2.513293E+00  2.187428E+01  1.646927E+00  1.312559E+01  1.200345E+00  1.266283E+01  1.106575E+00  8.556442E+00  4.424633E-01
  2.860  3.291564E+01  3.370771E+00  2.826041E+01  2.612770E+00  2.208955E+01  1.703754E+00  1.327928E+01  1.251018E+00  1.280646E+01  1.149174E+00  8.615532E+00  4.520782E-01
  2.880  3.334858E+01  3.514942E+00  2.859699E+01  2.718956E+00  2.231190E+01  1.763824E+00  1.343876E+01  1.305487E+00  1.295530E+01  1.194468E+00  8.675925E+00  4.619167E-01
  2.900  3.379852E+01  3.669402E+00  2.894608E+01  2.832554E+00  2.254168E+01  1.827419E+00  1.360437E+01  1.364200E+00  1.310965E+01  1.242710E+00  8.737655E+00  4.719771E-01
  2.920  3.426643E+01  3.835258E+00  2.930836E+01  2.954369E+00  2.277930E+01  1.894854E+00  1.377643E+01  1.427680E+00  1.326982E+01  1.294184E+00  8.800757E+00  4.822559E-01
  2.940  3.475338E+01  4.013778E+00  2.968458E+01  3.085328E+00  2.302516E+01  1.966485E+00  1.395531E+01  1.496533E+00  1.343615E+01  1.349213E+00  8.865269E+00  4.927473E-01
  2.960  3.526047E+01  4.206420E+00  3.007548E+01  3.226502E+00  2.327972E+01  2.042709E+00  1.414134E+01  1.571473E+00  1.360900E+01  1.408161E+00  8.931227E+00  5.034425E-01
  2.980  3.578886E+01  4.414871E+00  3.048188E+01  3.379133E+00  2.354346E+01  2.123979E+00  1.433490E+01  1.653340E+00  1.378877E+01  1.471443E+00  8.998668E+00  5.143294E-01
  3.000  3.633979E+01  4.641087E+00  3.090457E+01  3.544670E+00  2.381688E+01  2.210805E+00  1.453630E+01  1.743129E+00  1.397587E+01  1.539532E+00  9.067630E+00  5.253915E-01
  3.020  3.691449E+01  4.887346E+00  3.134436E+01  3.724808E+00  2.410055E+01  2.303770E+00  1.474586E+01  1.842019E+00  1.417075E+01  1.612970E+00  9.138152E+00  5.366071E-01
  3.040  3.751420E+01  5.156311E+00  3.180204E+01  3.921535E+00  2.439506E+01  2.403539E+00  1.496379E+01  1.951412E+00  1.437390E+01  1.692381E+00  9.210271E+00  5.479480E-01
  3.060  3.814013E+01  5.451100E+00  3.227829E+01  4.137189E+00  2.470102E+01  2.510874E+00  1.519020E+01  2.072979E+00  1.458582E+01  1.778485E+00  9.284026E+00  5.593779E-01
  3.080  3.879333E+01  5.775371E+00  3.277365E+01  4.374522E+00  2.501913E+01  2.626655E+00  1.542497E+01  2.208707E+00  1.480707E+01  1.872114E+00  9.359454E+00  5.708505E-01
  3.100  3.947465E+01  6.133413E+00  3.328840E+01  4.636763E+00  2.535009E+01  2.751898E+00  1.566768E+01  2.360943E+00  1.503822E+01  1.974238E+00  9.436590E+00  5.823068E-01
  3.120  4.018451E+01  6.530229E+00  3.382236E+01  4.927677E+00  2.569466E+01  2.887784E+00  1.591745E+01  2.532440E+00  1.527986E+01  2.085991E+00  9.515470E+00  5.936715E-01
  3.140  4.092267E+01  6.971611E+00  3.437472E+01  5.251600E+00  2.605361E+01  3.035690E+00  1.617263E+01  2.726353E+00  1.553260E+01  2.208699E+00  9.596123E+00  6.048481E-01
  3.160  4.168791E+01  7.464139E+00  3.494363E+01  5.613397E+00  2.642774E+01  3.197228E+00  1.643055E+01  2.946176E+00  1.579704E+01  2.343920E+00  9.678576E+00  6.157122E-01
  3.180  4.247752E+01  8.015071E+00  3.552584E+01  6.018303E+00  2.681787E+01  3.374298E+00  1.668705E+01  3.195535E+00  1.607375E+01  2.493489E+00  9.762848E+00  6.261005E-01
  3.200  4.328673E+01  8.631976E+00  3.611610E+01  6.471494E+00  2.722478E+01  3.569136E+00  1.693594E+01  3.477715E+00  1.636325E+01  2.659568E+00  9.848954E+00  6.357962E-01
  3.220  4.410814E+01  9.321966E+00  3.670665E+01  6.977261E+00  2.764915E+01  3.784393E+00  1.716848E+01  3.794762E+00  1.666591E+01  2.844704E+00  9.936904E+00  6.445057E-01
  3.240  4.493133E+01  1.009033E+01  3.728690E+01  7.537570E+00  2.809156E+01  4.023208E+00  1.737311E+01  4.145970E+00  1.698192E+01  3.051883E+00  1.002671E+01  6.518258E-01
  3.260  4.574317E+01  1.093849E+01  3.784392E+01  8.149936E+00  2.855231E+01  4.289302E+00  1.753596E+01  4.525647E+00  1.731117E+01  3.284598E+00  1.011843E+01  6.572001E-01
  3.280  4.652979E+01  1.186157E+01  3.836448E+01  8.804935E+00  2.903128E+01  4.587073E+00  1.764301E+01  4.920515E+00  1.765308E+01  3.546904E+00  1.021219E+01  6.598678E-01
  3.300  4.728071E+01  1.284686E+01  3.883944E+01  9.484575E+00  2.952775E+01  4.921680E+00  1.768457E+01  5.307944E+00  1.800650E+01  3.843478E+00  1.030833E+01  6.588245E-01
  3.320  4.799511E+01  1.387539E+01  3.927022E+01  1.016380E+01  3.003998E+01  5.299100E+00  1.766198E+01  5.657333E+00  1.836935E+01  4.179684E+00  1.040750E+01  6.528257E-01
  3.340  4.868716E+01  1.492889E+01  3.967461E+01  1.081736E+01  3.056483E+01  5.726085E+00  1.759370E+01  5.936875E+00  1.873834E+01  4.561607E+00  1.051086E+01  6.404706E-01
  3.360  4.938558E+01  1.600114E+01  4.008702E+01  1.143125E+01  3.109710E+01  6.209949E+00  1.751583E+01  6.124936E+00  1.910827E+01  4.995968E+00  1.062018E+01  6.203676E-01
  3.380  5.012409E+01  1.710787E+01  4.054975E+01  1.201298E+01  3.162887E+01  6.758028E+00  1.747386E+01  6.220311E+00  1.947128E+01  5.489676E+00  1.073787E+01  5.913335E-01
  3.400  5.092616E+01  1.828760E+01  4.109871E+01  1.259358E+01  3.214877E+01  7.376608E+00  1.750889E+01  6.244202E+00  1.981593E+01  6.048750E+00  1.086701E+01  5.525639E-01
  3.420  5.179286E+01  1.959201E+01  4.175189E+01  1.321979E+01  3.264168E+01  8.069159E+00  1.764675E+01  6.232598E+00  2.012685E+01  6.676395E+00  1.101129E+01  5.037947E-01
  3.440  5.270005E+01  2.107159E+01  4.250585E+01  1.394250E+01  3.308949E+01  8.833900E+00  1.789550E+01  6.225054E+00  2.038546E+01  7.370364E+00  1.117505E+01  4.455458E-01
  3.460  5.360423E+01  2.276426E+01  4.333901E+01  1.480796E+01  3.347362E+01  9.661341E+00  1.824964E+01  6.256725E+00  2.057282E+01  8.120403E+00  1.136316E+01  3.794802E-01
  3.480  5.445231E+01  2.469064E+01  4.421650E+01  1.585394E+01  3.377990E+01  1.053349E+01  1.869606E+01  6.355802E+00  2.067466E+01  8.907539E+00  1.158065E+01  3.087425E-01
  3.500  5.519022E+01  2.685630E+01  4.509315E+01  1.710873E+01  3.400417E+01  1.142694E+01  1.921807E+01  6.544398E+00  2.068735E+01  9.707585E+00  1.183212E+01  2.380177E-01
  3.520  5.576587E+01  2.925844E+01  4.591422E+01  1.858985E+01  3.415504E+01  1.232066E+01  1.979716E+01  6.840266E+00  2.062042E+01  1.049958E+01  1.212136E+01  1.732285E-01
  3.540  5.612373E+01  3.189083E+01  4.661558E+01  2.030030E+01  3.424941E+01  1.320473E+01  2.041349E+01  7.258138E+00  2.049126E+01  1.127525E+01  1.245146E+01  1.212764E-01
  3.560  5.619531E+01  3.473848E+01  4.712644E+01  2.222203E+01  3.430176E+01  1.408310E+01  2.104569E+01  7.810901E+00  2.031287E+01  1.204170E+01  1.282492E+01  9.044622E-02
  3.580  5.589763E+01  3.776037E+01  4.737784E+01  2.430893E+01  3.431490E+01  1.496654E+01  2.166958E+01  8.510675E+00  2.008257E+01  1.281304E+01  1.324297E+01  9.128194E-02
  3.600  5.515062E+01  4.087143E+01  4.731794E+01  2.648499E+01  3.427991E+01  1.586120E+01  2.225533E+01  9.368592E+00  1.978123E+01  1.359552E+01  1.370354E+01  1.364832E-01
  3.620  5.390971E+01  4.394272E+01  4.692934E+01  2.865398E+01  3.418490E+01  1.676226E+01  2.276410E+01  1.039144E+01  1.938401E+01  1.437705E+01  1.419982E+01  2.387212E-01
  3.640  5.219205E+01  4.682957E+01  4.623738E+01  3.072143E+01  3.402395E+01  1.765733E+01  2.314729E+01  1.157474E+01  1.887495E+01  1.512827E+01  1.472134E+01  4.079305E-01
  3.660  5.007318E+01  4.941266E+01  4.530053E+01  3.261761E+01  3.379857E+01  1.853438E+01  2.335107E+01  1.289463E+01  1.825489E+01  1.581325E+01  1.525682E+01  6.513761E-01
  3.680  4.765423E+01  5.162040E+01  4.418846E+01  3.430578E+01  3.351220E+01  1.938562E+01  2.332689E+01  1.430250E+01  1.753886E+01  1.639985E+01  1.579422E+01  9.765672E-01
  3.700  4.503104E+01  5.341617E+01  4.296609E+01  3.577268E+01  3.316568E+01  2.020393E+01  2.304588E+01  1.572625E+01  1.674966E+01  1.686207E+01  1.631641E+01  1.391854E+00
  3.720  4.229514E+01  5.477299E+01  4.169438E+01  3.701656E+01  3.275941E+01  2.097760E+01  2.251325E+01  1.708089E+01  1.591693E+01  1.717763E+01  1.679757E+01  1.900696E+00
  3.740  3.955717E+01  5.567339E+01  4.043853E+01  3.804867E+01  3.229975E+01  2.169018E+01  2.177556E+01  1.828959E+01  1.508136E+01  1.733024E+01  1.720686E+01  2.493304E+00
  3.760  3.695377E+01  5.614076E+01  3.926635E+01  3.890620E+01  3.180310E+01  2.232630E+01  2.091239E+01  1.930907E+01  1.429447E+01  1.731910E+01  1.751888E+01  3.143671E+00
  3.780  3.461540E+01  5.626850E+01  3.823078E+01  3.966152E+01  3.129397E+01  2.287911E+01  2.001056E+01  2.014565E+01  1.360851E+01  1.716671E+01  1.772395E+01  3.815834E+00
  3.800  3.261506E+01  5.621177E+01  3.734514E+01  4.041502E+01  3.079834E+01  2.335419E+01  1.913196E+01  2.085036E+01  1.306246E+01  1.691649E+01  1.783072E+01  4.475983E+00
  3.820  3.093734E+01  5.614107E+01  3.656606E+01  4.126995E+01  3.033646E+01  2.376829E+01  1.829229E+01  2.149375E+01  1.267483E+01  1.662168E+01  1.785947E+01  5.102686E+00
  3.840  2.948845E+01  5.618923E+01  3.579540E+01  4.229894E+01  2.991839E+01  2.414463E+01  1.746124E+01  2.213463E+01  1.244601E+01  1.633605E+01  1.783053E+01  5.688581E+00
  3.860  2.813372E+01  5.642282E+01  3.490149E+01  4.351669E+01  2.954255E+01  2.450799E+01  1.657984E+01  2.279831E+01  1.236174E+01  1.611222E+01  1.775661E+01  6.233268E+00
  3.880  2.673377E+01  5.684275E+01  3.375203E+01  4.486755E+01  2.919504E+01  2.488014E+01  1.558295E+01  2.346937E+01  1.238983E+01  1.600175E+01  1.764385E+01  6.733994E+00
  3.900  2.516485E+01  5.739691E+01  3.224942E+01  4.623062E+01  2.884970E+01  2.527340E+01  1.441906E+01  2.409470E+01  1.247310E+01  1.604693E+01  1.749968E+01  7.181939E+00
  3.920  2.332844E+01  5.798923E+01  3.036118E+01  4.744264E+01  2.847259E+01  2.568222E+01  1.306712E+01  2.459303E+01  1.253031E+01  1.626301E+01  1.734007E+01  7.567024E+00
  3.940  2.116207E+01  5.848350E+01  2.813458E+01  4.833592E+01  2.803316E+01  2.607686E+01  1.154904E+01  2.487211E+01  1.247212E+01  1.662134E+01  1.718923E+01  7.887239E+00
  3.960  1.865733E+01  5.870931E+01  2.568618E+01  4.877814E+01  2.752043E+01  2.640487E+01  9.931736E+00  2.485172E+01  1.222829E+01  1.704496E+01  1.707109E+01  8.154040E+00
  3.980  1.588345E+01  5.848046E+01  2.317287E+01  4.869515E+01  2.695829E+01  2.660381E+01  8.316719E+00  2.448440E+01  1.177585E+01  1.742242E+01  1.699957E+01  8.388057E+00
  4.000  1.300449E+01  5.763485E+01  2.076371E+01  4.807260E+01  2.641140E+01  2.662455E+01  6.821719E+00  2.376784E+01  1.115612E+01  1.763882E+01  1.697705E+01  8.608886E+00
  4.020  1.026850E+01  5.609068E+01  1.862355E+01  4.695013E+01  2.597414E+01  2.645678E+01  5.559521E+00  2.274805E+01  1.046951E+01  1.761476E+01  1.700176E+01  8.829190E+00
  4.040  7.956109E+00  5.389259E+01  1.690096E+01  4.541942E+01  2.574363E+01  2.614335E+01  4.616716E+00  2.151316E+01  9.845180E+00  1.733579E+01  1.707542E+01  9.058260E+00
  4.060  6.304199E+00  5.121583E+01  1.571019E+01  4.362214E+01  2.578854E+01  2.577430E+01  4.037213E+00  2.017679E+01  9.398260E+00  1.685537E+01  1.720337E+01  9.309835E+00
  4.080  5.442787E+00  4.832019E+01  1.510902E+01  4.173655E+01  2.612931E+01  2.546350E+01  3.817016E+00  1.885484E+01  9.197287E+00  1.627095E+01  1.738804E+01  9.606096E+00
  4.100  5.376110E+00  4.547854E+01  1.508483E+01  3.994977E+01  2.673658E+01  2.532119E+01  3.912345E+00  1.764439E+01  9.255825E+00  1.568930E+01  1.762175E+01  9.975179E+00
  4.120  6.008192E+00  4.291720E+01  1.555855E+01  3.842542E+01  2.754314E+01  2.543456E+01  4.255963E+00  1.661228E+01  9.544714E+00  1.520030E+01  1.788318E+01  1.044473E+01
  4.140  7.188388E+00  4.078894E+01  1.640452E+01  3.727988E+01  2.845936E+01  2.585947E+01  4.773387E+00  1.579446E+01  1.001137E+01  1.486630E+01  1.813792E+01  1.103493E+01
  4.160  8.751684E+00  3.917497E+01  1.747577E+01  3.657284E+01  2.938565E+01  2.661939E+01  5.393586E+00  1.520169E+01  1.059530E+01  1.472340E+01  1.834194E+01  1.175272E+01
  4.180  1.054306E+01  3.810038E+01  1.862654E+01  3.630903E+01  3.022124E+01  2.770620E+01  6.053827E+00  1.482610E+01  1.123641E+01  1.478712E+01  1.844705E+01  1.258762E+01
  4.200  1.242823E+01  3.755018E+01  1.973002E+01  3.644547E+01  3.087237E+01  2.908051E+01  6.701463E+00  1.464584E+01  1.187817E+01  1.505719E+01  1.840835E+01  1.350944E+01
  4.220  1.429809E+01  3.748103E+01  2.069326E+01  3.690252E+01  3.126243E+01  3.067334E+01  7.295698E+00  1.462768E+01  1.246882E+01  1.551987E+01  1.819315E+01  1.446953E+01
  4.240  1.607255E+01  3.783034E+01  2.146914E+01  3.758029E+01  3.134353E+01  3.239235E+01  7.810641E+00  1.473014E+01  1.296374E+01  1.614840E+01  1.778954E+01  1.540667E+01
  4.260  1.770459E+01  3.852731E+01  2.206127E+01  3.838170E+01  3.110575E+01  3.413488E+01  8.238204E+00  1.490921E+01  1.332968E+01  1.690460E+01  1.721142E+01  1.625763E+01
  4.280  1.917977E+01  3.950805E+01  2.251561E+01  3.923773E+01  3.057869E+01  3.580584E+01  8.587443E+00  1.512631E+01  1.354919E+01  1.774333E+01  1.649733E+01  1.696964E+01
  4.300  2.050626E+01  4.072989E+01  2.289776E+01  4.012509E+01  2.982243E+01  3.733413E+01  8.878817E+00  1.535445E+01  1.362194E+01  1.861948E+01  1.570224E+01  1.751097E+01
  4.320  2.169794E+01  4.217655E+01  2.326344E+01  4.106648E+01  2.891212E+01  3.867965E+01  9.137072E+00  1.557870E+01  1.356264E+01  1.949370E+01  1.488455E+01  1.787451E+01
  4.340  2.276073E+01  4.385185E+01  2.363652E+01  4.211341E+01  2.792603E+01  3.983097E+01  9.388666E+00  1.579289E+01  1.339901E+01  2.033608E+01  1.409482E+01  1.807255E+01
  4.360  2.368838E+01  4.577084E+01  2.400338E+01  4.332236E+01  2.694087E+01  4.080319E+01  9.663819E+00  1.600000E+01  1.317068E+01  2.113188E+01  1.337220E+01  1.812776E+01
  4.380  2.446212E+01  4.795657E+01  2.432056E+01  4.473660E+01  2.602526E+01  4.164188E+01  9.995590E+00  1.621879E+01  1.292288E+01  2.189106E+01  1.274692E+01  1.806779E+01
  4.400  2.504532E+01  5.043932E+01  2.452701E+01  4.637742E+01  2.522316E+01  4.242376E+01  1.040970E+01  1.649004E+01  1.268989E+01  2.265355E+01  1.224234E+01  1.792476E+01
  4.420  2.537428E+01  5.324945E+01  2.455544E+01  4.824211E+01  2.453547E+01  4.324255E+01  1.090904E+01  1.687270E+01  1.247511E+01  2.348040E+01  1.187405E+01  1.773563E+01
  4.440  2.535346E+01  5.640146E+01  2.434126E+01  5.030638E+01  2.391439E+01  4.418306E+01  1.146319E+01  1.742892E+01  1.224086E+01  2.443190E+01  1.164802E+01  1.754111E+01
  4.460  2.486105E+01  5.987474E+01  2.382739E+01  5.252853E+01  2.327466E+01  4.529712E+01  1.200919E+01  1.820490E+01  1.191386E+01  2.554380E+01  1.155826E+01  1.738348E+01
  4.480  2.376666E+01  6.359739E+01  2.296719E+01  5.485188E+01  2.251546E+01  4.659020E+01  1.246255E+01  1.921473E+01  1.140281E+01  2.681120E+01  1.158468E+01  1.730183E+01
  4.500  2.195876E+01  6.744247E+01  2.172933E+01  5.720738E+01  2.154531E+01  4.802218E+01  1.273641E+01  2.043135E+01  1.062143E+01  2.818429E+01  1.169479E+01  1.732431E+01
  4.520  1.937025E+01  7.124387E+01  2.010148E+01  5.952177E+01  2.030062E+01  4.952253E+01  1.276537E+01  2.179035E+01  9.509971E+00  2.957783E+01  1.185223E+01  1.746298E+01
  4.540  1.598405E+01  7.482428E+01  1.808406E+01  6.172665E+01  1.874749E+01  5.101115E+01  1.252278E+01  2.321058E+01  8.045411E+00  3.089086E+01  1.202690E+01  1.771742E+01
  4.560  1.181611E+01  7.801052E+01  1.567704E+01  6.375417E+01  1.686873E+01  5.240732E+01  1.201688E+01  2.462211E+01  6.235505E+00  3.202447E+01  1.219719E+01  1.808477E+01
  4.580  6.901113E+00  8.061912E+01  1.288046E+01  6.551574E+01  1.465577E+01  5.361799E+01  1.126657E+01  2.597866E+01  4.105931E+00  3.288360E+01  1.234270E+01  1.856554E+01
  4.600  1.314183E+00  8.242986E+01  9.724611E+00  6.688646E+01  1.212647E+01  5.452179E+01  1.028064E+01  2.724233E+01  1.700883E+00  3.336514E+01  1.243647E+01  1.915832E+01
  4.620 -4.770443E+00  8.319473E+01  6.315078E+00  6.772715E+01  9.362944E+00  5.498081E+01  9.065651E+00  2.835816E+01 -8.941813E-01  3.335514E+01  1.244800E+01  1.984927E+01
  4.640 -1.103403E+01  8.271311E+01  2.849327E+00  6.794963E+01  6.532310E+00  5.489278E+01  7.657621E+00  2.925202E+01 -3.527262E+00  3.275730E+01  1.235687E+01  2.061003E+01
  4.660 -1.704491E+01  8.094161E+01 -4.287731E-01  6.758602E+01  3.855060E+00  5.425390E+01  6.143211E+00  2.986427E+01 -5.986289E+00  3.154533E+01  1.216298E+01  2.141114E+01
  4.680 -2.237614E+01  7.805713E+01 -3.321821E+00  6.680610E+01  1.528952E+00  5.318128E+01  4.640402E+00  3.019328E+01 -8.050186E+00  2.980137E+01  1.187944E+01  2.224018E+01
  4.700 -2.674181E+01  7.441683E+01 -5.761965E+00  6.586074E+01 -3.426731E-01  5.187283E+01  3.247264E+00  3.030783E+01 -9.558100E+00  2.770721E+01  1.151126E+01  2.310602E+01
  4.720 -3.006721E+01  7.043794E+01 -7.832489E+00  6.498347E+01 -1.773105E+00  5.053188E+01  1.998156E+00  3.031522E+01 -1.045452E+01  2.549084E+01  1.103893E+01  2.402255E+01
  4.740 -3.246385E+01  6.647441E+01 -9.720255E+00  6.430676E+01 -2.861019E+00  4.930434E+01  8.580473E-01  3.030953E+01 -1.078851E+01  2.336105E+01  1.042184E+01  2.498499E+01
  4.760 -3.414712E+01  6.274975E+01 -1.163238E+01  6.383233E+01 -3.736306E+00  4.825639E+01 -2.477912E-01  3.033549E+01 -1.067653E+01  2.146329E+01  9.619095E+00  2.595788E+01
  4.780 -3.535225E+01  5.935300E+01 -1.372336E+01  6.345886E+01 -4.516331E+00  4.738769E+01 -1.394435E+00  3.038367E+01 -1.025498E+01  1.987013E+01  8.611211E+00  2.688320E+01
  4.800 -3.627882E+01  5.626952E+01 -1.606386E+01  6.303847E+01 -5.286132E+00  4.665768E+01 -2.631775E+00  3.040838E+01 -9.646505E+00  1.859869E+01  7.406810E+00  2.770014E+01
  4.820 -3.706314E+01  5.342031E+01 -1.864995E+01  6.242425E+01 -6.096325E+00  4.600709E+01 -3.978053E+00  3.034859E+01 -8.949265E+00  1.763519E+01  6.033108E+00  2.835928E+01
  4.840 -3.776900E+01  5.070018E+01 -2.142563E+01  6.149048E+01 -6.966457E+00  4.537030E+01 -5.422385E+00  3.014134E+01 -8.241231E+00  1.695016E+01  4.523915E+00  2.882197E+01
  4.860 -3.839313E+01  4.801312E+01 -2.429544E+01  6.013738E+01 -7.887069E+00  4.468322E+01 -6.927144E+00  2.973031E+01 -7.585368E+00  1.650188E+01  2.918118E+00  2.905278E+01
  4.880 -3.888526E+01  4.529956E+01 -2.712866E+01  5.829918E+01 -8.820763E+00  4.389156E+01 -8.430752E+00  2.907507E+01 -7.028456E+00  1.623537E+01  1.267450E+00  2.901785E+01
  4.900 -3.917654E+01  4.254823E+01 -2.976744E+01  5.595870E+01 -9.704779E+00  4.296101E+01 -9.854125E+00  2.816054E+01 -6.593893E+00  1.608450E+01 -3.562956E-01  2.869375E+01
  4.920 -3.920556E+01  3.979210E+01 -3.204525E+01  5.316185E+01 -1.045767E+01  4.188929E+01 -1.111103E+01  2.700443E+01 -6.273576E+00  1.598253E+01 -1.862452E+00  2.808304E+01
  4.940 -3.893577E+01  3.709526E+01 -3.381644E+01  5.002396E+01 -1.099391E+01  4.071795E+01 -1.212288E+01  2.566129E+01 -6.028127E+00  1.588087E+01 -3.155377E+00  2.722951E+01
  4.960 -3.836432E+01  3.453653E+01 -3.499185E+01  4.671772E+01 -1.124840E+01  3.953626E+01 -1.283764E+01  2.421841E+01 -5.802240E+00  1.576625E+01 -4.160008E+00  2.622233E+01
  4.980 -3.752335E+01  3.219230E+01 -3.556434E+01  4.343790E+01 -1.120362E+01  3.846808E+01 -1.324541E+01  2.277915E+01 -5.549549E+00  1.566332E+01 -4.847694E+00  2.518084E+01
  5.000 -3.647374E+01  3.012121E+01 -3.560739E+01  4.035550E+01 -1.090489E+01  3.764257E+01 -1.338095E+01  2.143873E+01 -5.252421E+00  1.562028E+01 -5.246775E+00  2.422479E+01
  5.020 -3.529265E+01  2.835446E+01 -3.524690E+01  3.758370E+01 -1.045555E+01  3.716162E+01 -1.331117E+01  2.026412E+01 -4.927462E+00  1.568774E+01 -5.432693E+00  2.344575E+01
  5.040 -3.405934E+01  2.689406E+01 -3.462262E+01  3.516870E+01 -9.997194E+00  3.707741E+01 -1.311553E+01  1.928633E+01 -4.619212E+00  1.590189E+01 -5.506063E+00  2.289189E+01
  5.060 -3.284405E+01  2.571764E+01 -3.385731E+01  3.310240E+01 -9.686045E+00  3.738307E+01 -1.286913E+01  1.850435E+01 -4.389557E+00  1.627482E+01 -5.570953E+00  2.256714E+01
  5.080 -3.170194E+01  2.478611E+01 -3.304233E+01  3.134477E+01 -9.671497E+00  3.801131E+01 -1.263328E+01  1.789454E+01 -4.307015E+00  1.678942E+01 -5.720031E+00  2.243789E+01
  5.100 -3.067144E+01  2.405024E+01 -3.223822E+01  2.984306E+01 -1.007503E+01  3.883610E+01 -1.245289E+01  1.741899E+01 -4.434532E+00  1.739590E+01 -6.025351E+00  2.244007E+01
  5.120 -2.977343E+01  2.345494E+01 -3.148085E+01  2.854159E+01 -1.096425E+01  3.968012E+01 -1.235529E+01  1.703041E+01 -4.812841E+00  1.801254E+01 -6.528986E+00  2.248530E+01
  5.140 -2.900863E+01  2.294369E+01 -3.078447E+01  2.738566E+01 -1.232361E+01  4.033832E+01 -1.234693E+01  1.667687E+01 -5.441403E+00  1.853726E+01 -7.231038E+00  2.247216E+01
  5.160 -2.835545E+01  2.246730E+01 -3.014152E+01  2.632794E+01 -1.403780E+01  4.062508E+01 -1.241043E+01  1.631126E+01 -6.266909E+00  1.887321E+01 -8.082009E+00  2.230832E+01
  5.180 -2.777404E+01  2.199627E+01 -2.952674E+01  2.533920E+01 -1.590970E+01  4.043288E+01 -1.250839E+01  1.590462E+01 -7.191144E+00  1.896111E+01 -8.991441E+00  2.193927E+01
  5.200 -2.721991E+01  2.153003E+01 -2.891028E+01  2.441662E+01 -1.771811E+01  3.977156E+01 -1.259717E+01  1.545586E+01 -8.100404E+00  1.880125E+01 -9.856398E+00  2.136772E+01
  5.220 -2.666250E+01  2.109531E+01 -2.827557E+01  2.358147E+01 -1.929180E+01  3.876108E+01 -1.264533E+01  1.499022E+01 -8.903912E+00  1.845139E+01 -1.059815E+01  2.064987E+01
  5.240 -2.609946E+01  2.073230E+01 -2.763236E+01  2.286493E+01 -2.056195E+01  3.757796E+01 -1.264725E+01  1.454557E+01 -9.561686E+00  1.800040E+01 -1.118794E+01  1.986865E+01
  5.260 -2.555921E+01  2.047465E+01 -2.701787E+01  2.228826E+01 -2.156810E+01  3.638329E+01 -1.262476E+01  1.415339E+01 -1.008895E+01  1.753207E+01 -1.164938E+01  1.909774E+01
  5.280 -2.509118E+01  2.033230E+01 -2.648540E+01  2.184637E+01 -2.242034E+01  3.526705E+01 -1.261690E+01  1.382316E+01 -1.053832E+01  1.709646E+01 -1.203887E+01  1.837405E+01
  5.300 -2.474824E+01  2.028302E+01 -2.608504E+01  2.150099E+01 -2.324060E+01  3.422895E+01 -1.266260E+01  1.353627E+01 -1.097122E+01  1.669932E+01 -1.241520E+01  1.768879E+01
  5.320 -2.456741E+01  2.027533E+01 -2.584296E+01  2.118672E+01 -2.410894E+01  3.319715E+01 -1.278319E+01  1.325131E+01 -1.143151E+01  1.631008E+01 -1.281169E+01  1.699837E+01
  5.340 -2.455533E+01  2.024211E+01 -2.574742E+01  2.082938E+01 -2.503498E+01  3.207247E+01 -1.297113E+01  1.291925E+01 -1.193098E+01  1.588197E+01 -1.322181E+01  1.624932E+01
  5.360 -2.468428E+01  2.012058E+01 -2.574922E+01  2.037073E+01 -2.596281E+01  3.077623E+01 -1.319061E+01  1.250300E+01 -1.245027E+01  1.537414E+01 -1.360374E+01  1.540549E+01
  5.380 -2.490144E+01  1.987064E+01 -2.577827E+01  1.978763E+01 -2.680167E+01  2.928065E+01 -1.339072E+01  1.199245E+01 -1.295146E+01  1.476614E+01 -1.390042E+01  1.446480E+01
  5.400 -2.514692E+01  1.948309E+01 -2.576824E+01  1.909584E+01 -2.746304E+01  2.761235E+01 -1.352510E+01  1.140740E+01 -1.339387E+01  1.406091E+01 -1.406356E+01  1.345874E+01
  5.420 -2.537140E+01  1.897467E+01 -2.567627E+01  1.833803E+01 -2.788708E+01  2.583553E+01 -1.356820E+01  1.078738E+01 -1.374574E+01  1.327898E+01 -1.406957E+01  1.243836E+01
  5.440 -2.554507E+01  1.837505E+01 -2.549023E+01  1.756459E+01 -2.805167E+01  2.402778E+01 -1.352059E+01  1.017456E+01 -1.398893E+01  1.244928E+01 -1.392254E+01  1.145607E+01
  5.460 -2.565678E+01  1.771373E+01 -2.522395E+01  1.681622E+01 -2.796678E+01  2.226032E+01 -1.340264E+01  9.598802E+00 -1.411779E+01  1.160164E+01 -1.364683E+01  1.055232E+01
  5.480 -2.570719E+01  1.701197E+01 -2.490458E+01  1.611343E+01 -2.766232E+01  2.058828E+01 -1.324174E+01  9.071008E+00 -1.413578E+01  1.076285E+01 -1.327573E+01  9.750585E+00
  5.500 -2.570011E+01  1.628036E+01 -2.455743E+01  1.545585E+01 -2.717740E+01  1.904974E+01 -1.305987E+01  8.585815E+00 -1.405272E+01  9.955341E+00 -1.284219E+01  9.059528E+00
  5.520 -2.563451E+01  1.552178E+01 -2.419429E+01  1.483084E+01 -2.655408E+01  1.766822E+01 -1.286672E+01  8.130399E+00 -1.388276E+01  9.196237E+00 -1.237419E+01  8.478098E+00
  5.540 -2.550065E+01  1.473929E+01 -2.381096E+01  1.422711E+01 -2.583404E+01  1.645528E+01 -1.266031E+01  7.694321E+00 -1.364217E+01  8.496999E+00 -1.189408E+01  8.000229E+00
  5.560 -2.528343E+01  1.394460E+01 -2.339486E+01  1.364529E+01 -2.505664E+01  1.541244E+01 -1.243325E+01  7.275429E+00 -1.334725E+01  7.864008E+00 -1.141979E+01  7.617490E+00
  5.580 -2.497131E+01  1.316120E+01 -2.293690E+01  1.309936E+01 -2.425725E+01  1.453292E+01 -1.218008E+01  6.879656E+00 -1.301324E+01  7.299798E+00 -1.096609E+01  7.319930E+00
  5.600 -2.456464E+01  1.241975E+01 -2.243968E+01  1.260979E+01 -2.346610E+01  1.380346E+01 -1.190140E+01  6.516674E+00 -1.265399E+01  6.804066E+00 -1.054512E+01  7.096196E+00
  5.620 -2.407799E+01  1.174950E+01 -2.191827E+01  1.219437E+01 -2.270777E+01  1.320614E+01 -1.160395E+01  6.195165E+00 -1.228186E+01  6.374278E+00 -1.016647E+01  6.933648E+00
  5.640 -2.353691E+01  1.117127E+01 -2.139602E+01  1.186195E+01 -2.200126E+01  1.271966E+01 -1.129844E+01  5.920013E+00 -1.190760E+01  6.006123E+00 -9.837194E+00  6.818387E+00
  5.660 -2.297247E+01  1.069415E+01 -2.089855E+01  1.160997E+01 -2.135962E+01  1.231984E+01 -1.099713E+01  5.691339E+00 -1.154039E+01  5.693900E+00 -9.561283E+00  6.735111E+00
  5.680 -2.241618E+01  1.031504E+01 -2.044833E+01  1.142506E+01 -2.078854E+01  1.198056E+01 -1.071179E+01  5.504469E+00 -1.118779E+01  5.430752E+00 -9.338428E+00  6.667521E+00
  5.700 -2.189567E+01  1.001937E+01 -2.006019E+01  1.128566E+01 -2.028499E+01  1.167657E+01 -1.045190E+01  5.350315E+00 -1.085571E+01  5.208849E+00 -9.162831E+00  6.600215E+00
  5.720 -2.143038E+01  9.782800E+00 -1.973848E+01  1.116614E+01 -1.983808E+01  1.138750E+01 -1.022283E+01  5.216283E+00 -1.054836E+01  5.019456E+00 -9.023675E+00  6.521525E+00
  5.740 -2.102706E+01  9.575038E+00 -1.947592E+01  1.104170E+01 -1.943246E+01  1.110045E+01 -1.002403E+01  5.088111E+00 -1.026784E+01  4.852815E+00 -8.907416E+00  6.425512E+00
  5.760 -2.067709E+01  9.366761E+00 -1.925434E+01  1.089409E+01 -1.905196E+01  1.080999E+01 -9.848099E+00  4.953015E+00 -1.001317E+01  4.698295E+00 -8.800449E+00  6.312312E+00
  5.780 -2.035856E+01  9.138304E+00 -1.904888E+01  1.071762E+01 -1.868162E+01  1.051694E+01 -9.681925E+00  4.803641E+00 -9.778924E+00  4.545810E+00 -8.691314E+00  6.187718E+00
  5.800 -2.004402E+01  8.885893E+00 -1.883662E+01  1.052213E+01 -1.830908E+01  1.022798E+01 -9.510616E+00  4.640864E+00 -9.555126E+00  4.388698E+00 -8.573115E+00  6.062301E+00
  5.820 -1.971081E+01  8.621421E+00 -1.860637E+01  1.032927E+01 -1.792719E+01  9.955001E+00 -9.322604E+00  4.473369E+00 -9.329698E+00  4.226398E+00 -8.446097E+00  5.948967E+00
  5.840 -1.934848E+01  8.365870E+00 -1.836387E+01  1.016256E+01 -1.753691E+01  9.712164E+00 -9.113148E+00  4.314107E+00 -9.092347E+00  4.064771E+00 -8.318628E+00  5.858537E+00
  5.860 -1.896021E+01  8.140465E+00 -1.812929E+01  1.003648E+01 -1.714790E+01  9.510704E+00 -8.884780E+00  4.175881E+00 -8.837563E+00  3.913779E+00 -8.205057E+00  5.794975E+00
  5.880 -1.855912E+01  7.959890E+00 -1.792874E+01  9.949677E+00 -1.677512E+01  9.354058E+00 -8.645475E+00  4.068187E+00 -8.565277E+00  3.784298E+00 -8.120741E+00  5.752602E+00
  5.900 -1.816247E+01  7.829389E+00 -1.778368E+01  9.884578E+00 -1.643285E+01  9.236302E+00 -8.406180E+00  3.995759E+00 -8.279810E+00  3.685883E+00 -8.075962E+00  5.716826E+00
  5.920 -1.778610E+01  7.745434E+00 -1.770225E+01  9.813185E+00 -1.612901E+01  9.145050E+00 -8.178515E+00  3.958250E+00 -7.988503E+00  3.625849E+00 -8.071196E+00  5.668679E+00
  5.940 -1.744072E+01  7.698841E+00 -1.767573E+01  9.706913E+00 -1.586297E+01  9.067471E+00 -7.972647E+00  3.950611E+00 -7.700814E+00  3.608986E+00 -8.096177E+00  5.591718E+00
  5.960 -1.713074E+01  7.679076E+00 -1.768172E+01  9.546491E+00 -1.562826E+01  8.996033E+00 -7.795359E+00  3.964390E+00 -7.427753E+00  3.637268E+00 -8.133805E+00  5.478073E+00
  5.980 -1.685595E+01  7.678087E+00 -1.769259E+01  9.327587E+00 -1.541842E+01  8.930493E+00 -7.649096E+00  3.990028E+00 -7.181237E+00  3.709395E+00 -8.167037E+00  5.330322E+00
