# RPA complex dielectric tensor (cart. coord.) without local fields
# Tolerance =  0.0200 0.0200
# npweps  = 59
# npwwfn  = 137
# nbands  = 6
# loband  = 2
# nkibz   = 64
# nkbz    = 64
# Lorentzian broadening =  0.1500 [eV]
# omega [eV] RE(eps_11) IM(eps_11) RE(eps_22)IM(eps_22) RE(eps_33) IM(eps_33) RE(eps_12) IM(eps_12)RE(eps_13) IM(eps_13) RE(eps_23) IM(eps_23))
  0.000  1.325551E+01  0.000000E+00  1.642910E+01  0.000000E+00  1.682643E+01  0.000000E+00 -2.600623E+00 -0.000000E+00 -2.325263E-01  0.000000E+00 -3.336201E-02 -0.000000E+00
  0.020  1.325587E+01  5.409121E-03  1.642962E+01  7.855763E-03  1.682696E+01  8.085300E-03 -2.600742E+00 -1.797309E-03 -2.325370E-01 -1.617328E-04 -3.336400E-02 -3.030442E-05
  0.040  1.325694E+01  1.082035E-02  1.643118E+01  1.571505E-02  1.682857E+01  1.617425E-02 -2.601097E+00 -3.595568E-03 -2.325690E-01 -3.235530E-04 -3.336999E-02 -6.062807E-05
  0.060  1.325873E+01  1.623579E-02  1.643377E+01  2.358139E-02  1.683124E+01  2.427050E-02 -2.601691E+00 -5.395729E-03 -2.326224E-01 -4.855483E-04 -3.337998E-02 -9.099022E-05
  0.080  1.326124E+01  2.165756E-02  1.643741E+01  3.145832E-02  1.683498E+01  3.237771E-02 -2.602522E+00 -7.198746E-03 -2.326972E-01 -6.478064E-04 -3.339397E-02 -1.214102E-04
  0.100  1.326447E+01  2.708777E-02  1.644209E+01  3.934939E-02  1.683980E+01  4.049956E-02 -2.603592E+00 -9.005575E-03 -2.327934E-01 -8.104156E-04 -3.341197E-02 -1.519074E-04
  0.120  1.326841E+01  3.252856E-02  1.644782E+01  4.725817E-02  1.684569E+01  4.863975E-02 -2.604900E+00 -1.081718E-02 -2.329111E-01 -9.734644E-04 -3.343399E-02 -1.825014E-04
  0.140  1.327308E+01  3.798206E-02  1.645459E+01  5.518824E-02  1.685266E+01  5.680198E-02 -2.606447E+00 -1.263453E-02 -2.330504E-01 -1.137042E-03 -3.346006E-02 -2.132118E-04
  0.160  1.327847E+01  4.345043E-02  1.646241E+01  6.314322E-02  1.686071E+01  6.499001E-02 -2.608235E+00 -1.445861E-02 -2.332112E-01 -1.301239E-03 -3.349017E-02 -2.440586E-04
  0.180  1.328458E+01  4.893583E-02  1.647128E+01  7.112675E-02  1.686985E+01  7.320760E-02 -2.610265E+00 -1.629039E-02 -2.333938E-01 -1.466145E-03 -3.352436E-02 -2.750618E-04
  0.200  1.329142E+01  5.444046E-02  1.648122E+01  7.914252E-02  1.688007E+01  8.145856E-02 -2.612536E+00 -1.813087E-02 -2.335982E-01 -1.631853E-03 -3.356264E-02 -3.062417E-04
  0.220  1.329899E+01  5.996651E-02  1.649221E+01  8.719424E-02  1.689138E+01  8.974676E-02 -2.615051E+00 -1.998107E-02 -2.338245E-01 -1.798455E-03 -3.360504E-02 -3.376190E-04
  0.240  1.330729E+01  6.551623E-02  1.650427E+01  9.528568E-02  1.690380E+01  9.807608E-02 -2.617811E+00 -2.184200E-02 -2.340729E-01 -1.966046E-03 -3.365158E-02 -3.692146E-04
  0.260  1.331633E+01  7.109186E-02  1.651740E+01  1.034206E-01  1.691731E+01  1.064505E-01 -2.620817E+00 -2.371470E-02 -2.343434E-01 -2.134720E-03 -3.370230E-02 -4.010498E-04
  0.280  1.332611E+01  7.669569E-02  1.653161E+01  1.116030E-01  1.693194E+01  1.148740E-01 -2.624071E+00 -2.560022E-02 -2.346363E-01 -2.304575E-03 -3.375723E-02 -4.331461E-04
  0.300  1.333663E+01  8.233004E-02  1.654691E+01  1.198367E-01  1.694768E+01  1.233506E-01 -2.627575E+00 -2.749963E-02 -2.349516E-01 -2.475710E-03 -3.381639E-02 -4.655258E-04
  0.320  1.334790E+01  8.799725E-02  1.656329E+01  1.281256E-01  1.696455E+01  1.318845E-01 -2.631330E+00 -2.941401E-02 -2.352896E-01 -2.648224E-03 -3.387984E-02 -4.982113E-04
  0.340  1.335992E+01  9.369971E-02  1.658078E+01  1.364740E-01  1.698254E+01  1.404799E-01 -2.635338E+00 -3.134448E-02 -2.356504E-01 -2.822221E-03 -3.394761E-02 -5.312257E-04
  0.360  1.337270E+01  9.943983E-02  1.659937E+01  1.448858E-01  1.700168E+01  1.491412E-01 -2.639602E+00 -3.329216E-02 -2.360343E-01 -2.997804E-03 -3.401974E-02 -5.645926E-04
  0.380  1.338624E+01  1.052201E-01  1.661908E+01  1.533654E-01  1.702196E+01  1.578725E-01 -2.644125E+00 -3.525822E-02 -2.364414E-01 -3.175080E-03 -3.409629E-02 -5.983361E-04
  0.400  1.340055E+01  1.110430E-01  1.663991E+01  1.619169E-01  1.704341E+01  1.666785E-01 -2.648907E+00 -3.724383E-02 -2.368720E-01 -3.354159E-03 -3.417730E-02 -6.324811E-04
  0.420  1.341563E+01  1.169111E-01  1.666188E+01  1.705449E-01  1.706602E+01  1.755637E-01 -2.653953E+00 -3.925020E-02 -2.373263E-01 -3.535152E-03 -3.426282E-02 -6.670531E-04
  0.440  1.343148E+01  1.228270E-01  1.668499E+01  1.792538E-01  1.708981E+01  1.845327E-01 -2.659264E+00 -4.127858E-02 -2.378046E-01 -3.718173E-03 -3.435292E-02 -7.020782E-04
  0.460  1.344813E+01  1.287934E-01  1.670925E+01  1.880482E-01  1.711479E+01  1.935903E-01 -2.664844E+00 -4.333022E-02 -2.383071E-01 -3.903340E-03 -3.444765E-02 -7.375834E-04
  0.480  1.346556E+01  1.348130E-01  1.673468E+01  1.969328E-01  1.714096E+01  2.027415E-01 -2.670697E+00 -4.540643E-02 -2.388341E-01 -4.090775E-03 -3.454707E-02 -7.735966E-04
  0.500  1.348380E+01  1.408885E-01  1.676129E+01  2.059124E-01  1.716836E+01  2.119912E-01 -2.676824E+00 -4.750856E-02 -2.393860E-01 -4.280600E-03 -3.465126E-02 -8.101464E-04
  0.520  1.350284E+01  1.470229E-01  1.678909E+01  2.149921E-01  1.719698E+01  2.213446E-01 -2.683229E+00 -4.963799E-02 -2.399631E-01 -4.472943E-03 -3.476028E-02 -8.472626E-04
  0.540  1.352270E+01  1.532190E-01  1.681810E+01  2.241769E-01  1.722684E+01  2.308071E-01 -2.689917E+00 -5.179612E-02 -2.405656E-01 -4.667936E-03 -3.487422E-02 -8.849758E-04
  0.560  1.354338E+01  1.594798E-01  1.684832E+01  2.334720E-01  1.725796E+01  2.403839E-01 -2.696891E+00 -5.398443E-02 -2.411940E-01 -4.865715E-03 -3.499314E-02 -9.233178E-04
  0.580  1.356489E+01  1.658084E-01  1.687978E+01  2.428829E-01  1.729034E+01  2.500809E-01 -2.704155E+00 -5.620442E-02 -2.418486E-01 -5.066419E-03 -3.511713E-02 -9.623213E-04
  0.600  1.358724E+01  1.722080E-01  1.691249E+01  2.524150E-01  1.732402E+01  2.599037E-01 -2.711713E+00 -5.845764E-02 -2.425297E-01 -5.270192E-03 -3.524629E-02 -1.002021E-03
  0.620  1.361044E+01  1.786818E-01  1.694646E+01  2.620742E-01  1.735900E+01  2.698583E-01 -2.719570E+00 -6.074572E-02 -2.432379E-01 -5.477184E-03 -3.538069E-02 -1.042451E-03
  0.640  1.363450E+01  1.852330E-01  1.698171E+01  2.718663E-01  1.739529E+01  2.799509E-01 -2.727730E+00 -6.307030E-02 -2.439735E-01 -5.687549E-03 -3.552044E-02 -1.083650E-03
  0.660  1.365943E+01  1.918652E-01  1.701826E+01  2.817975E-01  1.743293E+01  2.901879E-01 -2.736198E+00 -6.543312E-02 -2.447369E-01 -5.901448E-03 -3.566563E-02 -1.125655E-03
  0.680  1.368525E+01  1.985818E-01  1.705613E+01  2.918740E-01  1.747192E+01  3.005758E-01 -2.744980E+00 -6.783595E-02 -2.455288E-01 -6.119045E-03 -3.581639E-02 -1.168506E-03
  0.700  1.371195E+01  2.053866E-01  1.709534E+01  3.021024E-01  1.751230E+01  3.111214E-01 -2.754079E+00 -7.028064E-02 -2.463494E-01 -6.340513E-03 -3.597280E-02 -1.212245E-03
  0.720  1.373956E+01  2.122831E-01  1.713590E+01  3.124894E-01  1.755407E+01  3.218318E-01 -2.763503E+00 -7.276911E-02 -2.471994E-01 -6.566029E-03 -3.613500E-02 -1.256915E-03
  0.740  1.376808E+01  2.192754E-01  1.717785E+01  3.230420E-01  1.759726E+01  3.327142E-01 -2.773256E+00 -7.530336E-02 -2.480792E-01 -6.795780E-03 -3.630310E-02 -1.302561E-03
  0.760  1.379754E+01  2.263673E-01  1.722119E+01  3.337675E-01  1.764190E+01  3.437763E-01 -2.783345E+00 -7.788543E-02 -2.489895E-01 -7.029956E-03 -3.647724E-02 -1.349231E-03
  0.780  1.382793E+01  2.335631E-01  1.726595E+01  3.446733E-01  1.768800E+01  3.550259E-01 -2.793776E+00 -8.051750E-02 -2.499308E-01 -7.268759E-03 -3.665754E-02 -1.396974E-03
  0.800  1.385928E+01  2.408670E-01  1.731216E+01  3.557673E-01  1.773559E+01  3.664712E-01 -2.804556E+00 -8.320179E-02 -2.509037E-01 -7.512396E-03 -3.684414E-02 -1.445841E-03
  0.820  1.389160E+01  2.482833E-01  1.735984E+01  3.670576E-01  1.778471E+01  3.781206E-01 -2.815691E+00 -8.594063E-02 -2.519089E-01 -7.761086E-03 -3.703720E-02 -1.495887E-03
  0.840  1.392491E+01  2.558167E-01  1.740902E+01  3.785526E-01  1.783536E+01  3.899830E-01 -2.827189E+00 -8.873645E-02 -2.529470E-01 -8.015053E-03 -3.723687E-02 -1.547168E-03
  0.860  1.395921E+01  2.634720E-01  1.745973E+01  3.902611E-01  1.788759E+01  4.020676E-01 -2.839057E+00 -9.159177E-02 -2.540187E-01 -8.274533E-03 -3.744330E-02 -1.599744E-03
  0.880  1.399453E+01  2.712539E-01  1.751198E+01  4.021921E-01  1.794142E+01  4.143840E-01 -2.851303E+00 -9.450925E-02 -2.551248E-01 -8.539773E-03 -3.765668E-02 -1.653678E-03
  0.900  1.403089E+01  2.791677E-01  1.756582E+01  4.143553E-01  1.799689E+01  4.269420E-01 -2.863935E+00 -9.749162E-02 -2.562659E-01 -8.811030E-03 -3.787717E-02 -1.709034E-03
  0.920  1.406830E+01  2.872185E-01  1.762127E+01  4.267605E-01  1.805402E+01  4.397522E-01 -2.876962E+00 -1.005418E-01 -2.574430E-01 -9.088573E-03 -3.810496E-02 -1.765882E-03
  0.940  1.410677E+01  2.954119E-01  1.767836E+01  4.394180E-01  1.811284E+01  4.528254E-01 -2.890393E+00 -1.036627E-01 -2.586567E-01 -9.372683E-03 -3.834024E-02 -1.824293E-03
  0.960  1.414633E+01  3.037536E-01  1.773713E+01  4.523387E-01  1.817340E+01  4.661730E-01 -2.904236E+00 -1.068576E-01 -2.599081E-01 -9.663654E-03 -3.858323E-02 -1.884346E-03
  0.980  1.418700E+01  3.122496E-01  1.779762E+01  4.655337E-01  1.823573E+01  4.798068E-01 -2.918502E+00 -1.101298E-01 -2.611979E-01 -9.961794E-03 -3.883412E-02 -1.946119E-03
  1.000  1.422880E+01  3.209060E-01  1.785985E+01  4.790150E-01  1.829986E+01  4.937392E-01 -2.933201E+00 -1.134826E-01 -2.625271E-01 -1.026743E-02 -3.909315E-02 -2.009698E-03
  1.020  1.427174E+01  3.297292E-01  1.792386E+01  4.927947E-01  1.836583E+01  5.079833E-01 -2.948343E+00 -1.169198E-01 -2.638967E-01 -1.058089E-02 -3.936055E-02 -2.075172E-03
  1.040  1.431586E+01  3.387259E-01  1.798970E+01  5.068859E-01  1.843370E+01  5.225527E-01 -2.963939E+00 -1.204451E-01 -2.653078E-01 -1.090254E-02 -3.963657E-02 -2.142635E-03
  1.060  1.436117E+01  3.479033E-01  1.805741E+01  5.213020E-01  1.850349E+01  5.374616E-01 -2.980001E+00 -1.240625E-01 -2.667613E-01 -1.123274E-02 -3.992145E-02 -2.212188E-03
  1.080  1.440770E+01  3.572684E-01  1.812702E+01  5.360572E-01  1.857525E+01  5.527250E-01 -2.996541E+00 -1.277762E-01 -2.682584E-01 -1.157190E-02 -4.021548E-02 -2.283937E-03
  1.100  1.445547E+01  3.668290E-01  1.819859E+01  5.511664E-01  1.864903E+01  5.683588E-01 -3.013571E+00 -1.315906E-01 -2.698003E-01 -1.192042E-02 -4.051894E-02 -2.357992E-03
  1.120  1.450450E+01  3.765931E-01  1.827215E+01  5.666451E-01  1.872488E+01  5.843793E-01 -3.031105E+00 -1.355103E-01 -2.713882E-01 -1.227874E-02 -4.083212E-02 -2.434472E-03
  1.140  1.455484E+01  3.865688E-01  1.834777E+01  5.825098E-01  1.880284E+01  6.008041E-01 -3.049156E+00 -1.395403E-01 -2.730234E-01 -1.264731E-02 -4.115534E-02 -2.513503E-03
  1.160  1.460649E+01  3.967650E-01  1.842547E+01  5.987775E-01  1.888298E+01  6.176515E-01 -3.067739E+00 -1.436857E-01 -2.747071E-01 -1.302662E-02 -4.148892E-02 -2.595218E-03
  1.180  1.465949E+01  4.071908E-01  1.850533E+01  6.154666E-01  1.896534E+01  6.349406E-01 -3.086868E+00 -1.479518E-01 -2.764409E-01 -1.341717E-02 -4.183322E-02 -2.679759E-03
  1.200  1.471388E+01  4.178556E-01  1.858740E+01  6.325960E-01  1.904998E+01  6.526920E-01 -3.106559E+00 -1.523445E-01 -2.782261E-01 -1.381950E-02 -4.218859E-02 -2.767275E-03
  1.220  1.476968E+01  4.287695E-01  1.867172E+01  6.501859E-01  1.913697E+01  6.709269E-01 -3.126829E+00 -1.568696E-01 -2.800643E-01 -1.423417E-02 -4.255541E-02 -2.857927E-03
  1.240  1.482692E+01  4.399430E-01  1.875837E+01  6.682573E-01  1.922636E+01  6.896681E-01 -3.147696E+00 -1.615337E-01 -2.819570E-01 -1.466177E-02 -4.293410E-02 -2.951886E-03
  1.260  1.488564E+01  4.513870E-01  1.884740E+01  6.868328E-01  1.931823E+01  7.089395E-01 -3.169176E+00 -1.663435E-01 -2.839061E-01 -1.510295E-02 -4.332506E-02 -3.049332E-03
  1.280  1.494588E+01  4.631132E-01  1.893888E+01  7.059358E-01  1.941263E+01  7.287665E-01 -3.191288E+00 -1.713061E-01 -2.859132E-01 -1.555837E-02 -4.372875E-02 -3.150458E-03
  1.300  1.500767E+01  4.751337E-01  1.903288E+01  7.255913E-01  1.950965E+01  7.491757E-01 -3.214054E+00 -1.764290E-01 -2.879801E-01 -1.602873E-02 -4.414564E-02 -3.255473E-03
  1.320  1.507105E+01  4.874613E-01  1.912948E+01  7.458257E-01  1.960935E+01  7.701958E-01 -3.237492E+00 -1.817202E-01 -2.901088E-01 -1.651479E-02 -4.457621E-02 -3.364595E-03
  1.340  1.513606E+01  5.001093E-01  1.922873E+01  7.666669E-01  1.971182E+01  7.918567E-01 -3.261626E+00 -1.871884E-01 -2.923014E-01 -1.701734E-02 -4.502100E-02 -3.478061E-03
  1.360  1.520274E+01  5.130921E-01  1.933073E+01  7.881445E-01  1.981714E+01  8.141904E-01 -3.286477E+00 -1.928424E-01 -2.945598E-01 -1.753722E-02 -4.548056E-02 -3.596124E-03
  1.380  1.527113E+01  5.264246E-01  1.943556E+01  8.102898E-01  1.992539E+01  8.372310E-01 -3.312070E+00 -1.986918E-01 -2.968865E-01 -1.807533E-02 -4.595546E-02 -3.719054E-03
  1.400  1.534129E+01  5.401224E-01  1.954329E+01  8.331362E-01  2.003667E+01  8.610145E-01 -3.338429E+00 -2.047468E-01 -2.992837E-01 -1.863262E-02 -4.644632E-02 -3.847141E-03
  1.420  1.541325E+01  5.542022E-01  1.965403E+01  8.567189E-01  2.015107E+01  8.855796E-01 -3.365582E+00 -2.110183E-01 -3.017538E-01 -1.921011E-02 -4.695379E-02 -3.980697E-03
  1.440  1.548708E+01  5.686817E-01  1.976787E+01  8.810756E-01  2.026869E+01  9.109671E-01 -3.393556E+00 -2.175178E-01 -3.042996E-01 -1.980886E-02 -4.747857E-02 -4.120056E-03
  1.460  1.556281E+01  5.835794E-01  1.988490E+01  9.062462E-01  2.038964E+01  9.372209E-01 -3.422380E+00 -2.242576E-01 -3.069236E-01 -2.043004E-02 -4.802138E-02 -4.265578E-03
  1.480  1.564050E+01  5.989150E-01  2.000523E+01  9.322733E-01  2.051403E+01  9.643878E-01 -3.452084E+00 -2.312508E-01 -3.096287E-01 -2.107486E-02 -4.858298E-02 -4.417651E-03
  1.500  1.572022E+01  6.147093E-01  2.012898E+01  9.592024E-01  2.064197E+01  9.925177E-01 -3.482702E+00 -2.385114E-01 -3.124181E-01 -2.174464E-02 -4.916421E-02 -4.576694E-03
  1.520  1.580202E+01  6.309845E-01  2.025624E+01  9.870818E-01  2.077358E+01  1.021664E+00 -3.514267E+00 -2.460545E-01 -3.152948E-01 -2.244076E-02 -4.976593E-02 -4.743156E-03
  1.540  1.588595E+01  6.477640E-01  2.038716E+01  1.015963E+00  2.090900E+01  1.051885E+00 -3.546814E+00 -2.538960E-01 -3.182622E-01 -2.316473E-02 -5.038906E-02 -4.917526E-03
  1.560  1.597210E+01  6.650727E-01  2.052185E+01  1.045902E+00  2.104837E+01  1.083241E+00 -3.580383E+00 -2.620532E-01 -3.213239E-01 -2.391814E-02 -5.103459E-02 -5.100329E-03
  1.580  1.606052E+01  6.829371E-01  2.066045E+01  1.076958E+00  2.119181E+01  1.115799E+00 -3.615012E+00 -2.705444E-01 -3.244835E-01 -2.470271E-02 -5.170355E-02 -5.292138E-03
  1.600  1.615129E+01  7.013855E-01  2.080310E+01  1.109194E+00  2.133949E+01  1.149630E+00 -3.650745E+00 -2.793895E-01 -3.277450E-01 -2.552028E-02 -5.239706E-02 -5.493570E-03
  1.620  1.624447E+01  7.204478E-01  2.094994E+01  1.142679E+00  2.149156E+01  1.184812E+00 -3.687625E+00 -2.886096E-01 -3.311126E-01 -2.637281E-02 -5.311629E-02 -5.705298E-03
  1.640  1.634016E+01  7.401561E-01  2.110115E+01  1.177485E+00  2.164820E+01  1.221426E+00 -3.725700E+00 -2.982278E-01 -3.345908E-01 -2.726243E-02 -5.386252E-02 -5.928052E-03
  1.660  1.643843E+01  7.605445E-01  2.125688E+01  1.213691E+00  2.180958E+01  1.259563E+00 -3.765019E+00 -3.082685E-01 -3.381840E-01 -2.819141E-02 -5.463707E-02 -6.162625E-03
  1.680  1.653937E+01  7.816498E-01  2.141730E+01  1.251383E+00  2.197589E+01  1.299320E+00 -3.805636E+00 -3.187583E-01 -3.418973E-01 -2.916222E-02 -5.544140E-02 -6.409884E-03
  1.700  1.664307E+01  8.035109E-01  2.158262E+01  1.290652E+00  2.214732E+01  1.340802E+00 -3.847606E+00 -3.297260E-01 -3.457360E-01 -3.017749E-02 -5.627703E-02 -6.670773E-03
  1.720  1.674962E+01  8.261699E-01  2.175301E+01  1.331596E+00  2.232410E+01  1.384124E+00 -3.890989E+00 -3.412026E-01 -3.497055E-01 -3.124009E-02 -5.714561E-02 -6.946326E-03
  1.740  1.685914E+01  8.496715E-01  2.192869E+01  1.374323E+00  2.250645E+01  1.429410E+00 -3.935848E+00 -3.532216E-01 -3.538117E-01 -3.235311E-02 -5.804890E-02 -7.237670E-03
  1.760  1.697171E+01  8.740642E-01  2.210989E+01  1.418947E+00  2.269461E+01  1.476797E+00 -3.982249E+00 -3.658193E-01 -3.580609E-01 -3.351988E-02 -5.898878E-02 -7.546044E-03
  1.780  1.708747E+01  8.993998E-01  2.229683E+01  1.465595E+00  2.288882E+01  1.526432E+00 -4.030264E+00 -3.790355E-01 -3.624598E-01 -3.474402E-02 -5.996727E-02 -7.872806E-03
  1.800  1.720651E+01  9.257343E-01  2.248977E+01  1.514403E+00  2.308937E+01  1.578479E+00 -4.079970E+00 -3.929129E-01 -3.670154E-01 -3.602946E-02 -6.098656E-02 -8.219448E-03
  1.820  1.732898E+01  9.531278E-01  2.268896E+01  1.565519E+00  2.329653E+01  1.633115E+00 -4.131445E+00 -4.074983E-01 -3.717352E-01 -3.738045E-02 -6.204899E-02 -8.587613E-03
  1.840  1.745500E+01  9.816456E-01  2.289469E+01  1.619104E+00  2.351062E+01  1.690538E+00 -4.184777E+00 -4.228428E-01 -3.766272E-01 -3.880164E-02 -6.315706E-02 -8.979110E-03
  1.860  1.758471E+01  1.011358E+00  2.310726E+01  1.675335E+00  2.373197E+01  1.750964E+00 -4.240056E+00 -4.390021E-01 -3.817000E-01 -4.029806E-02 -6.431349E-02 -9.395938E-03
  1.880  1.771827E+01  1.042341E+00  2.332700E+01  1.734405E+00  2.396091E+01  1.814633E+00 -4.297382E+00 -4.560371E-01 -3.869628E-01 -4.187523E-02 -6.552121E-02 -9.840308E-03
  1.900  1.785582E+01  1.074678E+00  2.355422E+01  1.796524E+00  2.419783E+01  1.881809E+00 -4.356858E+00 -4.740147E-01 -3.924253E-01 -4.353914E-02 -6.678339E-02 -1.031467E-02
  1.920  1.799753E+01  1.108458E+00  2.378932E+01  1.861926E+00  2.444313E+01  1.952788E+00 -4.418597E+00 -4.930081E-01 -3.980979E-01 -4.529637E-02 -6.810345E-02 -1.082173E-02
  1.940  1.814358E+01  1.143780E+00  2.403266E+01  1.930864E+00  2.469722E+01  2.027898E+00 -4.482719E+00 -5.130981E-01 -4.039917E-01 -4.715412E-02 -6.948510E-02 -1.136451E-02
  1.960  1.829416E+01  1.180749E+00  2.428467E+01  2.003620E+00  2.496058E+01  2.107507E+00 -4.549352E+00 -5.343736E-01 -4.101189E-01 -4.912028E-02 -7.093236E-02 -1.194636E-02
  1.980  1.844947E+01  1.219484E+00  2.454579E+01  2.080505E+00  2.523368E+01  2.192028E+00 -4.618634E+00 -5.569328E-01 -4.164921E-01 -5.120353E-02 -7.244960E-02 -1.257103E-02
  2.000  1.860972E+01  1.260110E+00  2.481649E+01  2.161861E+00  2.551706E+01  2.281925E+00 -4.690713E+00 -5.808843E-01 -4.231253E-01 -5.341342E-02 -7.404158E-02 -1.324270E-02
  2.020  1.877513E+01  1.302769E+00  2.509730E+01  2.248071E+00  2.581127E+01  2.377723E+00 -4.765749E+00 -6.063488E-01 -4.300332E-01 -5.576046E-02 -7.571349E-02 -1.396603E-02
  2.040  1.894596E+01  1.347615E+00  2.538876E+01  2.339558E+00  2.611692E+01  2.480015E+00 -4.843913E+00 -6.334601E-01 -4.372317E-01 -5.825628E-02 -7.747099E-02 -1.474625E-02
  2.060  1.912244E+01  1.394816E+00  2.569145E+01  2.436795E+00  2.643464E+01  2.589480E+00 -4.925390E+00 -6.623675E-01 -4.447382E-01 -6.091373E-02 -7.932030E-02 -1.558925E-02
  2.080  1.930487E+01  1.444561E+00  2.600602E+01  2.540312E+00  2.676513E+01  2.706890E+00 -5.010378E+00 -6.932377E-01 -4.525711E-01 -6.374707E-02 -8.126823E-02 -1.650162E-02
  2.100  1.949353E+01  1.497056E+00  2.633315E+01  2.650701E+00  2.710911E+01  2.833135E+00 -5.099094E+00 -7.262574E-01 -4.607505E-01 -6.677211E-02 -8.332228E-02 -1.749078E-02
  2.120  1.968874E+01  1.552533E+00  2.667358E+01  2.768629E+00  2.746735E+01  2.969237E+00 -5.191767E+00 -7.616360E-01 -4.692981E-01 -7.000644E-02 -8.549075E-02 -1.856511E-02
  2.140  1.989084E+01  1.611246E+00  2.702810E+01  2.894848E+00  2.784066E+01  3.116382E+00 -5.288650E+00 -7.996095E-01 -4.782374E-01 -7.346969E-02 -8.778286E-02 -1.973408E-02
  2.160  2.010019E+01  1.673483E+00  2.739756E+01  3.030208E+00  2.822990E+01  3.275948E+00 -5.390014E+00 -8.404442E-01 -4.875940E-01 -7.718374E-02 -9.020889E-02 -2.100839E-02
  2.180  2.031718E+01  1.739562E+00  2.778290E+01  3.175675E+00  2.863592E+01  3.449544E+00 -5.496150E+00 -8.844415E-01 -4.973957E-01 -8.117313E-02 -9.278040E-02 -2.240019E-02
  2.200  2.054223E+01  1.809843E+00  2.818510E+01  3.332350E+00  2.905959E+01  3.639058E+00 -5.607377E+00 -9.319439E-01 -5.076727E-01 -8.546535E-02 -9.551050E-02 -2.392330E-02
  2.220  2.077578E+01  1.884730E+00  2.860523E+01  3.501489E+00  2.950176E+01  3.846711E+00 -5.724038E+00 -9.833418E-01 -5.184583E-01 -9.009131E-02 -9.841416E-02 -2.559348E-02
  2.240  2.101831E+01  1.964679E+00  2.904446E+01  3.684534E+00  2.996318E+01  4.075125E+00 -5.846504E+00 -1.039081E+00 -5.297888E-01 -9.508589E-02 -1.015088E-01 -2.742881E-02
  2.260  2.127036E+01  2.050208E+00  2.950402E+01  3.883146E+00  3.044447E+01  4.327398E+00 -5.975174E+00 -1.099674E+00 -5.417042E-01 -1.004885E-01 -1.048147E-01 -2.945017E-02
  2.280  2.153246E+01  2.141905E+00  2.998523E+01  4.099245E+00  3.094597E+01  4.607194E+00 -6.110483E+00 -1.165711E+00 -5.542490E-01 -1.063440E-01 -1.083565E-01 -3.168188E-02
  2.300  2.180523E+01  2.240442E+00  3.048950E+01  4.335059E+00  3.146758E+01  4.918828E+00 -6.252894E+00 -1.237871E+00 -5.674725E-01 -1.127034E-01 -1.121636E-01 -3.415274E-02
  2.320  2.208930E+01  2.346589E+00  3.101832E+01  4.593186E+00  3.200853E+01  5.267345E+00 -6.402907E+00 -1.316946E+00 -5.814304E-01 -1.196255E-01 -1.162731E-01 -3.689756E-02
  2.340  2.238536E+01  2.461233E+00  3.157326E+01  4.876663E+00  3.256700E+01  5.658550E+00 -6.561052E+00 -1.403856E+00 -5.961853E-01 -1.271781E-01 -1.207314E-01 -3.995961E-02
  2.360  2.269414E+01  2.585397E+00  3.215591E+01  5.189062E+00  3.313964E+01  6.098945E+00 -6.727891E+00 -1.499679E+00 -6.118092E-01 -1.354410E-01 -1.255982E-01 -4.339482E-02
  2.380  2.301642E+01  2.720268E+00  3.276790E+01  5.534592E+00  3.372089E+01  6.595446E+00 -6.904014E+00 -1.605677E+00 -6.283847E-01 -1.445092E-01 -1.309503E-01 -4.727861E-02
  2.400  2.335302E+01  2.867230E+00  3.341078E+01  5.918236E+00  3.430218E+01  7.154733E+00 -7.090023E+00 -1.723340E+00 -6.460078E-01 -1.544982E-01 -1.368863E-01 -5.171753E-02
  2.420  2.370480E+01  3.027903E+00  3.408598E+01  6.345907E+00  3.487114E+01  7.781968E+00 -7.286526E+00 -1.854431E+00 -6.647897E-01 -1.655523E-01 -1.435291E-01 -5.686784E-02
  2.440  2.407262E+01  3.204188E+00  3.479462E+01  6.824639E+00  3.541113E+01  8.478592E+00 -7.494104E+00 -2.001042E+00 -6.848569E-01 -1.778562E-01 -1.510225E-01 -6.296434E-02
  2.460  2.445738E+01  3.398329E+00  3.553734E+01  7.362799E+00  3.590200E+01  9.239082E+00 -7.713280E+00 -2.165666E+00 -7.063471E-01 -1.916510E-01 -1.595129E-01 -7.036017E-02
  2.480  2.485992E+01  3.612985E+00  3.631393E+01  7.970331E+00  3.632313E+01  1.004716E+01 -7.944453E+00 -2.351276E+00 -7.293969E-01 -2.072540E-01 -1.691027E-01 -7.957269E-02
  2.500  2.528100E+01  3.851314E+00  3.712287E+01  8.658988E+00  3.666016E+01  1.087327E+01 -8.187817E+00 -2.561425E+00 -7.541160E-01 -2.250757E-01 -1.797607E-01 -9.131642E-02
  2.520  2.572122E+01  4.117078E+00  3.796068E+01  9.442528E+00  3.691472E+01  1.167677E+01 -8.443225E+00 -2.800354E+00 -7.805495E-01 -2.456240E-01 -1.911928E-01 -1.064873E-01
  2.540  2.618092E+01  4.414763E+00  3.882090E+01  1.033676E+01  3.711331E+01  1.241613E+01 -8.710002E+00 -3.073104E+00 -8.086392E-01 -2.694868E-01 -2.027069E-01 -1.260614E-01
  2.560  2.665994E+01  4.749717E+00  3.969288E+01  1.135932E+01  3.730773E+01  1.306610E+01 -8.986671E+00 -3.385625E+00 -8.382047E-01 -2.972954E-01 -2.131427E-01 -1.509104E-01
  2.580  2.715742E+01  5.128291E+00  4.056018E+01  1.252877E+01  3.756225E+01  1.363298E+01 -9.270580E+00 -3.744843E+00 -8.689564E-01 -3.296953E-01 -2.209136E-01 -1.816041E-01
  2.600  2.767140E+01  5.557969E+00  4.139891E+01  1.386295E+01  3.793245E+01  1.415756E+01 -9.557403E+00 -4.158647E+00 -9.005198E-01 -3.673572E-01 -2.241202E-01 -2.182836E-01
  2.620  2.819825E+01  6.047442E+00  4.217659E+01  1.537577E+01  3.844820E+01  1.470335E+01 -9.840508E+00 -4.635726E+00 -9.324257E-01 -4.110287E-01 -2.206410E-01 -2.606027E-01
  2.640  2.873192E+01  6.606549E+00  4.285252E+01  1.707291E+01  3.910906E+01  1.533927E+01 -1.011024E+01 -5.185175E+00 -9.640310E-01 -4.615900E-01 -2.081680E-01 -3.076376E-01
  2.660  2.926298E+01  7.245956E+00  4.338119E+01  1.894698E+01  3.988990E+01  1.612663E+01 -1.035317E+01 -5.815824E+00 -9.943691E-01 -5.200574E-01 -1.842853E-01 -3.576948E-01
  2.680  2.977726E+01  7.976349E+00  4.371931E+01  2.097523E+01  4.074915E+01  1.711401E+01 -1.055129E+01 -6.535239E+00 -1.021958E+00 -5.874859E-01 -1.467211E-01 -4.080786E-01
  2.700  3.025454E+01  8.806791E+00  4.383417E+01  2.312304E+01  4.163435E+01  1.833684E+01 -1.068128E+01 -7.348347E+00 -1.044620E+00 -6.647255E-01 -9.378991E-02 -4.549911E-01
  2.720  3.066734E+01  9.741806E+00  4.370695E+01  2.535426E+01  4.248429E+01  1.981755E+01 -1.071347E+01 -8.255250E+00 -1.059406E+00 -7.519979E-01 -2.486991E-02 -4.936710E-01
  2.740  3.098095E+01  1.077676E+01  4.332465E+01  2.764130E+01  4.322959E+01  2.156333E+01 -1.061125E+01 -9.247323E+00 -1.062790E+00 -8.483230E-01  5.922355E-02 -5.186500E-01
  2.760  3.115644E+01  1.189178E+01  4.266413E+01  2.996251E+01  4.379518E+01  2.356129E+01 -1.033260E+01 -1.030084E+01 -1.051311E+00 -9.509645E-01  1.557848E-01 -5.239847E-01
  2.780  3.115861E+01  1.304615E+01  4.168434E+01  3.228255E+01  4.410746E+01  2.577308E+01 -9.837295E+00 -1.136961E+01 -1.022732E+00 -1.055261E+00  2.593737E-01 -5.038561E-01
  2.800  3.096970E+01  1.417769E+01  4.034169E+01  3.452952E+01  4.410663E+01  2.813417E+01 -9.101388E+00 -1.238195E+01 -9.774874E-01 -1.155369E+00  3.611338E-01 -4.544125E-01
  2.820  3.060476E+01  1.521307E+01  3.862396E+01  3.659259E+01  4.375934E+01  3.056231E+01 -8.135307E+00 -1.324941E+01 -9.195811E-01 -1.246256E+00  4.501173E-01 -3.766169E-01
  2.840  3.011858E+01  1.609022E+01  3.657762E+01  3.835028E+01  4.306263E+01  3.297365E+01 -6.994136E+00 -1.388961E+01 -8.557654E-01 -1.326446E+00  5.175592E-01 -2.772453E-01
  2.860  2.959393E+01  1.678386E+01  3.430378E+01  3.971193E+01  4.203494E+01  3.529578E+01 -5.768690E+00 -1.425366E+01 -7.924276E-01 -1.399824E+00  5.608064E-01 -1.650180E-01
  2.880  2.911295E+01  1.731681E+01  3.192553E+01  4.064040E+01  4.070319E+01  3.746667E+01 -4.558985E+00 -1.434030E+01 -7.313889E-01 -1.474566E+00  5.813520E-01 -4.448439E-02
  2.900  2.872840E+01  1.774802E+01  2.955605E+01  4.114270E+01  3.910237E+01  3.942353E+01 -3.447346E+00 -1.418790E+01 -6.674184E-01 -1.558809E+00  5.776168E-01  8.453114E-02
  2.920  2.845221E+01  1.814597E+01  2.729117E+01  4.124833E+01  3.729132E+01  4.110106E+01 -2.487353E+00 -1.385430E+01 -5.898035E-01 -1.655441E+00  5.414721E-01  2.195251E-01
  2.940  2.826396E+01  1.856510E+01  2.521866E+01  4.100193E+01  3.536677E+01  4.245229E+01 -1.707874E+00 -1.340148E+01 -4.873762E-01 -1.759687E+00  4.643729E-01  3.484597E-01
  2.960  2.812881E+01  1.903620E+01  2.342004E+01  4.047239E+01  3.345263E+01  4.348185E+01 -1.119837E+00 -1.289091E+01 -3.533838E-01 -1.861147E+00  3.469464E-01  4.522541E-01
  2.980  2.801286E+01  1.957034E+01  2.195512E+01  3.975926E+01  3.166103E+01  4.426481E+01 -7.176705E-01 -1.238309E+01 -1.869007E-01 -1.948137E+00  2.019079E-01  5.142554E-01
  3.000  2.788886E+01  2.016930E+01  2.084248E+01  3.898111E+01  3.004521E+01  4.493126E+01 -4.773772E-01 -1.193396E+01  9.152611E-03 -2.010653E+00  4.855740E-02  5.274836E-01
  3.020  2.773165E+01  2.083308E+01  2.005437E+01  3.825092E+01  2.857314E+01  4.562035E+01 -3.571935E-01 -1.158735E+01  2.305776E-01 -2.040198E+00 -9.487299E-02  4.948413E-01
  3.040  2.751050E+01  2.155744E+01  1.952981E+01  3.765693E+01  2.713742E+01  4.642798E+01 -3.036591E-01 -1.136769E+01  4.721805E-01 -2.027630E+00 -2.151316E-01  4.247292E-01
  3.060  2.718907E+01  2.232325E+01  1.919171E+01  3.726022E+01  2.559334E+01  4.737387E+01 -2.612346E-01 -1.127722E+01  7.249342E-01 -1.962154E+00 -3.031797E-01  3.270996E-01
  3.080  2.673762E+01  2.308861E+01  1.895232E+01  3.710106E+01  2.380328E+01  4.839698E+01 -1.817159E-01 -1.129865E+01  9.724110E-01 -1.834389E+00 -3.517618E-01  2.130281E-01
  3.100  2.615038E+01  2.379428E+01  1.870815E+01  3.719750E+01  2.167231E+01  4.937108E+01 -3.023799E-02 -1.140207E+01  1.191152E+00 -1.643029E+00 -3.552692E-01  9.719032E-02
  3.120  2.545441E+01  2.438238E+01  1.833919E+01  3.753001E+01  1.917153E+01  5.013056E+01  2.139902E-01 -1.155297E+01  1.357517E+00 -1.399840E+00 -3.137692E-01 -5.157286E-04
  3.140  2.470174E+01  2.481667E+01  1.772569E+01  3.802202E+01  1.634944E+01  5.050269E+01  5.617213E-01 -1.171744E+01  1.456976E+00 -1.127155E+00 -2.388750E-01 -5.846410E-02
  3.160  2.394971E+01  2.509036E+01  1.678256E+01  3.853301E+01  1.332844E+01  5.034201E+01  1.018529E+00 -1.186151E+01  1.487842E+00 -8.489455E-01 -1.556233E-01 -6.255565E-02
  3.180  2.324401E+01  2.521719E+01  1.549966E+01  3.887690E+01  1.028671E+01  4.955923E+01  1.584710E+00 -1.194622E+01  1.456836E+00 -5.835205E-01 -9.565898E-02 -1.594796E-02
  3.200  2.261658E+01  2.521533E+01  1.396782E+01  3.886840E+01  7.430692E+00  4.813938E+01  2.247778E+00 -1.192518E+01  1.372652E+00 -3.433313E-01 -8.352796E-02  5.887581E-02
  3.220  2.209666E+01  2.509974E+01  1.237090E+01  3.838322E+01  4.962922E+00  4.614789E+01  2.972589E+00 -1.175153E+01  1.244085E+00 -1.385960E-01 -1.248015E-01  1.294801E-01
  3.240  2.172141E+01  2.488952E+01  1.093881E+01  3.740450E+01  3.048949E+00  4.372310E+01  3.699041E+00 -1.139396E+01  1.082153E+00  2.131922E-02 -2.049519E-01  1.688820E-01
  3.260  2.153334E+01  2.462255E+01  9.880162E+00  3.603027E+01  1.789631E+00  4.105401E+01  4.353527E+00 -1.085234E+01  9.015902E-01  1.301252E-01 -2.995439E-01  1.661238E-01
  3.280  2.156423E+01  2.436301E+01  9.326747E+00  3.443852E+01  1.207028E+00  3.834655E+01  4.869729E+00 -1.016161E+01  7.191884E-01  1.876072E-01 -3.871541E-01  1.257626E-01
  3.300  2.181685E+01  2.419361E+01  9.313456E+00  3.283095E+01  1.249288E+00  3.578775E+01  5.206603E+00 -9.380607E+00  5.499317E-01  2.004148E-01 -4.560998E-01  5.980831E-02
  3.320  2.225637E+01  2.419719E+01  9.793605E+00  3.138451E+01  1.812125E+00  3.351974E+01  5.354067E+00 -8.573270E+00  4.035836E-01  1.798462E-01 -5.034906E-01 -2.009258E-02
  3.340  2.281447E+01  2.443757E+01  1.067139E+01  3.022686E+01  2.766606E+00  3.163018E+01  5.326393E+00 -7.793080E+00  2.837075E-01  1.381694E-01 -5.309061E-01 -1.060315E-01
  3.360  2.340168E+01  2.494674E+01  1.183243E+01  2.943406E+01  3.982419E+00  3.015682E+01  5.150168E+00 -7.076312E+00  1.890382E-01  8.567441E-02 -5.408102E-01 -1.934949E-01
  3.380  2.392259E+01  2.571916E+01  1.316331E+01  2.903991E+01  5.342128E+00  2.909813E+01  4.853589E+00 -6.443247E+00  1.157488E-01  2.947088E-02 -5.350357E-01 -2.796449E-01
  3.400  2.429162E+01  2.671193E+01  1.456085E+01  2.904679E+01  6.748458E+00  2.842374E+01  4.460122E+00 -5.903407E+00  5.934650E-02 -2.631826E-02 -5.149243E-01 -3.618290E-01
  3.420  2.444865E+01  2.785116E+01  1.593609E+01  2.943361E+01  8.129015E+00  2.808318E+01  3.986355E+00 -5.461490E+00  1.577430E-02 -7.975685E-02 -4.823305E-01 -4.370337E-01
  3.440  2.437181E+01  2.904580E+01  1.721764E+01  3.016145E+01  9.440770E+00  2.801521E+01  3.442692E+00 -5.122348E+00 -1.814225E-02 -1.302401E-01 -4.406203E-01 -5.025312E-01
  3.460  2.408268E+01  3.020789E+01  1.835582E+01  3.118024E+01  1.067206E+01  2.816095E+01  2.835691E+00 -4.894617E+00 -4.465172E-02 -1.777827E-01 -3.946758E-01 -5.573896E-01
  3.480  2.363989E+01  3.127459E+01  1.932451E+01  3.243870E+01  1.183690E+01  2.847901E+01  2.171468E+00 -4.793158E+00 -6.529814E-02 -2.224885E-01 -3.493914E-01 -6.036237E-01
  3.500  2.312043E+01  3.222460E+01  2.011704E+01  3.389527E+01  1.296007E+01  2.895531E+01  1.460330E+00 -4.840326E+00 -8.134644E-02 -2.642747E-01 -3.076210E-01 -6.456542E-01
  3.520  2.259334E+01  3.308088E+01  2.073639E+01  3.552415E+01  1.405971E+01  2.960093E+01  7.230851E-01 -5.065031E+00 -9.425711E-02 -3.029854E-01 -2.694431E-01 -6.884553E-01
  3.540  2.209676E+01  3.389661E+01  2.118614E+01  3.731466E+01  1.513751E+01  3.044115E+01 -1.915809E-03 -5.497169E+00 -1.058724E-01 -3.388894E-01 -2.330023E-01 -7.364350E-01
  3.560  2.162897E+01  3.473059E+01  2.146529E+01  3.926904E+01  1.617820E+01  3.150497E+01 -6.552857E-01 -6.155833E+00 -1.180241E-01 -3.731812E-01 -1.949012E-01 -7.938255E-01
  3.580  2.115604E+01  3.562433E+01  2.156259E+01  4.140201E+01  1.715217E+01  3.282048E+01 -1.162542E+00 -7.034679E+00 -1.317868E-01 -4.079119E-01 -1.488996E-01 -8.646049E-01
  3.600  2.062994E+01  3.658961E+01  2.144655E+01  4.373718E+01  1.801495E+01  3.441251E+01 -1.450654E+00 -8.093357E+00 -1.471017E-01 -4.452983E-01 -8.471879E-02 -9.500791E-01
  3.620  2.000850E+01  3.760948E+01  2.105654E+01  4.629405E+01  1.870515E+01  3.629744E+01 -1.467568E+00 -9.262275E+00 -1.630767E-01 -4.870993E-01  1.046041E-02 -1.045239E+00
  3.640  1.926910E+01  3.865054E+01  2.030391E+01  4.906883E+01  1.914510E+01  3.847425E+01 -1.193785E+00 -1.045867E+01 -1.784456E-01 -5.344706E-01  1.475181E-01 -1.136693E+00
  3.660  1.841037E+01  3.967878E+01  1.908551E+01  5.201765E+01  1.924726E+01  4.091489E+01 -6.415415E-01 -1.160440E+01 -1.919036E-01 -5.879409E-01  3.296957E-01 -1.204086E+00
  3.680  1.744500E+01  4.067030E+01  1.730629E+01  5.505000E+01  1.892688E+01  4.355762E+01  1.540821E-01 -1.263814E+01 -2.027070E-01 -6.475477E-01  5.482397E-01 -1.225671E+00
  3.700  1.639073E+01  4.161522E+01  1.490265E+01  5.803812E+01  1.811948E+01  4.630904E+01  1.146830E+00 -1.352140E+01 -2.111842E-01 -7.138760E-01  7.828481E-01 -1.186881E+00
  3.720  1.526066E+01  4.251864E+01  1.185225E+01  6.083993E+01  1.679419E+01  4.905859E+01  2.293213E+00 -1.423904E+01 -2.177705E-01 -7.896270E-01  1.009363E+00 -1.087043E+00
  3.740  1.405044E+01  4.339477E+01  8.161513E+00  6.331752E+01  1.495191E+01  5.169836E+01  3.566559E+00 -1.478980E+01 -2.204432E-01 -8.796683E-01  1.211202E+00 -9.373618E-01
  3.760  1.273117E+01  4.424750E+01  3.845908E+00  6.532946E+01  1.260889E+01  5.413073E+01  4.960581E+00 -1.516596E+01 -2.128801E-01 -9.884722E-01  1.384585E+00 -7.492980E-01
  3.780  1.126358E+01  4.504601E+01 -1.064100E+00  6.670038E+01  9.785297E+00  5.625416E+01  6.473191E+00 -1.533482E+01 -1.855098E-01 -1.116848E+00  1.530412E+00 -5.231776E-01
  3.800  9.633825E+00  4.571949E+01 -6.474729E+00  6.720563E+01  6.521390E+00  5.794258E+01  8.077938E+00 -1.524043E+01 -1.286167E-01 -1.260845E+00  1.638493E+00 -2.502063E-01
  3.820  7.886123E+00  4.618661E+01 -1.216634E+01  6.661243E+01  2.917430E+00  5.905252E+01  9.705006E+00 -1.483008E+01 -3.458899E-02 -1.413333E+00  1.680664E+00  7.013836E-02
  3.840  6.121234E+00  4.640698E+01 -1.777734E+01  6.477760E+01 -8.404396E-01  5.947427E+01  1.124962E+01 -1.408930E+01  1.024862E-01 -1.565958E+00  1.624149E+00  4.125769E-01
  3.860  4.452000E+00  4.641758E+01 -2.287393E+01  6.174291E+01 -4.508126E+00  5.919923E+01  1.260523E+01 -1.306038E+01  2.885998E-01 -1.708603E+00  1.456503E+00  7.276858E-01
  3.880  2.942784E+00  4.632353E+01 -2.707712E+01  5.775654E+01 -7.862601E+00  5.834879E+01  1.369975E+01 -1.183137E+01  5.293664E-01 -1.826123E+00  1.199657E+00  9.644920E-01
  3.900  1.574411E+00  4.624680E+01 -3.017036E+01  5.320207E+01 -1.078229E+01  5.713558E+01  1.451265E+01 -1.050533E+01  8.249105E-01 -1.896061E+00  9.007927E-01  1.095038E+00
  3.920  2.558789E-01  4.626733E+01 -3.213114E+01  4.848327E+01 -1.327669E+01  5.578084E+01  1.506813E+01 -9.170359E+00  1.162484E+00 -1.892352E+00  6.099296E-01  1.122418E+00
  3.940 -1.130088E+00  4.639152E+01 -3.308953E+01  4.392967E+01 -1.545464E+01  5.444052E+01  1.541522E+01 -7.884030E+00  1.513804E+00 -1.795997E+00  3.621651E-01  1.071590E+00
  3.960 -2.678710E+00  4.655895E+01 -3.325508E+01  3.975451E+01 -1.746255E+01  5.317550E+01  1.560806E+01 -6.672696E+00  1.843028E+00 -1.605898E+00  1.725724E-01  9.745793E-01
  3.980 -4.436559E+00  4.667317E+01 -3.285121E+01  3.605889E+01 -1.943107E+01  5.196286E+01  1.569288E+01 -5.538947E+00  2.121906E+00 -1.339030E+00  4.025452E-02  8.596288E-01
  4.000 -6.400968E+00  4.663301E+01 -3.207383E+01  3.285952E+01 -2.144607E+01  5.072427E+01  1.570197E+01 -4.471242E+00  2.338595E+00 -1.017487E+00 -4.485948E-02  7.464771E-01
  4.020 -8.532522E+00  4.634980E+01 -3.107320E+01  3.012169E+01 -2.353689E+01  4.935354E+01  1.565247E+01 -3.452705E+00  2.491021E+00 -6.549572E-01 -9.607815E-02  6.458296E-01
  4.040 -1.076524E+01  4.575210E+01 -2.995242E+01  2.778778E+01 -2.567223E+01  4.774241E+01  1.554816E+01 -2.468446E+00  2.572903E+00 -2.566881E-01 -1.257352E-01  5.610457E-01
  4.060 -1.300962E+01  4.478896E+01 -2.877609E+01  2.579738E+01 -2.776450E+01  4.580837E+01  1.538373E+01 -1.511267E+00  2.567900E+00  1.685805E-01 -1.428557E-01  4.909775E-01
  4.080 -1.515513E+01  4.343902E+01 -2.758270E+01  2.409715E+01 -2.968828E+01  4.352009E+01  1.515146E+01 -5.848712E-01  2.456920E+00  5.974416E-01 -1.528897E-01  4.329070E-01
  4.100 -1.708013E+01  4.172224E+01 -2.639460E+01  2.264247E+01 -3.131089E+01  4.091016E+01  1.484917E+01  2.971189E-01  2.232187E+00  9.906352E-01 -1.589257E-01  3.843057E-01
  4.120 -1.867038E+01  3.970661E+01 -2.522247E+01  2.139649E+01 -3.252480E+01  3.806951E+01  1.448668E+01  1.117403E+00  1.908777E+00  1.303420E+00 -1.629391E-01  3.430852E-01
  4.140 -1.984151E+01  3.750431E+01 -2.406703E+01  2.033163E+01 -3.327145E+01  3.512659E+01  1.408687E+01  1.865104E+00  1.525396E+00  1.502708E+00 -1.661967E-01  3.072833E-01
  4.160 -2.055852E+01  3.525568E+01 -2.292318E+01  1.943328E+01 -3.355066E+01  3.221888E+01  1.367892E+01  2.544880E+00  1.131899E+00  1.580219E+00 -1.691823E-01  2.750818E-01
  4.180 -2.084512E+01  3.310357E+01 -2.178785E+01  1.870103E+01 -3.341453E+01  2.946509E+01  1.328640E+01  3.179215E+00  7.715829E-01  1.552508E+00 -1.717089E-01  2.451196E-01
  4.200 -2.077777E+01  3.116576E+01 -2.066791E+01  1.814443E+01 -3.294920E+01  2.694586E+01  1.291669E+01  3.802118E+00  4.701555E-01  1.449676E+00 -1.732993E-01  2.166476E-01
  4.220 -2.046621E+01  2.951571E+01 -1.958414E+01  1.777499E+01 -3.225151E+01  2.469743E+01  1.255690E+01  4.448183E+00  2.357107E-01  1.302495E+00 -1.735108E-01  1.893883E-01
  4.240 -2.002914E+01  2.817701E+01 -1.857038E+01  1.759813E+01 -3.140819E+01  2.271747E+01  1.217620E+01  5.142370E+00  6.523706E-02  1.135291E+00 -1.720193E-01  1.633265E-01
  4.260 -1.957375E+01  2.713011E+01 -1.767003E+01  1.760670E+01 -3.048257E+01  2.097893E+01  1.173170E+01  5.892835E+00 -4.886401E-02  9.652197E-01 -1.685888E-01  1.386359E-01
  4.280 -1.918383E+01  2.632505E+01 -1.693032E+01  1.777567E+01 -2.951102E+01  1.944693E+01  1.117594E+01  6.686173E+00 -1.156086E-01  8.044350E-01 -1.631244E-01  1.157013E-01
  4.300 -1.891567E+01  2.569346E+01 -1.639379E+01  1.805829E+01 -2.850877E+01  1.809270E+01  1.046642E+01  7.484614E+00 -1.450215E-01  6.615996E-01 -1.558260E-01  9.505285E-02
  4.320 -1.879666E+01  2.515714E+01 -1.608579E+01  1.838641E+01 -2.748088E+01  1.690014E+01  9.578382E+00  8.227218E+00 -1.480201E-01  5.417488E-01 -1.472742E-01  7.714040E-02
  4.340 -1.882217E+01  2.463624E+01 -1.600071E+01  1.867921E+01 -2.643237E+01  1.586435E+01  8.518481E+00  8.839216E+00 -1.351857E-01  4.458910E-01 -1.383163E-01  6.208178E-02
  4.360 -1.895360E+01  2.406312E+01 -1.609421E+01  1.886219E+01 -2.537319E+01  1.498603E+01  7.332450E+00  9.251285E+00 -1.151184E-01  3.716963E-01 -1.298073E-01  4.955771E-02
  4.380 -1.912593E+01  2.340041E+01 -1.628952E+01  1.889077E+01 -2.431862E+01  1.426649E+01  6.098499E+00  9.423066E+00 -9.359685E-02  3.150755E-01 -1.223635E-01  3.889792E-02
  4.400 -1.926854E+01  2.265320E+01 -1.649973E+01  1.876639E+01 -2.328770E+01  1.370507E+01  4.905184E+00  9.358743E+00 -7.380866E-02  2.716810E-01 -1.162428E-01  2.927635E-02
  4.420 -1.933176E+01  2.186477E+01 -1.665694E+01  1.853466E+01 -2.230232E+01  1.329820E+01  3.823211E+00  9.104608E+00 -5.713391E-02  2.377607E-01 -1.113648E-01  1.990433E-02
  4.440 -1.930509E+01  2.109568E+01 -1.673369E+01  1.826519E+01 -2.138697E+01  1.303831E+01  2.885670E+00  8.729088E+00 -4.394048E-02  2.103867E-01 -1.074224E-01  1.014336E-02
  4.460 -1.921814E+01  2.039621E+01 -1.674687E+01  1.802348E+01 -2.056858E+01  1.291181E+01  2.085909E+00  8.296136E+00 -3.412010E-02  1.873075E-01 -1.040080E-01 -4.952104E-04
  4.480 -1.912474E+01  1.978510E+01 -1.674462E+01  1.784818E+01 -1.987469E+01  1.289593E+01  1.391627E+00  7.845134E+00 -2.729703E-02  1.666817E-01 -1.006652E-01 -1.244220E-02
  4.500 -1.907847E+01  1.924240E+01 -1.678450E+01  1.774138E+01 -1.932890E+01  1.295591E+01  7.661863E-01  7.384763E+00 -2.276286E-02  1.469146E-01 -9.680530E-02 -2.617865E-02
  4.520 -1.910945E+01  1.871825E+01 -1.691254E+01  1.767288E+01 -1.894311E+01  1.304516E+01  1.870865E-01  6.900746E+00 -1.931369E-02  1.267637E-01 -9.146699E-02 -4.223320E-02
  4.540 -1.921119E+01  1.815370E+01 -1.715000E+01  1.759387E+01 -1.870937E+01  1.311147E+01 -3.455453E-01  6.371917E+00 -1.528613E-02  1.057157E-01 -8.300898E-02 -6.088235E-02
  4.560 -1.934358E+01  1.750485E+01 -1.749073E+01  1.745335E+01 -1.859663E+01  1.310948E+01 -8.125689E-01  5.786243E+00 -9.039049E-03  8.433090E-02 -6.907531E-02 -8.142278E-02
  4.580 -1.944985E+01  1.675881E+01 -1.790691E+01  1.721063E+01 -1.855740E+01  1.301418E+01 -1.187622E+00  5.149472E+00  2.989719E-04  6.406610E-02 -4.736848E-02 -1.013325E-01
  4.600 -1.947807E+01  1.593475E+01 -1.835814E+01  1.684168E+01 -1.854272E+01  1.282704E+01 -1.449904E+00  4.484189E+00  1.246367E-02  4.651590E-02 -1.726706E-02 -1.162950E-01
  4.620 -1.939626E+01  1.507259E+01 -1.880008E+01  1.634027E+01 -1.851762E+01  1.257059E+01 -1.592326E+00  3.822090E+00  2.639879E-02  3.272912E-02  1.889035E-02 -1.217976E-01
  4.640 -1.919660E+01  1.421784E+01 -1.919125E+01  1.571638E+01 -1.846894E+01  1.227479E+01 -1.622804E+00  3.194143E+00  4.078000E-02  2.310126E-02  5.631287E-02 -1.153752E-01
  4.660 -1.889113E+01  1.340942E+01 -1.949833E+01  1.499287E+01 -1.840272E+01  1.196257E+01 -1.559515E+00  2.623319E+00  5.420344E-02  1.747099E-02  8.979848E-02 -9.759696E-02
  4.680 -1.850355E+01  1.267321E+01 -1.969987E+01  1.420064E+01 -1.833371E+01  1.164080E+01 -1.423957E+00  2.122916E+00  6.533502E-02  1.498681E-02  1.155069E-01 -7.127182E-02
  4.700 -1.806052E+01  1.202113E+01 -1.978756E+01  1.337242E+01 -1.827198E+01  1.130018E+01 -1.236545E+00  1.699418E+00  7.341496E-02  1.405819E-02  1.314361E-01 -4.011253E-02
  4.720 -1.758515E+01  1.145434E+01 -1.976357E+01  1.253688E+01 -1.821296E+01  1.092405E+01 -1.016441E+00  1.355707E+00  7.879577E-02  1.287613E-02  1.371625E-01 -7.933074E-03
  4.740 -1.709405E+01  1.096873E+01 -1.963531E+01  1.171642E+01 -1.813648E+01  1.050169E+01 -7.831855E-01  1.091376E+00  8.285430E-02  1.031225E-02  1.336557E-01  2.173202E-02
  4.760 -1.659842E+01  1.055997E+01 -1.941154E+01  1.092911E+01 -1.801543E+01  1.003827E+01 -5.565416E-01  9.007031E-01  8.717129E-02  6.424025E-03  1.231875E-01  4.612181E-02
  4.780 -1.610764E+01  1.022574E+01 -1.910233E+01  1.019152E+01 -1.782857E+01  9.555491E+00 -3.535442E-01  7.714367E-01  9.267591E-02  2.100165E-03  1.088864E-01  6.387103E-02
  4.800 -1.563250E+01  9.964668E+00 -1.872106E+01  9.519012E+00 -1.756923E+01  9.083804E+00 -1.849858E-01  6.865462E-01  9.948042E-02 -1.728745E-03  9.385330E-02  7.526295E-02
  4.820 -1.518633E+01  9.773585E+00 -1.828522E+01  8.923683E+00 -1.724644E+01  8.652280E+00 -5.404006E-02  6.280271E-01  1.073444E-01 -4.538559E-03  8.032287E-02  8.183973E-02
  4.840 -1.478387E+01  9.644694E+00 -1.781522E+01  8.412248E+00 -1.688050E+01  8.281538E+00  4.249476E-02  5.803037E-01  1.161492E-01 -6.060102E-03  6.930734E-02  8.567669E-02
  4.860 -1.443834E+01  9.563969E+00 -1.733206E+01  7.985205E+00 -1.649709E+01  7.980891E+00  1.118621E-01  5.318472E-01  1.259420E-01 -5.867056E-03  6.067273E-02  8.874894E-02
  4.880 -1.415743E+01  9.511695E+00 -1.685536E+01  7.637124E+00 -1.612220E+01  7.748204E+00  1.634085E-01  4.754781E-01  1.365829E-01 -3.155063E-03  5.338184E-02  9.249298E-02
  4.900 -1.394003E+01  9.465808E+00 -1.640172E+01  7.357393E+00 -1.577783E+01  7.570964E+00  2.071687E-01  4.084318E-01  1.472989E-01  3.065332E-03  4.582551E-02  9.744811E-02
  4.920 -1.377561E+01  9.407008E+00 -1.598333E+01  7.131151E+00 -1.547792E+01  7.428473E+00  2.522076E-01  3.323742E-01  1.564930E-01  1.340447E-02  3.636927E-02  1.029869E-01
  4.940 -1.364671E+01  9.323265E+00 -1.560642E+01  6.940590E+00 -1.522469E+01  7.296109E+00  3.045350E-01  2.524865E-01  1.620659E-01  2.742579E-02  2.414535E-02  1.074116E-01
  4.960 -1.353316E+01  9.212342E+00 -1.526991E+01  6.767184E+00 -1.500733E+01  7.152090E+00  3.657365E-01  1.750247E-01  1.622719E-01  4.334201E-02  9.712926E-03  1.086947E-01
  4.980 -1.341697E+01  9.082534E+00 -1.496491E+01  6.595210E+00 -1.480537E+01  6.984824E+00  4.337030E-01  1.043311E-01  1.566661E-01  5.849391E-02 -5.031555E-03  1.056204E-01
  5.000 -1.328799E+01  8.951036E+00 -1.467665E+01  6.415789E+00 -1.459657E+01  6.796838E+00  5.053207E-01  4.129859E-02  1.464013E-01  7.046522E-02 -1.783374E-02  9.851093E-02
  5.020 -1.314879E+01  8.838644E+00 -1.438904E+01  6.229346E+00 -1.436562E+01  6.602539E+00  5.792403E-01 -1.568989E-02  1.335771E-01  7.802261E-02 -2.724474E-02  8.894496E-02
  5.040 -1.301566E+01  8.761503E+00 -1.409015E+01  6.044525E+00 -1.410898E+01  6.421297E+00  6.568984E-01 -6.831531E-02  1.202229E-01  8.120635E-02 -3.310379E-02  7.878583E-02
  5.060 -1.291420E+01  8.723145E+00 -1.377551E+01  5.873929E+00 -1.383436E+01  6.270018E+00  7.415688E-01 -1.161490E-01  1.077241E-01  8.075161E-02 -3.619155E-02  6.933452E-02
  5.080 -1.287052E+01  8.710207E+00 -1.344793E+01  5.729241E+00 -1.355673E+01  6.158290E+00  8.363924E-01 -1.557495E-01  9.688859E-02  7.751959E-02 -3.755395E-02  6.106078E-02
  5.100 -1.290089E+01  8.693937E+00 -1.311464E+01  5.618238E+00 -1.329335E+01  6.086600E+00  9.423291E-01 -1.811117E-01  8.825128E-02  7.234748E-02 -3.797347E-02  5.380014E-02
  5.120 -1.300342E+01  8.638114E+00 -1.278414E+01  5.544455E+00 -1.305917E+01  6.046897E+00  1.056671E+00 -1.852611E-01  8.216637E-02  6.619830E-02 -3.773089E-02  4.714235E-02
  5.140 -1.315599E+01  8.511358E+00 -1.246416E+01  5.508637E+00 -1.286302E+01  6.025036E+00  1.172717E+00 -1.625852E-01  7.859596E-02  6.021212E-02 -3.664475E-02  4.083987E-02
  5.160 -1.332297E+01  8.298497E+00 -1.216158E+01  5.510502E+00 -1.270538E+01  6.004963E+00  1.280972E+00 -1.110533E-01  7.690665E-02  5.542446E-02 -3.436887E-02  3.509301E-02
  5.180 -1.346763E+01  8.004919E+00 -1.188348E+01  5.549571E+00 -1.257899E+01  5.973709E+00  1.371506E+00 -3.330466E-02  7.600616E-02  5.235095E-02 -3.082571E-02  3.053656E-02
  5.200 -1.356395E+01  7.651819E+00 -1.163840E+01  5.624604E+00 -1.247264E+01  5.924854E+00  1.436461E+00  6.387940E-02  7.476648E-02  5.080602E-02 -2.649938E-02  2.789261E-02
  5.220 -1.360177E+01  7.265797E+00 -1.143675E+01  5.732000E+00 -1.237593E+01  5.858391E+00  1.471667E+00  1.713590E-01  7.242714E-02  5.005026E-02 -2.237295E-02  2.751134E-02
  5.240 -1.358414E+01  6.869061E+00 -1.128985E+01  5.863996E+00 -1.228189E+01  5.777648E+00  1.476923E+00  2.797964E-01  6.880402E-02  4.911141E-02 -1.955905E-02  2.910311E-02
  5.260 -1.352008E+01  6.474868E+00 -1.120787E+01  6.007458E+00 -1.218630E+01  5.686418E+00  1.455142E+00  3.813675E-01  6.429027E-02  4.714435E-02 -1.887466E-02  3.179963E-02
  5.280 -1.341793E+01  6.088816E+00 -1.119681E+01  6.143993E+00 -1.208600E+01  5.588520E+00  1.410921E+00  4.705892E-01  5.964785E-02  4.372637E-02 -2.059713E-02  3.444168E-02
  5.300 -1.328232E+01  5.713238E+00 -1.125570E+01  6.251894E+00 -1.197857E+01  5.488985E+00  1.349115E+00  5.441886E-01  5.566058E-02  3.894147E-02 -2.444081E-02  3.587631E-02
  5.320 -1.311523E+01  5.351011E+00 -1.137515E+01  6.309594E+00 -1.186387E+01  5.394544E+00  1.273971E+00  6.002024E-01  5.286349E-02  3.320873E-02 -2.961825E-02  3.517049E-02
  5.340 -1.291858E+01  5.006662E+00 -1.153787E+01  6.299300E+00 -1.174587E+01  5.312123E+00  1.189276E+00  6.368907E-01  5.150843E-02  2.703912E-02 -3.492489E-02  3.183225E-02
  5.360 -1.269596E+01  4.685237E+00 -1.172043E+01  6.209865E+00 -1.163283E+01  5.245881E+00  1.099356E+00  6.523904E-01  5.166488E-02  2.093658E-02 -3.897960E-02  2.606725E-02
  5.380 -1.245263E+01  4.390796E+00 -1.189580E+01  6.039268E+00 -1.153504E+01  5.194549E+00  1.009917E+00  6.456146E-01  5.324365E-02  1.541629E-02 -4.070554E-02  1.885440E-02
  5.400 -1.219472E+01  4.125738E+00 -1.203759E+01  5.796493E+00 -1.146119E+01  5.150731E+00  9.276135E-01  6.177194E-01  5.592969E-02  1.095171E-02 -3.981209E-02  1.159955E-02
  5.420 -1.192849E+01  3.890808E+00 -1.212586E+01  5.500559E+00 -1.141473E+01  5.102957E+00  8.583836E-01  5.727485E-01  5.919904E-02  7.810465E-03 -3.686790E-02  5.493726E-03
  5.440 -1.166002E+01  3.685227E+00 -1.215156E+01  5.175464E+00 -1.139265E+01  5.039708E+00  8.057572E-01  5.167674E-01  6.249761E-02  5.943911E-03 -3.286941E-02  1.047639E-03
  5.460 -1.139479E+01  3.506733E+00 -1.211644E+01  4.843503E+00 -1.138734E+01  4.953011E+00  7.702965E-01  4.561281E-01  6.545233E-02  5.059195E-03 -2.867125E-02 -1.881919E-03
  5.480 -1.113732E+01  3.351727E+00 -1.202898E+01  4.520932E+00 -1.139003E+01  4.839240E+00  7.502526E-01  3.960015E-01  6.794930E-02  4.816888E-03 -2.469734E-02 -3.713512E-03
  5.500 -1.089063E+01  3.215645E+00 -1.189967E+01  4.217568E+00 -1.139271E+01  4.697376E+00  7.427425E-01  3.397853E-01  7.004528E-02  4.997898E-03 -2.102821E-02 -4.774576E-03
  5.520 -1.065607E+01  3.093482E+00 -1.173838E+01  3.938774E+00 -1.138754E+01  4.527527E+00  7.447476E-01  2.892853E-01  7.181150E-02  5.534806E-03 -1.766447E-02 -5.185610E-03
  5.540 -1.043316E+01  2.980409E+00 -1.155391E+01  3.687419E+00 -1.136567E+01  4.331685E+00  7.536268E-01  2.452383E-01  7.323699E-02  6.427874E-03 -1.471007E-02 -4.977639E-03
  5.560 -1.021971E+01  2.872518E+00 -1.135455E+01  3.464594E+00 -1.131824E+01  4.115624E+00  7.672032E-01  2.077886E-01  7.423510E-02  7.646563E-03 -1.236683E-02 -4.262143E-03
  5.580 -1.001238E+01  2.767612E+00 -1.114818E+01  3.269418E+00 -1.123914E+01  3.889198E+00  7.836615E-01  1.767508E-01  7.470289E-02  9.085018E-03 -1.081194E-02 -3.303470E-03
  5.600 -9.807816E+00  2.665541E+00 -1.094165E+01  3.098796E+00 -1.112749E+01  3.663994E+00  8.014415E-01  1.517047E-01  7.457799E-02  1.056467E-02 -1.007877E-02 -2.475684E-03
  5.620 -9.603730E+00  2.567677E+00 -1.073987E+01  2.947702E+00 -1.098747E+01  3.449933E+00  8.191739E-01  1.320071E-01  7.388498E-02  1.185834E-02 -9.999497E-03 -2.158177E-03
  5.640 -9.399309E+00  2.475837E+00 -1.054493E+01  2.810182E+00 -1.082617E+01  3.253030E+00  8.356692E-01  1.167465E-01  7.277804E-02  1.274164E-02 -1.021763E-02 -2.615206E-03
  5.660 -9.194767E+00  2.391401E+00 -1.035599E+01  2.680868E+00 -1.065077E+01  3.075184E+00  8.500152E-01  1.046754E-01  7.155234E-02  1.309007E-02 -1.027323E-02 -3.893165E-03
  5.680 -8.990598E+00  2.315131E+00 -1.017010E+01  2.556393E+00 -1.046658E+01  2.915547E+00  8.617977E-01  9.425323E-02  7.056578E-02  1.299301E-02 -9.750179E-03 -5.785118E-03
  5.700 -8.787133E+00  2.247552E+00 -9.983775E+00  2.435978E+00 -1.027656E+01  2.772464E+00  8.712846E-01  8.391164E-02  7.006273E-02  1.278487E-02 -8.425791E-03 -7.907194E-03
  5.720 -8.584622E+00  2.189395E+00 -9.794464E+00  2.320938E+00 -1.008199E+01  2.644975E+00  8.793629E-01  7.242978E-02  7.000835E-02  1.291769E-02 -6.328654E-03 -9.866404E-03
  5.740 -8.383628E+00  2.141742E+00 -9.601253E+00  2.213539E+00 -9.883752E+00  2.533317E+00  8.872292E-01  5.915766E-02  7.007093E-02  1.374439E-02 -3.656779E-03 -1.141699E-02
  5.760 -8.185370E+00  2.105797E+00 -9.404742E+00  2.115923E+00 -9.683303E+00  2.438528E+00  8.960651E-01  4.396600E-02  6.975331E-02  1.536946E-02 -6.171152E-04 -1.250083E-02
  5.780 -7.991836E+00  2.082504E+00 -9.206476E+00  2.029506E+00 -9.483043E+00  2.361718E+00  9.068952E-01  2.704989E-02  6.854839E-02  1.762912E-02  2.698113E-03 -1.316360E-02
  5.800 -7.805695E+00  2.072169E+00 -9.008368E+00  1.954844E+00 -9.286185E+00  2.303482E+00  9.206253E-01  8.783902E-03  6.603260E-02  2.013170E-02  6.334474E-03 -1.342166E-02
  5.820 -7.630081E+00  2.074124E+00 -8.812295E+00  1.891749E+00 -9.096499E+00  2.263560E+00  9.381296E-01 -1.027899E-02  6.192366E-02  2.227771E-02  1.040746E-02 -1.315190E-02
  5.840 -7.468224E+00  2.086419E+00 -8.619890E+00  1.839473E+00 -8.918042E+00  2.240599E+00  9.602558E-01 -2.929792E-02  5.617782E-02  2.326098E-02  1.497427E-02 -1.204008E-02
  5.860 -7.322850E+00  2.105629E+00 -8.432423E+00  1.796856E+00 -8.754842E+00  2.231913E+00  9.876840E-01 -4.702975E-02  4.916265E-02  2.213414E-02  1.986984E-02 -9.615454E-03
  5.880 -7.195354E+00  2.127013E+00 -8.250715E+00  1.762465E+00 -8.610366E+00  2.233259E+00  1.020664E+00 -6.184106E-02  4.183598E-02  1.804889E-02  2.455496E-02 -5.412706E-03
  5.900 -7.085069E+00  2.145256E+00 -8.075061E+00  1.734760E+00 -8.486727E+00  2.238867E+00  1.058761E+00 -7.193479E-02  3.573820E-02  1.069427E-02  2.808735E-02  7.275383E-04
  5.920 -6.989096E+00  2.155664E+00 -7.905233E+00  1.712301E+00 -8.383785E+00  2.241996E+00  1.100791E+00 -7.574338E-02  3.259604E-02  7.359427E-04  2.935236E-02  8.327777E-03
  5.940 -6.902976E+00  2.155262E+00 -7.740564E+00  1.693936E+00 -8.298580E+00  2.236107E+00  1.145025E+00 -7.229971E-02  3.358496E-02 -1.012646E-02  2.756699E-02  1.616129E-02
  5.960 -6.821879E+00  2.143189E+00 -7.580111E+00  1.678913E+00 -8.225576E+00  2.216384E+00  1.189564E+00 -6.141237E-02  3.867860E-02 -1.971821E-02  2.281434E-02  2.257879E-02
  5.980 -6.741646E+00  2.120277E+00 -7.422804E+00  1.666920E+00 -8.157876E+00  2.180887E+00  1.232728E+00 -4.361417E-02  4.659487E-02 -2.631153E-02  1.621350E-02  2.620571E-02
