
 **** DERIVATIVE DATABASE ****    
+DDB, Version number    100401

 DDB file merged by PhononWork on Wed Sep 30 03:53:31 2020

    usepaw         0
     natom         2
      nkpt       260
    nsppol         1
      nsym        48
    ntypat         1
    occopt         1
     nband         4
     acell  0.10000000000000D+01  0.10000000000000D+01  0.10000000000000D+01
       amu  0.12011000000000D+02
   dilatmx  0.10000000000000D+01
      ecut  0.25000000000000D+02
    ecutsm  0.00000000000000D+00
     intxc         0
      iscf         7
       ixc         1
       kpt  0.00000000000000D+00  0.00000000000000D+00  0.00000000000000D+00
            0.12500000000000D+00  0.00000000000000D+00  0.00000000000000D+00
            0.25000000000000D+00  0.00000000000000D+00  0.00000000000000D+00
            0.37500000000000D+00  0.00000000000000D+00  0.00000000000000D+00
            0.50000000000000D+00  0.00000000000000D+00  0.00000000000000D+00
            0.00000000000000D+00  0.12500000000000D+00  0.00000000000000D+00
            0.12500000000000D+00  0.12500000000000D+00  0.00000000000000D+00
            0.25000000000000D+00  0.12500000000000D+00  0.00000000000000D+00
            0.37500000000000D+00  0.12500000000000D+00  0.00000000000000D+00
            0.50000000000000D+00  0.12500000000000D+00  0.00000000000000D+00
           -0.37500000000000D+00  0.12500000000000D+00  0.00000000000000D+00
           -0.25000000000000D+00  0.12500000000000D+00  0.00000000000000D+00
           -0.12500000000000D+00  0.12500000000000D+00  0.00000000000000D+00
            0.00000000000000D+00  0.25000000000000D+00  0.00000000000000D+00
            0.12500000000000D+00  0.25000000000000D+00  0.00000000000000D+00
            0.25000000000000D+00  0.25000000000000D+00  0.00000000000000D+00
            0.37500000000000D+00  0.25000000000000D+00  0.00000000000000D+00
            0.50000000000000D+00  0.25000000000000D+00  0.00000000000000D+00
           -0.37500000000000D+00  0.25000000000000D+00  0.00000000000000D+00
           -0.25000000000000D+00  0.25000000000000D+00  0.00000000000000D+00
           -0.12500000000000D+00  0.25000000000000D+00  0.00000000000000D+00
            0.00000000000000D+00  0.37500000000000D+00  0.00000000000000D+00
            0.12500000000000D+00  0.37500000000000D+00  0.00000000000000D+00
            0.25000000000000D+00  0.37500000000000D+00  0.00000000000000D+00
            0.37500000000000D+00  0.37500000000000D+00  0.00000000000000D+00
            0.50000000000000D+00  0.37500000000000D+00  0.00000000000000D+00
           -0.37500000000000D+00  0.37500000000000D+00  0.00000000000000D+00
           -0.25000000000000D+00  0.37500000000000D+00  0.00000000000000D+00
           -0.12500000000000D+00  0.37500000000000D+00  0.00000000000000D+00
            0.00000000000000D+00  0.50000000000000D+00  0.00000000000000D+00
            0.12500000000000D+00  0.50000000000000D+00  0.00000000000000D+00
            0.25000000000000D+00  0.50000000000000D+00  0.00000000000000D+00
            0.37500000000000D+00  0.50000000000000D+00  0.00000000000000D+00
            0.50000000000000D+00  0.50000000000000D+00  0.00000000000000D+00
            0.00000000000000D+00  0.00000000000000D+00  0.12500000000000D+00
            0.12500000000000D+00  0.00000000000000D+00  0.12500000000000D+00
            0.25000000000000D+00  0.00000000000000D+00  0.12500000000000D+00
            0.37500000000000D+00  0.00000000000000D+00  0.12500000000000D+00
            0.50000000000000D+00  0.00000000000000D+00  0.12500000000000D+00
           -0.37500000000000D+00  0.00000000000000D+00  0.12500000000000D+00
           -0.25000000000000D+00  0.00000000000000D+00  0.12500000000000D+00
           -0.12500000000000D+00  0.00000000000000D+00  0.12500000000000D+00
            0.00000000000000D+00  0.12500000000000D+00  0.12500000000000D+00
            0.12500000000000D+00  0.12500000000000D+00  0.12500000000000D+00
            0.25000000000000D+00  0.12500000000000D+00  0.12500000000000D+00
            0.37500000000000D+00  0.12500000000000D+00  0.12500000000000D+00
            0.50000000000000D+00  0.12500000000000D+00  0.12500000000000D+00
           -0.37500000000000D+00  0.12500000000000D+00  0.12500000000000D+00
           -0.25000000000000D+00  0.12500000000000D+00  0.12500000000000D+00
           -0.12500000000000D+00  0.12500000000000D+00  0.12500000000000D+00
            0.00000000000000D+00  0.25000000000000D+00  0.12500000000000D+00
            0.12500000000000D+00  0.25000000000000D+00  0.12500000000000D+00
            0.25000000000000D+00  0.25000000000000D+00  0.12500000000000D+00
            0.37500000000000D+00  0.25000000000000D+00  0.12500000000000D+00
            0.50000000000000D+00  0.25000000000000D+00  0.12500000000000D+00
           -0.37500000000000D+00  0.25000000000000D+00  0.12500000000000D+00
           -0.25000000000000D+00  0.25000000000000D+00  0.12500000000000D+00
           -0.12500000000000D+00  0.25000000000000D+00  0.12500000000000D+00
            0.00000000000000D+00  0.37500000000000D+00  0.12500000000000D+00
            0.12500000000000D+00  0.37500000000000D+00  0.12500000000000D+00
            0.25000000000000D+00  0.37500000000000D+00  0.12500000000000D+00
            0.37500000000000D+00  0.37500000000000D+00  0.12500000000000D+00
            0.50000000000000D+00  0.37500000000000D+00  0.12500000000000D+00
           -0.37500000000000D+00  0.37500000000000D+00  0.12500000000000D+00
           -0.25000000000000D+00  0.37500000000000D+00  0.12500000000000D+00
           -0.12500000000000D+00  0.37500000000000D+00  0.12500000000000D+00
            0.00000000000000D+00  0.50000000000000D+00  0.12500000000000D+00
            0.12500000000000D+00  0.50000000000000D+00  0.12500000000000D+00
            0.25000000000000D+00  0.50000000000000D+00  0.12500000000000D+00
            0.37500000000000D+00  0.50000000000000D+00  0.12500000000000D+00
            0.50000000000000D+00  0.50000000000000D+00  0.12500000000000D+00
           -0.37500000000000D+00  0.50000000000000D+00  0.12500000000000D+00
           -0.25000000000000D+00  0.50000000000000D+00  0.12500000000000D+00
           -0.12500000000000D+00  0.50000000000000D+00  0.12500000000000D+00
            0.00000000000000D+00 -0.37500000000000D+00  0.12500000000000D+00
            0.12500000000000D+00 -0.37500000000000D+00  0.12500000000000D+00
            0.25000000000000D+00 -0.37500000000000D+00  0.12500000000000D+00
            0.37500000000000D+00 -0.37500000000000D+00  0.12500000000000D+00
            0.50000000000000D+00 -0.37500000000000D+00  0.12500000000000D+00
           -0.37500000000000D+00 -0.37500000000000D+00  0.12500000000000D+00
           -0.25000000000000D+00 -0.37500000000000D+00  0.12500000000000D+00
           -0.12500000000000D+00 -0.37500000000000D+00  0.12500000000000D+00
            0.00000000000000D+00 -0.25000000000000D+00  0.12500000000000D+00
            0.12500000000000D+00 -0.25000000000000D+00  0.12500000000000D+00
            0.25000000000000D+00 -0.25000000000000D+00  0.12500000000000D+00
            0.37500000000000D+00 -0.25000000000000D+00  0.12500000000000D+00
            0.50000000000000D+00 -0.25000000000000D+00  0.12500000000000D+00
           -0.37500000000000D+00 -0.25000000000000D+00  0.12500000000000D+00
           -0.25000000000000D+00 -0.25000000000000D+00  0.12500000000000D+00
           -0.12500000000000D+00 -0.25000000000000D+00  0.12500000000000D+00
            0.00000000000000D+00 -0.12500000000000D+00  0.12500000000000D+00
            0.12500000000000D+00 -0.12500000000000D+00  0.12500000000000D+00
            0.25000000000000D+00 -0.12500000000000D+00  0.12500000000000D+00
            0.37500000000000D+00 -0.12500000000000D+00  0.12500000000000D+00
            0.50000000000000D+00 -0.12500000000000D+00  0.12500000000000D+00
           -0.37500000000000D+00 -0.12500000000000D+00  0.12500000000000D+00
           -0.25000000000000D+00 -0.12500000000000D+00  0.12500000000000D+00
           -0.12500000000000D+00 -0.12500000000000D+00  0.12500000000000D+00
            0.00000000000000D+00  0.00000000000000D+00  0.25000000000000D+00
            0.12500000000000D+00  0.00000000000000D+00  0.25000000000000D+00
            0.25000000000000D+00  0.00000000000000D+00  0.25000000000000D+00
            0.37500000000000D+00  0.00000000000000D+00  0.25000000000000D+00
            0.50000000000000D+00  0.00000000000000D+00  0.25000000000000D+00
           -0.37500000000000D+00  0.00000000000000D+00  0.25000000000000D+00
           -0.25000000000000D+00  0.00000000000000D+00  0.25000000000000D+00
           -0.12500000000000D+00  0.00000000000000D+00  0.25000000000000D+00
            0.00000000000000D+00  0.12500000000000D+00  0.25000000000000D+00
            0.12500000000000D+00  0.12500000000000D+00  0.25000000000000D+00
            0.25000000000000D+00  0.12500000000000D+00  0.25000000000000D+00
            0.37500000000000D+00  0.12500000000000D+00  0.25000000000000D+00
            0.50000000000000D+00  0.12500000000000D+00  0.25000000000000D+00
           -0.37500000000000D+00  0.12500000000000D+00  0.25000000000000D+00
           -0.25000000000000D+00  0.12500000000000D+00  0.25000000000000D+00
           -0.12500000000000D+00  0.12500000000000D+00  0.25000000000000D+00
            0.00000000000000D+00  0.25000000000000D+00  0.25000000000000D+00
            0.12500000000000D+00  0.25000000000000D+00  0.25000000000000D+00
            0.25000000000000D+00  0.25000000000000D+00  0.25000000000000D+00
            0.37500000000000D+00  0.25000000000000D+00  0.25000000000000D+00
            0.50000000000000D+00  0.25000000000000D+00  0.25000000000000D+00
           -0.37500000000000D+00  0.25000000000000D+00  0.25000000000000D+00
           -0.25000000000000D+00  0.25000000000000D+00  0.25000000000000D+00
           -0.12500000000000D+00  0.25000000000000D+00  0.25000000000000D+00
            0.00000000000000D+00  0.37500000000000D+00  0.25000000000000D+00
            0.12500000000000D+00  0.37500000000000D+00  0.25000000000000D+00
            0.25000000000000D+00  0.37500000000000D+00  0.25000000000000D+00
            0.37500000000000D+00  0.37500000000000D+00  0.25000000000000D+00
            0.50000000000000D+00  0.37500000000000D+00  0.25000000000000D+00
           -0.37500000000000D+00  0.37500000000000D+00  0.25000000000000D+00
           -0.25000000000000D+00  0.37500000000000D+00  0.25000000000000D+00
           -0.12500000000000D+00  0.37500000000000D+00  0.25000000000000D+00
            0.00000000000000D+00  0.50000000000000D+00  0.25000000000000D+00
            0.12500000000000D+00  0.50000000000000D+00  0.25000000000000D+00
            0.25000000000000D+00  0.50000000000000D+00  0.25000000000000D+00
            0.37500000000000D+00  0.50000000000000D+00  0.25000000000000D+00
            0.50000000000000D+00  0.50000000000000D+00  0.25000000000000D+00
           -0.37500000000000D+00  0.50000000000000D+00  0.25000000000000D+00
           -0.25000000000000D+00  0.50000000000000D+00  0.25000000000000D+00
           -0.12500000000000D+00  0.50000000000000D+00  0.25000000000000D+00
            0.00000000000000D+00 -0.37500000000000D+00  0.25000000000000D+00
            0.12500000000000D+00 -0.37500000000000D+00  0.25000000000000D+00
            0.25000000000000D+00 -0.37500000000000D+00  0.25000000000000D+00
            0.37500000000000D+00 -0.37500000000000D+00  0.25000000000000D+00
            0.50000000000000D+00 -0.37500000000000D+00  0.25000000000000D+00
           -0.37500000000000D+00 -0.37500000000000D+00  0.25000000000000D+00
           -0.25000000000000D+00 -0.37500000000000D+00  0.25000000000000D+00
           -0.12500000000000D+00 -0.37500000000000D+00  0.25000000000000D+00
            0.00000000000000D+00 -0.25000000000000D+00  0.25000000000000D+00
            0.12500000000000D+00 -0.25000000000000D+00  0.25000000000000D+00
            0.25000000000000D+00 -0.25000000000000D+00  0.25000000000000D+00
            0.37500000000000D+00 -0.25000000000000D+00  0.25000000000000D+00
            0.50000000000000D+00 -0.25000000000000D+00  0.25000000000000D+00
           -0.37500000000000D+00 -0.25000000000000D+00  0.25000000000000D+00
           -0.25000000000000D+00 -0.25000000000000D+00  0.25000000000000D+00
           -0.12500000000000D+00 -0.25000000000000D+00  0.25000000000000D+00
            0.00000000000000D+00 -0.12500000000000D+00  0.25000000000000D+00
            0.12500000000000D+00 -0.12500000000000D+00  0.25000000000000D+00
            0.25000000000000D+00 -0.12500000000000D+00  0.25000000000000D+00
            0.37500000000000D+00 -0.12500000000000D+00  0.25000000000000D+00
            0.50000000000000D+00 -0.12500000000000D+00  0.25000000000000D+00
           -0.37500000000000D+00 -0.12500000000000D+00  0.25000000000000D+00
           -0.25000000000000D+00 -0.12500000000000D+00  0.25000000000000D+00
           -0.12500000000000D+00 -0.12500000000000D+00  0.25000000000000D+00
            0.00000000000000D+00  0.00000000000000D+00  0.37500000000000D+00
            0.12500000000000D+00  0.00000000000000D+00  0.37500000000000D+00
            0.25000000000000D+00  0.00000000000000D+00  0.37500000000000D+00
            0.37500000000000D+00  0.00000000000000D+00  0.37500000000000D+00
            0.50000000000000D+00  0.00000000000000D+00  0.37500000000000D+00
           -0.37500000000000D+00  0.00000000000000D+00  0.37500000000000D+00
           -0.25000000000000D+00  0.00000000000000D+00  0.37500000000000D+00
           -0.12500000000000D+00  0.00000000000000D+00  0.37500000000000D+00
            0.00000000000000D+00  0.12500000000000D+00  0.37500000000000D+00
            0.12500000000000D+00  0.12500000000000D+00  0.37500000000000D+00
            0.25000000000000D+00  0.12500000000000D+00  0.37500000000000D+00
            0.37500000000000D+00  0.12500000000000D+00  0.37500000000000D+00
            0.50000000000000D+00  0.12500000000000D+00  0.37500000000000D+00
           -0.37500000000000D+00  0.12500000000000D+00  0.37500000000000D+00
           -0.25000000000000D+00  0.12500000000000D+00  0.37500000000000D+00
           -0.12500000000000D+00  0.12500000000000D+00  0.37500000000000D+00
            0.00000000000000D+00  0.25000000000000D+00  0.37500000000000D+00
            0.12500000000000D+00  0.25000000000000D+00  0.37500000000000D+00
            0.25000000000000D+00  0.25000000000000D+00  0.37500000000000D+00
            0.37500000000000D+00  0.25000000000000D+00  0.37500000000000D+00
            0.50000000000000D+00  0.25000000000000D+00  0.37500000000000D+00
           -0.37500000000000D+00  0.25000000000000D+00  0.37500000000000D+00
           -0.25000000000000D+00  0.25000000000000D+00  0.37500000000000D+00
           -0.12500000000000D+00  0.25000000000000D+00  0.37500000000000D+00
            0.00000000000000D+00  0.37500000000000D+00  0.37500000000000D+00
            0.12500000000000D+00  0.37500000000000D+00  0.37500000000000D+00
            0.25000000000000D+00  0.37500000000000D+00  0.37500000000000D+00
            0.37500000000000D+00  0.37500000000000D+00  0.37500000000000D+00
            0.50000000000000D+00  0.37500000000000D+00  0.37500000000000D+00
           -0.37500000000000D+00  0.37500000000000D+00  0.37500000000000D+00
           -0.25000000000000D+00  0.37500000000000D+00  0.37500000000000D+00
           -0.12500000000000D+00  0.37500000000000D+00  0.37500000000000D+00
            0.00000000000000D+00  0.50000000000000D+00  0.37500000000000D+00
            0.12500000000000D+00  0.50000000000000D+00  0.37500000000000D+00
            0.25000000000000D+00  0.50000000000000D+00  0.37500000000000D+00
            0.37500000000000D+00  0.50000000000000D+00  0.37500000000000D+00
            0.50000000000000D+00  0.50000000000000D+00  0.37500000000000D+00
           -0.37500000000000D+00  0.50000000000000D+00  0.37500000000000D+00
           -0.25000000000000D+00  0.50000000000000D+00  0.37500000000000D+00
           -0.12500000000000D+00  0.50000000000000D+00  0.37500000000000D+00
            0.00000000000000D+00 -0.37500000000000D+00  0.37500000000000D+00
            0.12500000000000D+00 -0.37500000000000D+00  0.37500000000000D+00
            0.25000000000000D+00 -0.37500000000000D+00  0.37500000000000D+00
            0.37500000000000D+00 -0.37500000000000D+00  0.37500000000000D+00
            0.50000000000000D+00 -0.37500000000000D+00  0.37500000000000D+00
           -0.37500000000000D+00 -0.37500000000000D+00  0.37500000000000D+00
           -0.25000000000000D+00 -0.37500000000000D+00  0.37500000000000D+00
           -0.12500000000000D+00 -0.37500000000000D+00  0.37500000000000D+00
            0.00000000000000D+00 -0.25000000000000D+00  0.37500000000000D+00
            0.12500000000000D+00 -0.25000000000000D+00  0.37500000000000D+00
            0.25000000000000D+00 -0.25000000000000D+00  0.37500000000000D+00
            0.37500000000000D+00 -0.25000000000000D+00  0.37500000000000D+00
            0.50000000000000D+00 -0.25000000000000D+00  0.37500000000000D+00
           -0.37500000000000D+00 -0.25000000000000D+00  0.37500000000000D+00
           -0.25000000000000D+00 -0.25000000000000D+00  0.37500000000000D+00
           -0.12500000000000D+00 -0.25000000000000D+00  0.37500000000000D+00
            0.00000000000000D+00 -0.12500000000000D+00  0.37500000000000D+00
            0.12500000000000D+00 -0.12500000000000D+00  0.37500000000000D+00
            0.25000000000000D+00 -0.12500000000000D+00  0.37500000000000D+00
            0.37500000000000D+00 -0.12500000000000D+00  0.37500000000000D+00
            0.50000000000000D+00 -0.12500000000000D+00  0.37500000000000D+00
           -0.37500000000000D+00 -0.12500000000000D+00  0.37500000000000D+00
           -0.25000000000000D+00 -0.12500000000000D+00  0.37500000000000D+00
           -0.12500000000000D+00 -0.12500000000000D+00  0.37500000000000D+00
            0.00000000000000D+00  0.00000000000000D+00  0.50000000000000D+00
            0.12500000000000D+00  0.00000000000000D+00  0.50000000000000D+00
            0.25000000000000D+00  0.00000000000000D+00  0.50000000000000D+00
            0.37500000000000D+00  0.00000000000000D+00  0.50000000000000D+00
            0.50000000000000D+00  0.00000000000000D+00  0.50000000000000D+00
            0.00000000000000D+00  0.12500000000000D+00  0.50000000000000D+00
            0.12500000000000D+00  0.12500000000000D+00  0.50000000000000D+00
            0.25000000000000D+00  0.12500000000000D+00  0.50000000000000D+00
            0.37500000000000D+00  0.12500000000000D+00  0.50000000000000D+00
            0.50000000000000D+00  0.12500000000000D+00  0.50000000000000D+00
           -0.37500000000000D+00  0.12500000000000D+00  0.50000000000000D+00
           -0.25000000000000D+00  0.12500000000000D+00  0.50000000000000D+00
           -0.12500000000000D+00  0.12500000000000D+00  0.50000000000000D+00
            0.00000000000000D+00  0.25000000000000D+00  0.50000000000000D+00
            0.12500000000000D+00  0.25000000000000D+00  0.50000000000000D+00
            0.25000000000000D+00  0.25000000000000D+00  0.50000000000000D+00
            0.37500000000000D+00  0.25000000000000D+00  0.50000000000000D+00
            0.50000000000000D+00  0.25000000000000D+00  0.50000000000000D+00
           -0.37500000000000D+00  0.25000000000000D+00  0.50000000000000D+00
           -0.25000000000000D+00  0.25000000000000D+00  0.50000000000000D+00
           -0.12500000000000D+00  0.25000000000000D+00  0.50000000000000D+00
            0.00000000000000D+00  0.37500000000000D+00  0.50000000000000D+00
            0.12500000000000D+00  0.37500000000000D+00  0.50000000000000D+00
            0.25000000000000D+00  0.37500000000000D+00  0.50000000000000D+00
            0.37500000000000D+00  0.37500000000000D+00  0.50000000000000D+00
            0.50000000000000D+00  0.37500000000000D+00  0.50000000000000D+00
           -0.37500000000000D+00  0.37500000000000D+00  0.50000000000000D+00
           -0.25000000000000D+00  0.37500000000000D+00  0.50000000000000D+00
           -0.12500000000000D+00  0.37500000000000D+00  0.50000000000000D+00
            0.00000000000000D+00  0.50000000000000D+00  0.50000000000000D+00
            0.12500000000000D+00  0.50000000000000D+00  0.50000000000000D+00
            0.25000000000000D+00  0.50000000000000D+00  0.50000000000000D+00
            0.37500000000000D+00  0.50000000000000D+00  0.50000000000000D+00
            0.50000000000000D+00  0.50000000000000D+00  0.50000000000000D+00
    kptnrm  0.10000000000000D+01
     ngfft        24   24   24
    nspden         1
   nspinor         1
       occ  0.20000000000000D+01  0.20000000000000D+01  0.20000000000000D+01
            0.20000000000000D+01
     rprim  0.00000000000000D+00  0.33517340250000D+01  0.33517340250000D+01
            0.33517340250000D+01  0.00000000000000D+00  0.33517340250000D+01
            0.33517340250000D+01  0.33517340250000D+01  0.00000000000000D+00
  dfpt_sciss  0.00000000000000D+00
    spinat  0.00000000000000D+00  0.00000000000000D+00  0.00000000000000D+00
            0.00000000000000D+00  0.00000000000000D+00  0.00000000000000D+00
    symafm         1    1    1    1    1    1    1    1    1    1    1    1
                   1    1    1    1    1    1    1    1    1    1    1    1
                   1    1    1    1    1    1    1    1    1    1    1    1
                   1    1    1    1    1    1    1    1    1    1    1    1
    symrel         1    0    0    0    1    0    0    0    1
                  -1    0    0    0   -1    0    0    0   -1
                   0   -1    1    0   -1    0    1   -1    0
                   0    1   -1    0    1    0   -1    1    0
                  -1    0    0   -1    0    1   -1    1    0
                   1    0    0    1    0   -1    1   -1    0
                   0    1   -1    1    0   -1    0    0   -1
                   0   -1    1   -1    0    1    0    0    1
                  -1    0    0   -1    1    0   -1    0    1
                   1    0    0    1   -1    0    1    0   -1
                   0   -1    1    1   -1    0    0   -1    0
                   0    1   -1   -1    1    0    0    1    0
                   1    0    0    0    0    1    0    1    0
                  -1    0    0    0    0   -1    0   -1    0
                   0    1   -1    0    0   -1    1    0   -1
                   0   -1    1    0    0    1   -1    0    1
                  -1    0    1   -1    1    0   -1    0    0
                   1    0   -1    1   -1    0    1    0    0
                   0   -1    0    1   -1    0    0   -1    1
                   0    1    0   -1    1    0    0    1   -1
                   1    0   -1    0    0   -1    0    1   -1
                  -1    0    1    0    0    1    0   -1    1
                   0    1    0    0    0    1    1    0    0
                   0   -1    0    0    0   -1   -1    0    0
                   1    0   -1    0    1   -1    0    0   -1
                  -1    0    1    0   -1    1    0    0    1
                   0   -1    0    0   -1    1    1   -1    0
                   0    1    0    0    1   -1   -1    1    0
                  -1    0    1   -1    0    0   -1    1    0
                   1    0   -1    1    0    0    1   -1    0
                   0    1    0    1    0    0    0    0    1
                   0   -1    0   -1    0    0    0    0   -1
                   0    0   -1    0    1   -1    1    0   -1
                   0    0    1    0   -1    1   -1    0    1
                   1   -1    0    0   -1    1    0   -1    0
                  -1    1    0    0    1   -1    0    1    0
                   0    0    1    1    0    0    0    1    0
                   0    0   -1   -1    0    0    0   -1    0
                  -1    1    0   -1    0    0   -1    0    1
                   1   -1    0    1    0    0    1    0   -1
                   0    0    1    0    1    0    1    0    0
                   0    0   -1    0   -1    0   -1    0    0
                   1   -1    0    0   -1    0    0   -1    1
                  -1    1    0    0    1    0    0    1   -1
                   0    0   -1    1    0   -1    0    1   -1
                   0    0    1   -1    0    1    0   -1    1
                  -1    1    0   -1    0    1   -1    0    0
                   1   -1    0    1    0   -1    1    0    0
     tnons  0.00000000000000D+00  0.00000000000000D+00  0.00000000000000D+00
            0.25000000000000D+00  0.25000000000000D+00  0.25000000000000D+00
            0.00000000000000D+00  0.00000000000000D+00  0.00000000000000D+00
            0.25000000000000D+00  0.25000000000000D+00  0.25000000000000D+00
            0.00000000000000D+00  0.00000000000000D+00  0.00000000000000D+00
            0.25000000000000D+00  0.25000000000000D+00  0.25000000000000D+00
            0.00000000000000D+00  0.00000000000000D+00  0.00000000000000D+00
            0.25000000000000D+00  0.25000000000000D+00  0.25000000000000D+00
            0.00000000000000D+00  0.00000000000000D+00  0.00000000000000D+00
            0.25000000000000D+00  0.25000000000000D+00  0.25000000000000D+00
            0.00000000000000D+00  0.00000000000000D+00  0.00000000000000D+00
            0.25000000000000D+00  0.25000000000000D+00  0.25000000000000D+00
            0.00000000000000D+00  0.00000000000000D+00  0.00000000000000D+00
            0.25000000000000D+00  0.25000000000000D+00  0.25000000000000D+00
            0.00000000000000D+00  0.00000000000000D+00  0.00000000000000D+00
            0.25000000000000D+00  0.25000000000000D+00  0.25000000000000D+00
            0.00000000000000D+00  0.00000000000000D+00  0.00000000000000D+00
            0.25000000000000D+00  0.25000000000000D+00  0.25000000000000D+00
            0.00000000000000D+00  0.00000000000000D+00  0.00000000000000D+00
            0.25000000000000D+00  0.25000000000000D+00  0.25000000000000D+00
            0.00000000000000D+00  0.00000000000000D+00  0.00000000000000D+00
            0.25000000000000D+00  0.25000000000000D+00  0.25000000000000D+00
            0.00000000000000D+00  0.00000000000000D+00  0.00000000000000D+00
            0.25000000000000D+00  0.25000000000000D+00  0.25000000000000D+00
            0.00000000000000D+00  0.00000000000000D+00  0.00000000000000D+00
            0.25000000000000D+00  0.25000000000000D+00  0.25000000000000D+00
            0.00000000000000D+00  0.00000000000000D+00  0.00000000000000D+00
            0.25000000000000D+00  0.25000000000000D+00  0.25000000000000D+00
            0.00000000000000D+00  0.00000000000000D+00  0.00000000000000D+00
            0.25000000000000D+00  0.25000000000000D+00  0.25000000000000D+00
            0.00000000000000D+00  0.00000000000000D+00  0.00000000000000D+00
            0.25000000000000D+00  0.25000000000000D+00  0.25000000000000D+00
            0.00000000000000D+00  0.00000000000000D+00  0.00000000000000D+00
            0.25000000000000D+00  0.25000000000000D+00  0.25000000000000D+00
            0.00000000000000D+00  0.00000000000000D+00  0.00000000000000D+00
            0.25000000000000D+00  0.25000000000000D+00  0.25000000000000D+00
            0.00000000000000D+00  0.00000000000000D+00  0.00000000000000D+00
            0.25000000000000D+00  0.25000000000000D+00  0.25000000000000D+00
            0.00000000000000D+00  0.00000000000000D+00  0.00000000000000D+00
            0.25000000000000D+00  0.25000000000000D+00  0.25000000000000D+00
            0.00000000000000D+00  0.00000000000000D+00  0.00000000000000D+00
            0.25000000000000D+00  0.25000000000000D+00  0.25000000000000D+00
            0.00000000000000D+00  0.00000000000000D+00  0.00000000000000D+00
            0.25000000000000D+00  0.25000000000000D+00  0.25000000000000D+00
            0.00000000000000D+00  0.00000000000000D+00  0.00000000000000D+00
            0.25000000000000D+00  0.25000000000000D+00  0.25000000000000D+00
            0.00000000000000D+00  0.00000000000000D+00  0.00000000000000D+00
            0.25000000000000D+00  0.25000000000000D+00  0.25000000000000D+00
    tolwfr  0.10000000000000D+01
   tphysel  0.00000000000000D+00
    tsmear  0.10000000000000D-01
     typat         1    1
       wtk  0.19531250000000D-02  0.39062500000000D-02  0.39062500000000D-02
            0.39062500000000D-02  0.19531250000000D-02  0.39062500000000D-02
            0.39062500000000D-02  0.39062500000000D-02  0.39062500000000D-02
            0.39062500000000D-02  0.39062500000000D-02  0.39062500000000D-02
            0.39062500000000D-02  0.39062500000000D-02  0.39062500000000D-02
            0.39062500000000D-02  0.39062500000000D-02  0.39062500000000D-02
            0.39062500000000D-02  0.39062500000000D-02  0.39062500000000D-02
            0.39062500000000D-02  0.39062500000000D-02  0.39062500000000D-02
            0.39062500000000D-02  0.39062500000000D-02  0.39062500000000D-02
            0.39062500000000D-02  0.39062500000000D-02  0.19531250000000D-02
            0.39062500000000D-02  0.39062500000000D-02  0.39062500000000D-02
            0.19531250000000D-02  0.39062500000000D-02  0.39062500000000D-02
            0.39062500000000D-02  0.39062500000000D-02  0.39062500000000D-02
            0.39062500000000D-02  0.39062500000000D-02  0.39062500000000D-02
            0.39062500000000D-02  0.39062500000000D-02  0.39062500000000D-02
            0.39062500000000D-02  0.39062500000000D-02  0.39062500000000D-02
            0.39062500000000D-02  0.39062500000000D-02  0.39062500000000D-02
            0.39062500000000D-02  0.39062500000000D-02  0.39062500000000D-02
            0.39062500000000D-02  0.39062500000000D-02  0.39062500000000D-02
            0.39062500000000D-02  0.39062500000000D-02  0.39062500000000D-02
            0.39062500000000D-02  0.39062500000000D-02  0.39062500000000D-02
            0.39062500000000D-02  0.39062500000000D-02  0.39062500000000D-02
            0.39062500000000D-02  0.39062500000000D-02  0.39062500000000D-02
            0.39062500000000D-02  0.39062500000000D-02  0.39062500000000D-02
            0.39062500000000D-02  0.39062500000000D-02  0.39062500000000D-02
            0.39062500000000D-02  0.39062500000000D-02  0.39062500000000D-02
            0.39062500000000D-02  0.39062500000000D-02  0.39062500000000D-02
            0.39062500000000D-02  0.39062500000000D-02  0.39062500000000D-02
            0.39062500000000D-02  0.39062500000000D-02  0.39062500000000D-02
            0.39062500000000D-02  0.39062500000000D-02  0.39062500000000D-02
            0.39062500000000D-02  0.39062500000000D-02  0.39062500000000D-02
            0.39062500000000D-02  0.39062500000000D-02  0.39062500000000D-02
            0.39062500000000D-02  0.39062500000000D-02  0.39062500000000D-02
            0.39062500000000D-02  0.39062500000000D-02  0.39062500000000D-02
            0.39062500000000D-02  0.39062500000000D-02  0.39062500000000D-02
            0.39062500000000D-02  0.39062500000000D-02  0.39062500000000D-02
            0.39062500000000D-02  0.39062500000000D-02  0.39062500000000D-02
            0.39062500000000D-02  0.39062500000000D-02  0.39062500000000D-02
            0.39062500000000D-02  0.39062500000000D-02  0.39062500000000D-02
            0.39062500000000D-02  0.39062500000000D-02  0.39062500000000D-02
            0.39062500000000D-02  0.39062500000000D-02  0.39062500000000D-02
            0.39062500000000D-02  0.39062500000000D-02  0.39062500000000D-02
            0.39062500000000D-02  0.39062500000000D-02  0.39062500000000D-02
            0.39062500000000D-02  0.39062500000000D-02  0.39062500000000D-02
            0.39062500000000D-02  0.39062500000000D-02  0.39062500000000D-02
            0.39062500000000D-02  0.39062500000000D-02  0.39062500000000D-02
            0.39062500000000D-02  0.39062500000000D-02  0.39062500000000D-02
            0.39062500000000D-02  0.39062500000000D-02  0.39062500000000D-02
            0.39062500000000D-02  0.39062500000000D-02  0.39062500000000D-02
            0.39062500000000D-02  0.39062500000000D-02  0.39062500000000D-02
            0.39062500000000D-02  0.39062500000000D-02  0.39062500000000D-02
            0.39062500000000D-02  0.39062500000000D-02  0.39062500000000D-02
            0.39062500000000D-02  0.39062500000000D-02  0.39062500000000D-02
            0.39062500000000D-02  0.39062500000000D-02  0.39062500000000D-02
            0.39062500000000D-02  0.39062500000000D-02  0.39062500000000D-02
            0.39062500000000D-02  0.39062500000000D-02  0.39062500000000D-02
            0.39062500000000D-02  0.39062500000000D-02  0.39062500000000D-02
            0.39062500000000D-02  0.39062500000000D-02  0.39062500000000D-02
            0.39062500000000D-02  0.39062500000000D-02  0.39062500000000D-02
            0.39062500000000D-02  0.39062500000000D-02  0.39062500000000D-02
            0.39062500000000D-02  0.39062500000000D-02  0.39062500000000D-02
            0.39062500000000D-02  0.39062500000000D-02  0.39062500000000D-02
            0.39062500000000D-02  0.39062500000000D-02  0.39062500000000D-02
            0.39062500000000D-02  0.39062500000000D-02  0.39062500000000D-02
            0.39062500000000D-02  0.39062500000000D-02  0.39062500000000D-02
            0.39062500000000D-02  0.39062500000000D-02  0.39062500000000D-02
            0.39062500000000D-02  0.39062500000000D-02  0.39062500000000D-02
            0.39062500000000D-02  0.39062500000000D-02  0.39062500000000D-02
            0.39062500000000D-02  0.39062500000000D-02  0.39062500000000D-02
            0.39062500000000D-02  0.39062500000000D-02  0.39062500000000D-02
            0.39062500000000D-02  0.39062500000000D-02  0.39062500000000D-02
            0.39062500000000D-02  0.39062500000000D-02  0.39062500000000D-02
            0.39062500000000D-02  0.39062500000000D-02  0.39062500000000D-02
            0.39062500000000D-02  0.39062500000000D-02  0.39062500000000D-02
            0.39062500000000D-02  0.39062500000000D-02  0.39062500000000D-02
            0.39062500000000D-02  0.19531250000000D-02  0.39062500000000D-02
            0.39062500000000D-02  0.39062500000000D-02  0.19531250000000D-02
            0.39062500000000D-02  0.39062500000000D-02  0.39062500000000D-02
            0.39062500000000D-02  0.39062500000000D-02  0.39062500000000D-02
            0.39062500000000D-02  0.39062500000000D-02  0.39062500000000D-02
            0.39062500000000D-02  0.39062500000000D-02  0.39062500000000D-02
            0.39062500000000D-02  0.39062500000000D-02  0.39062500000000D-02
            0.39062500000000D-02  0.39062500000000D-02  0.39062500000000D-02
            0.39062500000000D-02  0.39062500000000D-02  0.39062500000000D-02
            0.39062500000000D-02  0.39062500000000D-02  0.39062500000000D-02
            0.19531250000000D-02  0.39062500000000D-02  0.39062500000000D-02
            0.39062500000000D-02  0.19531250000000D-02
      xred  0.00000000000000D+00  0.00000000000000D+00  0.00000000000000D+00
            0.25000000000000D+00  0.25000000000000D+00  0.25000000000000D+00
     znucl  0.60000000000000D+01
      zion  0.40000000000000D+01
 
  Description of the potentials (KB energies)
  vrsio8 (for pseudopotentials)=100401
  usepaw =  0
  dimekb =  1       lmnmax=  1
  Atom type=    1   pspso=  0   nekb=   1
  iln lpsang iproj  ekb(:)
     1     0     1     4.9214663E+00
 
 **** Database of total energy derivatives ****
 Number of data blocks=    8
  
 2nd derivatives (non-stat.)  - # elements :      60
 qpt  0.00000000E+00  0.00000000E+00  0.00000000E+00   1.0
   1   1   1   1  0.88410320298865D+01  0.00000000000000D+00
   2   1   1   1  0.44205160149432D+01  0.00000000000000D+00
   3   1   1   1  0.44205160149433D+01  0.00000000000000D+00
   1   2   1   1 -0.88409768385691D+01  0.21180275447042D-16
   2   2   1   1 -0.44204884192846D+01 -0.33188834487859D-16
   3   2   1   1 -0.44204884192846D+01  0.30727404332027D-16
   2   4   1   1  0.00000000000000D+00  0.00000000000000D+00
   3   4   1   1  0.00000000000000D+00  0.00000000000000D+00
   1   1   2   1  0.44205160149431D+01  0.00000000000000D+00
   2   1   2   1  0.88410320298865D+01  0.00000000000000D+00
   3   1   2   1  0.44205160149433D+01  0.00000000000000D+00
   1   2   2   1 -0.44204884192846D+01 -0.33188834487859D-16
   2   2   2   1 -0.88409768385691D+01 -0.30658272680456D-16
   3   2   2   1 -0.44204884192846D+01  0.48099595177262D-17
   1   4   2   1  0.00000000000000D+00  0.00000000000000D+00
   3   4   2   1  0.00000000000000D+00  0.00000000000000D+00
   1   1   3   1  0.44205160149432D+01  0.00000000000000D+00
   2   1   3   1  0.44205160149433D+01  0.00000000000000D+00
   3   1   3   1  0.88410320298865D+01  0.00000000000000D+00
   1   2   3   1 -0.44204884192846D+01  0.30727404332027D-16
   2   2   3   1 -0.44204884192846D+01  0.48099595177262D-17
   3   2   3   1 -0.88409768385691D+01 -0.17207090290028D-16
   1   4   3   1  0.00000000000000D+00  0.00000000000000D+00
   2   4   3   1  0.00000000000000D+00  0.00000000000000D+00
   1   1   1   2 -0.88409768385691D+01 -0.21180275447042D-16
   2   1   1   2 -0.44204884192846D+01  0.33188834487859D-16
   3   1   1   2 -0.44204884192846D+01 -0.30727404332027D-16
   1   2   1   2  0.88410320298865D+01  0.00000000000000D+00
   2   2   1   2  0.44205160149432D+01  0.00000000000000D+00
   3   2   1   2  0.44205160149433D+01  0.00000000000000D+00
   2   4   1   2  0.00000000000000D+00  0.00000000000000D+00
   3   4   1   2  0.00000000000000D+00  0.00000000000000D+00
   1   1   2   2 -0.44204884192846D+01  0.33188834487859D-16
   2   1   2   2 -0.88409768385691D+01  0.30658272680456D-16
   3   1   2   2 -0.44204884192846D+01 -0.48099595177262D-17
   1   2   2   2  0.44205160149431D+01  0.00000000000000D+00
   2   2   2   2  0.88410320298865D+01  0.00000000000000D+00
   3   2   2   2  0.44205160149433D+01  0.00000000000000D+00
   1   4   2   2  0.00000000000000D+00  0.00000000000000D+00
   3   4   2   2  0.00000000000000D+00  0.00000000000000D+00
   1   1   3   2 -0.44204884192846D+01 -0.30727404332027D-16
   2   1   3   2 -0.44204884192846D+01 -0.48099595177262D-17
   3   1   3   2 -0.88409768385691D+01  0.17207090290028D-16
   1   2   3   2  0.44205160149432D+01  0.00000000000000D+00
   2   2   3   2  0.44205160149433D+01  0.00000000000000D+00
   3   2   3   2  0.88410320298865D+01  0.00000000000000D+00
   1   4   3   2  0.00000000000000D+00  0.00000000000000D+00
   2   4   3   2  0.00000000000000D+00  0.00000000000000D+00
   2   1   1   4  0.00000000000000D+00  0.00000000000000D+00
   3   1   1   4  0.00000000000000D+00  0.00000000000000D+00
   2   2   1   4  0.00000000000000D+00  0.00000000000000D+00
   3   2   1   4  0.00000000000000D+00  0.00000000000000D+00
   1   1   2   4  0.00000000000000D+00  0.00000000000000D+00
   3   1   2   4  0.00000000000000D+00  0.00000000000000D+00
   1   2   2   4  0.00000000000000D+00  0.00000000000000D+00
   3   2   2   4  0.00000000000000D+00  0.00000000000000D+00
   1   1   3   4  0.00000000000000D+00  0.00000000000000D+00
   2   1   3   4  0.00000000000000D+00  0.00000000000000D+00
   1   2   3   4  0.00000000000000D+00  0.00000000000000D+00
   2   2   3   4  0.00000000000000D+00  0.00000000000000D+00
  
 2nd derivatives (non-stat.)  - # elements :      36
 qpt  2.50000000E-01  0.00000000E+00  0.00000000E+00   1.0
   1   1   1   1  0.10662294743433D+02 -0.74590227258528D-16
   2   1   1   1  0.45055763579829D+01 -0.61255896029096D-06
   3   1   1   1  0.45055763579829D+01 -0.61255896054504D-06
   1   2   1   1 -0.62038496818598D+01 -0.24676387837834D+01
   2   2   1   1 -0.35638777829252D+01 -0.76010811958552D+00
   3   2   1   1 -0.35638777829252D+01 -0.76010811958552D+00
   1   1   2   1  0.45055763579829D+01  0.61255896059548D-06
   2   1   2   1  0.90111930635125D+01 -0.44326180480643D-17
   3   1   2   1  0.45055962706949D+01  0.60133758785795D-07
   1   2   2   1 -0.35638777829252D+01 -0.76010811958552D+00
   2   2   2   1 -0.71277168778495D+01 -0.15202031836872D+01
   3   2   2   1 -0.35638583712037D+01 -0.76010164690825D+00
   1   1   3   1  0.45055763579829D+01  0.61255896034140D-06
   2   1   3   1  0.45055962706949D+01 -0.60133758709861D-07
   3   1   3   1  0.90111930635124D+01  0.17806814754459D-16
   1   2   3   1 -0.35638777829252D+01 -0.76010811958552D+00
   2   2   3   1 -0.35638583712037D+01 -0.76010164690825D+00
   3   2   3   1 -0.71277168778495D+01 -0.15202031836872D+01
   1   1   1   2 -0.62038496818598D+01  0.24676387837834D+01
   2   1   1   2 -0.35638777829252D+01  0.76010811958552D+00
   3   1   1   2 -0.35638777829252D+01  0.76010811958552D+00
   1   2   1   2  0.10662294743433D+02 -0.74590227258528D-16
   2   2   1   2  0.45055763579829D+01  0.61255896059548D-06
   3   2   1   2  0.45055763579829D+01  0.61255896034140D-06
   1   1   2   2 -0.35638777829252D+01  0.76010811958552D+00
   2   1   2   2 -0.71277168778495D+01  0.15202031836872D+01
   3   1   2   2 -0.35638583712037D+01  0.76010164690825D+00
   1   2   2   2  0.45055763579829D+01 -0.61255896029096D-06
   2   2   2   2  0.90111930635124D+01 -0.44326180480643D-17
   3   2   2   2  0.45055962706949D+01 -0.60133758709861D-07
   1   1   3   2 -0.35638777829252D+01  0.76010811958552D+00
   2   1   3   2 -0.35638583712037D+01  0.76010164690825D+00
   3   1   3   2 -0.71277168778495D+01  0.15202031836872D+01
   1   2   3   2  0.45055763579829D+01 -0.61255896054504D-06
   2   2   3   2  0.45055962706949D+01  0.60133758785795D-07
   3   2   3   2  0.90111930635124D+01  0.17806814754459D-16
  
 2nd derivatives (non-stat.)  - # elements :      36
 qpt  5.00000000E-01  0.00000000E+00  0.00000000E+00   1.0
   1   1   1   1  0.12376957867878D+02  0.00000000000000D+00
   2   1   1   1  0.45958617779561D+01  0.45523401859809D-08
   3   1   1   1  0.45958617779561D+01  0.45523401859809D-08
   1   2   1   1 -0.35370631022940D+01  0.73885763301679D-05
   2   2   1   1 -0.30532802572966D+01 -0.46914736787543D-09
   3   2   1   1 -0.30532802572966D+01 -0.46914736103894D-09
   1   1   2   1  0.45958617779561D+01 -0.45523401859809D-08
   2   1   2   1  0.91917441181906D+01  0.00000000000000D+00
   3   1   2   1  0.45958739032881D+01 -0.27876091353785D-08
   1   2   2   1 -0.30532802572966D+01  0.46914809020558D-09
   2   2   2   1 -0.61065515298496D+01  0.86824496862135D-09
   3   2   2   1 -0.30532763873487D+01 -0.20496547371997D-08
   1   1   3   1  0.45958617779561D+01 -0.45523401859809D-08
   2   1   3   1  0.45958739032881D+01  0.27876091353785D-08
   3   1   3   1  0.91917441181905D+01  0.00000000000000D+00
   1   2   3   1 -0.30532802572966D+01  0.46914809704207D-09
   2   2   3   1 -0.30532763873487D+01  0.20496554593711D-08
   3   2   3   1 -0.61065515298496D+01 -0.86824349686858D-09
   1   1   1   2 -0.35370631022940D+01 -0.73885763301679D-05
   2   1   1   2 -0.30532802572966D+01 -0.46914809020558D-09
   3   1   1   2 -0.30532802572966D+01 -0.46914809704207D-09
   1   2   1   2  0.12376957867878D+02  0.00000000000000D+00
   2   2   1   2  0.45958617779561D+01  0.45523401859809D-08
   3   2   1   2  0.45958617779561D+01  0.45523401859809D-08
   1   1   2   2 -0.30532802572966D+01  0.46914736787543D-09
   2   1   2   2 -0.61065515298496D+01 -0.86824496862135D-09
   3   1   2   2 -0.30532763873487D+01 -0.20496554593711D-08
   1   2   2   2  0.45958617779561D+01 -0.45523401859809D-08
   2   2   2   2  0.91917441181905D+01  0.00000000000000D+00
   3   2   2   2  0.45958739032881D+01 -0.27876091353785D-08
   1   1   3   2 -0.30532802572966D+01  0.46914736103894D-09
   2   1   3   2 -0.30532763873487D+01  0.20496547371997D-08
   3   1   3   2 -0.61065515298496D+01 -0.86824499557948D-09
   1   2   3   2  0.45958617779561D+01 -0.45523401859809D-08
   2   2   3   2  0.45958739032881D+01  0.27876091353785D-08
   3   2   3   2  0.91917441181905D+01  0.00000000000000D+00
  
 2nd derivatives (non-stat.)  - # elements :      36
 qpt  2.50000000E-01  2.50000000E-01  0.00000000E+00   1.0
   1   1   1   1  0.10562732731132D+02 -0.71846957793415D-16
   2   1   1   1  0.60242611069371D+01 -0.27865067844168D-15
   3   1   1   1  0.45384716241950D+01  0.80875781421185D-16
   1   2   1   1 -0.42947064223874D+01 -0.42947064223874D+01
   2   2   1   1 -0.27175910804380D+01 -0.16595415681689D+01
   3   2   1   1 -0.26351648542185D+01 -0.15771153419494D+01
   1   1   2   1  0.60242611069371D+01 -0.27865067844168D-15
   2   1   2   1  0.10562732731132D+02 -0.11464297268273D-15
   3   1   2   1  0.45384716241950D+01  0.99744012989608D-16
   1   2   2   1 -0.27175910804380D+01 -0.16595415681689D+01
   2   2   2   1 -0.42947064223874D+01 -0.42947064223874D+01
   3   2   2   1 -0.26351648542185D+01 -0.15771153419494D+01
   1   1   3   1  0.45384716241950D+01  0.80875781421185D-16
   2   1   3   1  0.45384716241950D+01  0.99744012989608D-16
   3   1   3   1  0.90769432483901D+01 -0.61601833410623D-17
   1   2   3   1 -0.26351648542185D+01 -0.15771153419494D+01
   2   2   3   1 -0.26351648542185D+01 -0.15771153419494D+01
   3   2   3   1 -0.52703297084370D+01 -0.31542306838988D+01
   1   1   1   2 -0.42947064223874D+01  0.42947064223874D+01
   2   1   1   2 -0.27175910804380D+01  0.16595415681689D+01
   3   1   1   2 -0.26351648542185D+01  0.15771153419494D+01
   1   2   1   2  0.10562732731132D+02 -0.71846957793415D-16
   2   2   1   2  0.60242611069372D+01 -0.27865067844168D-15
   3   2   1   2  0.45384716241950D+01  0.80875781421185D-16
   1   1   2   2 -0.27175910804380D+01  0.16595415681689D+01
   2   1   2   2 -0.42947064223874D+01  0.42947064223874D+01
   3   1   2   2 -0.26351648542185D+01  0.15771153419494D+01
   1   2   2   2  0.60242611069371D+01 -0.27865067844168D-15
   2   2   2   2  0.10562732731132D+02 -0.11464297268273D-15
   3   2   2   2  0.45384716241950D+01  0.99744012989608D-16
   1   1   3   2 -0.26351648542185D+01  0.15771153419494D+01
   2   1   3   2 -0.26351648542185D+01  0.15771153419494D+01
   3   1   3   2 -0.52703297084370D+01  0.31542306838988D+01
   1   2   3   2  0.45384716241950D+01  0.80875781421185D-16
   2   2   3   2  0.45384716241950D+01  0.99744012989608D-16
   3   2   3   2  0.90769432483901D+01 -0.61601833410623D-17
  
 2nd derivatives (non-stat.)  - # elements :      36
 qpt  5.00000000E-01  2.50000000E-01  0.00000000E+00   1.0
   1   1   1   1  0.12067791970446D+02  0.26384560700629D-16
   2   1   1   1  0.59709875787360D+01 -0.69633309453160D+00
   3   1   1   1  0.45922880100229D+01  0.27880979576198D-05
   1   2   1   1 -0.17420518511966D+01 -0.17161423711515D+01
   2   2   1   1 -0.21847966978151D+01 -0.81666839409366D+00
   3   2   1   1 -0.20342444213936D+01 -0.83326997758917D+00
   1   1   2   1  0.59709875787360D+01  0.69633309453160D+00
   2   1   2   1  0.10645147631619D+02  0.45933673895245D-16
   3   1   2   1  0.45922770666246D+01  0.49038314042511D-05
   1   2   2   1 -0.21847966978151D+01 -0.81666839409366D+00
   2   2   2   1 -0.29882680492160D+01 -0.24521540519766D+01
   3   2   2   1 -0.20342725001432D+01 -0.83329446012323D+00
   1   1   3   1  0.45922880100230D+01 -0.27880979575820D-05
   2   1   3   1  0.45922770666246D+01 -0.49038314045150D-05
   3   1   3   1  0.91845565555818D+01  0.72124499486088D-17
   1   2   3   1 -0.20342444213936D+01 -0.83326997758917D+00
   2   2   3   1 -0.20342725001432D+01 -0.83329446012323D+00
   3   2   3   1 -0.40685950061256D+01 -0.16665488459152D+01
   1   1   1   2 -0.17420518511966D+01  0.17161423711515D+01
   2   1   1   2 -0.21847966978151D+01  0.81666839409366D+00
   3   1   1   2 -0.20342444213936D+01  0.83326997758917D+00
   1   2   1   2  0.12067791970446D+02  0.26384560700629D-16
   2   2   1   2  0.59709875787360D+01  0.69633309453160D+00
   3   2   1   2  0.45922880100229D+01 -0.27880979575820D-05
   1   1   2   2 -0.21847966978151D+01  0.81666839409366D+00
   2   1   2   2 -0.29882680492160D+01  0.24521540519766D+01
   3   1   2   2 -0.20342725001432D+01  0.83329446012323D+00
   1   2   2   2  0.59709875787360D+01 -0.69633309453160D+00
   2   2   2   2  0.10645147631619D+02  0.45933673895245D-16
   3   2   2   2  0.45922770666246D+01 -0.49038314045150D-05
   1   1   3   2 -0.20342444213936D+01  0.83326997758917D+00
   2   1   3   2 -0.20342725001432D+01  0.83329446012323D+00
   3   1   3   2 -0.40685950061256D+01  0.16665488459152D+01
   1   2   3   2  0.45922880100230D+01  0.27880979576198D-05
   2   2   3   2  0.45922770666246D+01  0.49038314042511D-05
   3   2   3   2  0.91845565555818D+01  0.72124499486088D-17
  
 2nd derivatives (non-stat.)  - # elements :      36
 qpt -2.50000000E-01  2.50000000E-01  0.00000000E+00   1.0
   1   1   1   1  0.10666265112577D+02  0.38385014118741D-18
   2   1   1   1  0.46670071132230D+01 -0.65101526002440D+00
   3   1   1   1  0.45301728079482D+01 -0.53916403663005D-06
   1   2   1   1 -0.44080215384241D+01  0.10940348674579D+01
   2   2   1   1 -0.27064006582854D+01 -0.61001146462036D-05
   3   2   1   1 -0.25631484025257D+01  0.28884302780783D-05
   1   1   2   1  0.46670071132230D+01  0.65101526002440D+00
   2   1   2   1  0.10666265112577D+02 -0.30801159867017D-16
   3   1   2   1  0.45301785655613D+01  0.35383902764136D-05
   1   2   2   1 -0.27064006582854D+01 -0.61001146462036D-05
   2   2   2   1 -0.44080215384241D+01 -0.10940348674578D+01
   3   2   2   1 -0.25631453957448D+01 -0.15980169016288D-05
   1   1   3   1  0.45301728079482D+01  0.53916403640918D-06
   2   1   3   1  0.45301785655614D+01 -0.35383902763648D-05
   3   1   3   1  0.90603517545856D+01 -0.22604746434608D-16
   1   2   3   1 -0.25631484025257D+01  0.28884302780783D-05
   2   2   3   1 -0.25631453957448D+01 -0.15980169016288D-05
   3   2   3   1 -0.51262944910814D+01  0.47921098236599D-06
   1   1   1   2 -0.44080215384241D+01 -0.10940348674579D+01
   2   1   1   2 -0.27064006582854D+01  0.61001146462036D-05
   3   1   1   2 -0.25631484025257D+01 -0.28884302780783D-05
   1   2   1   2  0.10666265112577D+02  0.38385014118741D-18
   2   2   1   2  0.46670071132230D+01  0.65101526002440D+00
   3   2   1   2  0.45301728079482D+01  0.53916403640918D-06
   1   1   2   2 -0.27064006582854D+01  0.61001146462036D-05
   2   1   2   2 -0.44080215384241D+01  0.10940348674578D+01
   3   1   2   2 -0.25631453957448D+01  0.15980169016288D-05
   1   2   2   2  0.46670071132230D+01 -0.65101526002440D+00
   2   2   2   2  0.10666265112577D+02 -0.30801159867017D-16
   3   2   2   2  0.45301785655613D+01 -0.35383902763648D-05
   1   1   3   2 -0.25631484025257D+01 -0.28884302780783D-05
   2   1   3   2 -0.25631453957448D+01  0.15980169016288D-05
   3   1   3   2 -0.51262944910814D+01 -0.47921098236599D-06
   1   2   3   2  0.45301728079482D+01 -0.53916403663005D-06
   2   2   3   2  0.45301785655614D+01  0.35383902764136D-05
   3   2   3   2  0.90603517545856D+01 -0.22604746434608D-16
  
 2nd derivatives (non-stat.)  - # elements :      36
 qpt  5.00000000E-01  5.00000000E-01  0.00000000E+00   1.0
   1   1   1   1  0.12146318151736D+02  0.00000000000000D+00
   2   1   1   1  0.75206631016368D+01  0.00000000000000D+00
   3   1   1   1  0.46256550500996D+01  0.00000000000000D+00
   1   2   1   1 -0.31612219752632D-13 -0.14517686759181D-14
   2   2   1   1 -0.14598856364889D+01 -0.13496366078946D-10
   3   2   1   1 -0.14598856364889D+01 -0.13496387486672D-10
   1   1   2   1  0.75206631016368D+01  0.00000000000000D+00
   2   1   2   1  0.12146318151736D+02  0.00000000000000D+00
   3   1   2   1  0.46256550500995D+01  0.00000000000000D+00
   1   2   2   1 -0.14598856364889D+01 -0.13496366078946D-10
   2   2   2   1 -0.27889420195945D-13 -0.11234598984952D-14
   3   2   2   1 -0.14598856364889D+01 -0.13496377743166D-10
   1   1   3   1  0.46256550500996D+01  0.00000000000000D+00
   2   1   3   1  0.46256550500996D+01  0.00000000000000D+00
   3   1   3   1  0.92513101001992D+01  0.00000000000000D+00
   1   2   3   1 -0.14598856364889D+01 -0.13496387486672D-10
   2   2   3   1 -0.14598856364889D+01 -0.13496377743166D-10
   3   2   3   1 -0.29197712729777D+01 -0.26992757687984D-10
   1   1   1   2 -0.31612219752632D-13  0.14517686759051D-14
   2   1   1   2 -0.14598856364889D+01 -0.13497902493037D-10
   3   1   1   2 -0.14598856364889D+01 -0.13497881085312D-10
   1   2   1   2  0.12146318151736D+02  0.00000000000000D+00
   2   2   1   2  0.75206631016368D+01  0.00000000000000D+00
   3   2   1   2  0.46256550500996D+01  0.00000000000000D+00
   1   1   2   2 -0.14598856364889D+01 -0.13497902493037D-10
   2   1   2   2 -0.27889420195945D-13  0.11234598984823D-14
   3   1   2   2 -0.14598856364889D+01 -0.13497890828818D-10
   1   2   2   2  0.75206631016368D+01  0.00000000000000D+00
   2   2   2   2  0.12146318151736D+02  0.00000000000000D+00
   3   2   2   2  0.46256550500995D+01  0.00000000000000D+00
   1   1   3   2 -0.14598856364889D+01 -0.13497881085312D-10
   2   1   3   2 -0.14598856364889D+01 -0.13497890828818D-10
   3   1   3   2 -0.29197712729777D+01 -0.26995779455983D-10
   1   2   3   2  0.46256550500996D+01  0.00000000000000D+00
   2   2   3   2  0.46256550500996D+01  0.00000000000000D+00
   3   2   3   2  0.92513101001992D+01  0.00000000000000D+00
  
 2nd derivatives (non-stat.)  - # elements :      36
 qpt -2.50000000E-01  5.00000000E-01  2.50000000E-01   1.0
   1   1   1   1  0.10734229005448D+02 -0.53931676197589D-16
   2   1   1   1  0.59366105531839D+01 -0.72463323614232D+00
   3   1   1   1  0.47976257251841D+01 -0.72463926350329D+00
   1   2   1   1 -0.10293685433484D+01  0.10293685433484D+01
   2   2   1   1 -0.10293685433484D+01 -0.96692035700826D-15
   3   2   1   1 -0.10293685433484D+01 -0.90952574492385D-15
   1   1   2   1  0.59366105531840D+01  0.72463323614232D+00
   2   1   2   1  0.11873220216126D+02 -0.54147650368141D-16
   3   1   2   1  0.59366095537016D+01 -0.72463341741998D+00
   1   2   2   1 -0.10293685433484D+01 -0.14110095403885D-14
   2   2   2   1 -0.29950816555265D-13  0.47371811651355D-15
   3   2   2   1 -0.10293685433484D+01 -0.10736705387125D-14
   1   1   3   1  0.47976257251842D+01  0.72463926350329D+00
   2   1   3   1  0.59366095537016D+01  0.72463341741998D+00
   3   1   3   1  0.10734229005448D+02  0.29656507427630D-15
   1   2   3   1 -0.10293685433484D+01 -0.15643975300856D-14
   2   2   3   1 -0.10293685433484D+01 -0.12844531669637D-14
   3   2   3   1 -0.10293685433484D+01 -0.10293685433484D+01
   1   1   1   2 -0.10293685433484D+01 -0.10293685433484D+01
   2   1   1   2 -0.10293685433484D+01  0.96692035700826D-15
   3   1   1   2 -0.10293685433484D+01  0.90952574492385D-15
   1   2   1   2  0.10734229005448D+02 -0.53931676197589D-16
   2   2   1   2  0.59366105531840D+01  0.72463323614232D+00
   3   2   1   2  0.47976257251841D+01  0.72463926350329D+00
   1   1   2   2 -0.10293685433484D+01  0.14110095403885D-14
   2   1   2   2 -0.29950816555265D-13 -0.47371811651355D-15
   3   1   2   2 -0.10293685433484D+01  0.10736705387125D-14
   1   2   2   2  0.59366105531840D+01 -0.72463323614232D+00
   2   2   2   2  0.11873220216125D+02 -0.54147650368141D-16
   3   2   2   2  0.59366095537016D+01  0.72463341741998D+00
   1   1   3   2 -0.10293685433484D+01  0.15643975300856D-14
   2   1   3   2 -0.10293685433484D+01  0.12844531669637D-14
   3   1   3   2 -0.10293685433484D+01  0.10293685433484D+01
   1   2   3   2  0.47976257251842D+01 -0.72463926350329D+00
   2   2   3   2  0.59366095537016D+01 -0.72463341741998D+00
   3   2   3   2  0.10734229005448D+02  0.29656507427630D-15

 List of bloks and their characteristics 
  
 2nd derivatives (non-stat.)  - # elements :      60
 qpt  0.00000000E+00  0.00000000E+00  0.00000000E+00   1.0
  
 2nd derivatives (non-stat.)  - # elements :      36
 qpt  2.50000000E-01  0.00000000E+00  0.00000000E+00   1.0
  
 2nd derivatives (non-stat.)  - # elements :      36
 qpt  5.00000000E-01  0.00000000E+00  0.00000000E+00   1.0
  
 2nd derivatives (non-stat.)  - # elements :      36
 qpt  2.50000000E-01  2.50000000E-01  0.00000000E+00   1.0
  
 2nd derivatives (non-stat.)  - # elements :      36
 qpt  5.00000000E-01  2.50000000E-01  0.00000000E+00   1.0
  
 2nd derivatives (non-stat.)  - # elements :      36
 qpt -2.50000000E-01  2.50000000E-01  0.00000000E+00   1.0
  
 2nd derivatives (non-stat.)  - # elements :      36
 qpt  5.00000000E-01  5.00000000E-01  0.00000000E+00   1.0
  
 2nd derivatives (non-stat.)  - # elements :      36
 qpt -2.50000000E-01  5.00000000E-01  2.50000000E-01   1.0
