# k =  -0.250000 -0.250000  0.000000
# b =          1         8
# ik, ib    1    1
-0.61718E+01  -0.90638E+01  -0.24393E-01
-0.59218E+01  -0.92394E+01  -0.11659E-01
-0.56718E+01  -0.94100E+01  -0.15366E-01
-0.54218E+01  -0.95884E+01  -0.14410E-01
-0.51718E+01  -0.97760E+01  -0.21402E-01
-0.49218E+01  -0.99183E+01  -0.17946E+00
-0.46718E+01  -0.10208E+02  -0.85439E-02
-0.44218E+01  -0.10315E+02  -0.16178E-01
-0.41718E+01  -0.10424E+02  -0.16370E-01
# ik, ib    1    2
 0.10789E+01  -0.10210E+02  -0.54296E-02
 0.13289E+01  -0.10275E+02   0.97790E-02
 0.15789E+01  -0.10359E+02   0.65227E-02
 0.18289E+01  -0.10436E+02  -0.38465E-02
 0.20789E+01  -0.10525E+02   0.23227E-03
 0.23289E+01  -0.10607E+02   0.16348E-02
 0.25789E+01  -0.10682E+02   0.34368E-03
 0.28289E+01  -0.10760E+02   0.22537E-03
 0.30789E+01  -0.10836E+02  -0.23821E-03
# ik, ib    1    3
 0.27374E+01  -0.97547E+01   0.86489E-04
 0.29874E+01  -0.98310E+01   0.57860E-04
 0.32374E+01  -0.99059E+01   0.32629E-04
 0.34874E+01  -0.99794E+01   0.34242E-04
 0.37374E+01  -0.10052E+02   0.19781E-04
 0.39874E+01  -0.10123E+02   0.12562E-03
 0.42374E+01  -0.10193E+02   0.17515E-04
 0.44874E+01  -0.10262E+02   0.25531E-05
 0.47374E+01  -0.10330E+02  -0.27982E-11
# ik, ib    1    4
 0.27374E+01  -0.97547E+01   0.86489E-04
 0.29874E+01  -0.98310E+01   0.57860E-04
 0.32374E+01  -0.99059E+01   0.32629E-04
 0.34874E+01  -0.99794E+01   0.34242E-04
 0.37374E+01  -0.10052E+02   0.19781E-04
 0.39874E+01  -0.10123E+02   0.12562E-03
 0.42374E+01  -0.10193E+02   0.17515E-04
 0.44874E+01  -0.10262E+02   0.25531E-05
 0.47374E+01  -0.10330E+02  -0.27982E-11
# ik, ib    1    5
 0.56892E+01  -0.77274E+01   0.24342E-11
 0.59392E+01  -0.77865E+01   0.31155E-11
 0.61892E+01  -0.78465E+01   0.30089E-11
 0.64392E+01  -0.79072E+01   0.37541E-12
 0.66892E+01  -0.79689E+01  -0.42175E-05
 0.69392E+01  -0.80315E+01   0.16361E-07
 0.71892E+01  -0.80951E+01  -0.64785E-06
 0.74392E+01  -0.81598E+01  -0.11152E-04
 0.76892E+01  -0.82257E+01  -0.87843E-05
# ik, ib    1    6
 0.76667E+01  -0.72673E+01  -0.82325E-04
 0.79167E+01  -0.73237E+01   0.41154E-04
 0.81667E+01  -0.73807E+01  -0.61995E-04
 0.84167E+01  -0.74388E+01   0.12065E-04
 0.86667E+01  -0.74979E+01   0.41356E-02
 0.89167E+01  -0.75618E+01   0.85493E-03
 0.91667E+01  -0.76237E+01   0.19720E-02
 0.94167E+01  -0.76888E+01   0.90488E-03
 0.96667E+01  -0.77520E+01   0.79784E-03
# ik, ib    1    7
 0.10280E+02  -0.82191E+01   0.19853E-02
 0.10530E+02  -0.82862E+01  -0.44010E-02
 0.10780E+02  -0.83448E+01  -0.29810E-02
 0.11030E+02  -0.84138E+01  -0.35536E-02
 0.11280E+02  -0.84824E+01  -0.24768E-04
 0.11530E+02  -0.85525E+01  -0.88985E-03
 0.11780E+02  -0.86280E+01  -0.36684E-02
 0.12030E+02  -0.86929E+01  -0.29127E-02
 0.12280E+02  -0.87712E+01   0.47157E-02
# ik, ib    1    8
 0.10280E+02  -0.82191E+01   0.19853E-02
 0.10530E+02  -0.82862E+01  -0.44010E-02
 0.10780E+02  -0.83448E+01  -0.29810E-02
 0.11030E+02  -0.84138E+01  -0.35536E-02
 0.11280E+02  -0.84824E+01  -0.24768E-04
 0.11530E+02  -0.85525E+01  -0.88985E-03
 0.11780E+02  -0.86280E+01  -0.36684E-02
 0.12030E+02  -0.86929E+01  -0.29127E-02
 0.12280E+02  -0.87712E+01   0.47157E-02
# k =  -0.250000  0.250000  0.000000
# b =          1         8
# ik, ib    2    1
-0.52136E+01  -0.95121E+01  -0.19719E-01
-0.49636E+01  -0.97304E+01  -0.80540E-01
-0.47136E+01  -0.99073E+01   0.20221E+00
-0.44636E+01  -0.98534E+01  -0.86992E-02
-0.42136E+01  -0.10049E+02  -0.10979E-01
-0.39636E+01  -0.10225E+02  -0.47077E-03
-0.37136E+01  -0.10353E+02   0.84004E-03
-0.34636E+01  -0.10476E+02  -0.90212E-02
-0.32136E+01  -0.10612E+02  -0.55610E-02
# ik, ib    2    2
-0.84874E+00  -0.10016E+02  -0.57768E-02
-0.59874E+00  -0.10123E+02   0.20264E-02
-0.34874E+00  -0.10221E+02  -0.12805E-02
-0.98738E-01  -0.10332E+02  -0.18696E-02
 0.15126E+00  -0.10409E+02  -0.58097E-02
 0.40126E+00  -0.10507E+02  -0.30260E-02
 0.65126E+00  -0.10601E+02  -0.50783E-02
 0.90126E+00  -0.10694E+02  -0.29397E-02
 0.11513E+01  -0.10776E+02   0.47609E-02
# ik, ib    2    3
 0.88328E+00  -0.92750E+01   0.23506E-03
 0.11333E+01  -0.93788E+01   0.51696E-02
 0.13833E+01  -0.94480E+01  -0.26337E-04
 0.16333E+01  -0.95258E+01  -0.39011E-02
 0.18833E+01  -0.96197E+01   0.43781E-03
 0.21333E+01  -0.96896E+01  -0.22243E-03
 0.23833E+01  -0.97681E+01   0.53790E-04
 0.26333E+01  -0.98404E+01   0.14676E-04
 0.28833E+01  -0.99131E+01  -0.17219E-02
# ik, ib    2    4
 0.32961E+01  -0.99295E+01   0.55162E-03
 0.35461E+01  -0.10005E+02   0.30402E-03
 0.37961E+01  -0.10078E+02   0.49008E-04
 0.40461E+01  -0.10150E+02   0.98185E-04
 0.42961E+01  -0.10221E+02   0.19387E-07
 0.45461E+01  -0.10291E+02  -0.15885E-12
 0.47961E+01  -0.10360E+02  -0.18033E-06
 0.50461E+01  -0.10428E+02  -0.44255E-06
 0.52961E+01  -0.10495E+02   0.24548E-11
# ik, ib    2    5
 0.69795E+01  -0.77155E+01  -0.16180E-05
 0.72295E+01  -0.77742E+01   0.41765E-05
 0.74795E+01  -0.78338E+01  -0.13914E-06
 0.77295E+01  -0.78945E+01  -0.12969E-04
 0.79795E+01  -0.79565E+01   0.67245E-06
 0.82295E+01  -0.80195E+01  -0.11477E-02
 0.84795E+01  -0.80824E+01   0.24622E-04
 0.87295E+01  -0.81472E+01  -0.48511E-03
 0.89795E+01  -0.82133E+01  -0.56336E-03
# ik, ib    2    6
 0.93455E+01  -0.79134E+01  -0.28402E-02
 0.95955E+01  -0.79763E+01  -0.77725E-04
 0.98455E+01  -0.80425E+01  -0.54951E-04
 0.10096E+02  -0.81071E+01  -0.11912E-02
 0.10346E+02  -0.81805E+01  -0.15420E-03
 0.10596E+02  -0.82378E+01  -0.43952E-02
 0.10846E+02  -0.83092E+01   0.35225E-03
 0.11096E+02  -0.83962E+01   0.18344E-02
 0.11346E+02  -0.84653E+01   0.88081E-04
# ik, ib    2    7
 0.96584E+01  -0.79881E+01   0.89291E-03
 0.99084E+01  -0.80459E+01  -0.70055E-03
 0.10158E+02  -0.81051E+01   0.11061E-02
 0.10408E+02  -0.81615E+01  -0.53695E-04
 0.10658E+02  -0.82350E+01   0.25521E-02
 0.10908E+02  -0.82964E+01  -0.85360E-03
 0.11158E+02  -0.83580E+01   0.40725E-02
 0.11408E+02  -0.84358E+01   0.74789E-02
 0.11658E+02  -0.85000E+01   0.95024E-03
# ik, ib    2    8
 0.10494E+02  -0.75364E+01  -0.11519E-02
 0.10744E+02  -0.75990E+01  -0.26950E-03
 0.10994E+02  -0.76610E+01   0.23976E-02
 0.11244E+02  -0.77458E+01   0.54811E-02
 0.11494E+02  -0.77806E+01   0.11242E-02
 0.11744E+02  -0.78592E+01  -0.13348E-02
 0.11994E+02  -0.79301E+01   0.82179E-03
 0.12244E+02  -0.80013E+01  -0.21432E-03
 0.12494E+02  -0.80806E+01   0.37916E-03
# k =   0.500000  0.500000  0.000000
# b =          1         8
# ik, ib    3    1
-0.31434E+01  -0.10071E+02   0.34173E-01
-0.28934E+01  -0.98897E+01  -0.10897E-02
-0.26434E+01  -0.10110E+02   0.15658E-01
-0.23934E+01  -0.10228E+02   0.28273E-03
-0.21434E+01  -0.10356E+02  -0.59688E-03
-0.18934E+01  -0.10477E+02  -0.87771E-03
-0.16434E+01  -0.10598E+02  -0.16040E-02
-0.13934E+01  -0.10708E+02  -0.27421E-02
-0.11434E+01  -0.10821E+02  -0.23514E-02
# ik, ib    3    2
-0.31434E+01  -0.10071E+02   0.34173E-01
-0.28934E+01  -0.98897E+01  -0.10897E-02
-0.26434E+01  -0.10110E+02   0.15658E-01
-0.23934E+01  -0.10228E+02   0.28273E-03
-0.21434E+01  -0.10356E+02  -0.59688E-03
-0.18934E+01  -0.10477E+02  -0.87771E-03
-0.16434E+01  -0.10598E+02  -0.16040E-02
-0.13934E+01  -0.10708E+02  -0.27421E-02
-0.11434E+01  -0.10821E+02  -0.23514E-02
# ik, ib    3    3
 0.17790E+01  -0.97670E+01  -0.22754E-03
 0.20290E+01  -0.98418E+01   0.26607E-03
 0.22790E+01  -0.99186E+01  -0.70952E-02
 0.25290E+01  -0.10009E+02   0.10700E-04
 0.27790E+01  -0.10079E+02   0.42888E-03
 0.30290E+01  -0.10152E+02  -0.64651E-02
 0.32790E+01  -0.10234E+02   0.16610E-04
 0.35290E+01  -0.10304E+02   0.13259E-03
 0.37790E+01  -0.10374E+02   0.57379E-06
# ik, ib    3    4
 0.17790E+01  -0.97670E+01  -0.22754E-03
 0.20290E+01  -0.98418E+01   0.26607E-03
 0.22790E+01  -0.99186E+01  -0.70952E-02
 0.25290E+01  -0.10009E+02   0.10700E-04
 0.27790E+01  -0.10079E+02   0.42888E-03
 0.30290E+01  -0.10152E+02  -0.64651E-02
 0.32790E+01  -0.10234E+02   0.16610E-04
 0.35290E+01  -0.10304E+02   0.13259E-03
 0.37790E+01  -0.10374E+02   0.57379E-06
# ik, ib    3    5
 0.52843E+01  -0.74531E+01   0.84460E-12
 0.55343E+01  -0.75107E+01  -0.34699E-12
 0.57843E+01  -0.75691E+01  -0.38693E-12
 0.60343E+01  -0.76283E+01  -0.35944E-12
 0.62843E+01  -0.76883E+01  -0.25431E-12
 0.65343E+01  -0.77493E+01   0.51026E-12
 0.67843E+01  -0.78113E+01   0.88660E-05
 0.70343E+01  -0.78743E+01   0.23794E-04
 0.72843E+01  -0.79384E+01   0.53588E-04
# ik, ib    3    6
 0.52843E+01  -0.74531E+01   0.84460E-12
 0.55343E+01  -0.75107E+01  -0.34699E-12
 0.57843E+01  -0.75691E+01  -0.38693E-12
 0.60343E+01  -0.76283E+01  -0.35944E-12
 0.62843E+01  -0.76883E+01  -0.25431E-12
 0.65343E+01  -0.77493E+01   0.51026E-12
 0.67843E+01  -0.78113E+01   0.88660E-05
 0.70343E+01  -0.78743E+01   0.23794E-04
 0.72843E+01  -0.79384E+01   0.53588E-04
# ik, ib    3    7
 0.14388E+02  -0.78735E+01  -0.15753E-02
 0.14638E+02  -0.79528E+01  -0.33294E-02
 0.14888E+02  -0.80334E+01  -0.74272E-02
 0.15138E+02  -0.81351E+01   0.43699E-02
 0.15388E+02  -0.82254E+01  -0.72842E-01
 0.15638E+02  -0.82557E+01   0.40644E-01
 0.15888E+02  -0.83940E+01   0.39239E-04
 0.16138E+02  -0.85270E+01   0.23567E-01
 0.16388E+02  -0.86555E+01   0.21057E-02
# ik, ib    3    8
 0.14388E+02  -0.78735E+01  -0.15753E-02
 0.14638E+02  -0.79528E+01  -0.33294E-02
 0.14888E+02  -0.80334E+01  -0.74272E-02
 0.15138E+02  -0.81351E+01   0.43699E-02
 0.15388E+02  -0.82254E+01  -0.72842E-01
 0.15638E+02  -0.82557E+01   0.40644E-01
 0.15888E+02  -0.83940E+01   0.39239E-04
 0.16138E+02  -0.85270E+01   0.23567E-01
 0.16388E+02  -0.86555E+01   0.21057E-02
# k =  -0.250000  0.500000  0.250000
# b =          1         8
# ik, ib    4    1
-0.29932E+01  -0.10016E+02  -0.30937E-02
-0.27432E+01  -0.10155E+02  -0.16621E-02
-0.24932E+01  -0.10259E+02   0.59969E-01
-0.22432E+01  -0.10336E+02  -0.62114E-02
-0.19932E+01  -0.10483E+02  -0.82350E-02
-0.17432E+01  -0.10617E+02  -0.42591E-02
-0.14932E+01  -0.10721E+02   0.15211E-01
-0.12432E+01  -0.10845E+02   0.23800E-01
-0.99318E+00  -0.10863E+02   0.13535E-02
# ik, ib    4    2
-0.29932E+01  -0.10016E+02  -0.30937E-02
-0.27432E+01  -0.10155E+02  -0.16621E-02
-0.24932E+01  -0.10259E+02   0.59969E-01
-0.22432E+01  -0.10336E+02  -0.62114E-02
-0.19932E+01  -0.10483E+02  -0.82350E-02
-0.17432E+01  -0.10617E+02  -0.42591E-02
-0.14932E+01  -0.10721E+02   0.15211E-01
-0.12432E+01  -0.10845E+02   0.23800E-01
-0.99318E+00  -0.10863E+02   0.13535E-02
# ik, ib    4    3
 0.78328E+00  -0.92424E+01   0.13644E-02
 0.10333E+01  -0.93217E+01  -0.51685E-02
 0.12833E+01  -0.94208E+01  -0.60919E-02
 0.15333E+01  -0.95003E+01  -0.36889E-02
 0.17833E+01  -0.95822E+01  -0.18256E-02
 0.20333E+01  -0.96556E+01   0.98342E-03
 0.22833E+01  -0.97279E+01   0.48236E-04
 0.25333E+01  -0.98072E+01   0.17744E-03
 0.27833E+01  -0.98787E+01   0.96818E-04
# ik, ib    4    4
 0.78328E+00  -0.92424E+01   0.13644E-02
 0.10333E+01  -0.93217E+01  -0.51685E-02
 0.12833E+01  -0.94208E+01  -0.60919E-02
 0.15333E+01  -0.95003E+01  -0.36889E-02
 0.17833E+01  -0.95822E+01  -0.18256E-02
 0.20333E+01  -0.96556E+01   0.98342E-03
 0.22833E+01  -0.97279E+01   0.48236E-04
 0.25333E+01  -0.98072E+01   0.17744E-03
 0.27833E+01  -0.98787E+01   0.96818E-04
# ik, ib    4    5
 0.88722E+01  -0.75628E+01  -0.13869E-03
 0.91222E+01  -0.76172E+01   0.37244E-03
 0.93722E+01  -0.76845E+01  -0.25223E-04
 0.96222E+01  -0.77413E+01  -0.49063E-04
 0.98722E+01  -0.78006E+01   0.39849E-02
 0.10122E+02  -0.78697E+01  -0.25579E-02
 0.10372E+02  -0.79275E+01   0.12327E-03
 0.10622E+02  -0.79952E+01   0.49071E-02
 0.10872E+02  -0.80706E+01   0.93434E-03
# ik, ib    4    6
 0.88722E+01  -0.75628E+01  -0.13869E-03
 0.91222E+01  -0.76172E+01   0.37244E-03
 0.93722E+01  -0.76845E+01  -0.25223E-04
 0.96222E+01  -0.77413E+01  -0.49063E-04
 0.98722E+01  -0.78006E+01   0.39849E-02
 0.10122E+02  -0.78697E+01  -0.25579E-02
 0.10372E+02  -0.79275E+01   0.12327E-03
 0.10622E+02  -0.79952E+01   0.49071E-02
 0.10872E+02  -0.80706E+01   0.93434E-03
# ik, ib    4    7
 0.94528E+01  -0.78051E+01  -0.19416E-04
 0.97028E+01  -0.78685E+01  -0.49522E-03
 0.99528E+01  -0.79313E+01  -0.18168E-02
 0.10203E+02  -0.79952E+01  -0.23701E-03
 0.10453E+02  -0.80629E+01   0.17937E-03
 0.10703E+02  -0.81298E+01  -0.35451E-02
 0.10953E+02  -0.81982E+01   0.24617E-02
 0.11203E+02  -0.82753E+01  -0.60927E-03
 0.11453E+02  -0.83487E+01  -0.26258E-03
# ik, ib    4    8
 0.94528E+01  -0.78051E+01  -0.19416E-04
 0.97028E+01  -0.78685E+01  -0.49522E-03
 0.99528E+01  -0.79313E+01  -0.18168E-02
 0.10203E+02  -0.79952E+01  -0.23701E-03
 0.10453E+02  -0.80629E+01   0.17937E-03
 0.10703E+02  -0.81298E+01  -0.35451E-02
 0.10953E+02  -0.81982E+01   0.24617E-02
 0.11203E+02  -0.82753E+01  -0.60927E-03
 0.11453E+02  -0.83487E+01  -0.26258E-03
# k =   0.500000  0.000000  0.000000
# b =          1         8
# ik, ib    5    1
-0.49087E+01  -0.96357E+01  -0.28673E+00
-0.46587E+01  -0.99637E+01   0.19649E-01
-0.44087E+01  -0.99661E+01   0.89090E-03
-0.41587E+01  -0.10122E+02  -0.25267E-01
-0.39087E+01  -0.10305E+02  -0.68912E-01
-0.36587E+01  -0.10445E+02  -0.84059E-02
-0.34087E+01  -0.10568E+02  -0.83165E-02
-0.31587E+01  -0.10695E+02  -0.81062E-02
-0.29087E+01  -0.10831E+02   0.87763E-02
# ik, ib    5    2
-0.23112E+01  -0.91533E+01  -0.39458E-02
-0.20612E+01  -0.94680E+01  -0.50292E-02
-0.18112E+01  -0.96240E+01  -0.83686E-02
-0.15612E+01  -0.97587E+01   0.11078E-03
-0.13112E+01  -0.98799E+01   0.19559E-03
-0.10612E+01  -0.99847E+01   0.61802E-02
-0.81122E+00  -0.10090E+02  -0.23771E-03
-0.56122E+00  -0.10188E+02   0.52837E-02
-0.31122E+00  -0.10291E+02  -0.41442E-02
# ik, ib    5    3
 0.34240E+01  -0.10010E+02   0.13997E-04
 0.36740E+01  -0.10085E+02   0.84453E-04
 0.39240E+01  -0.10158E+02   0.18654E-03
 0.41740E+01  -0.10230E+02   0.14177E-05
 0.44240E+01  -0.10301E+02   0.75233E-06
 0.46740E+01  -0.10371E+02   0.41759E-04
 0.49240E+01  -0.10439E+02  -0.76545E-11
 0.51740E+01  -0.10507E+02   0.12586E-04
 0.54240E+01  -0.10574E+02  -0.84341E-11
# ik, ib    5    4
 0.34240E+01  -0.10010E+02   0.13997E-04
 0.36740E+01  -0.10085E+02   0.84453E-04
 0.39240E+01  -0.10158E+02   0.18654E-03
 0.41740E+01  -0.10230E+02   0.14177E-05
 0.44240E+01  -0.10301E+02   0.75233E-06
 0.46740E+01  -0.10371E+02   0.41759E-04
 0.49240E+01  -0.10439E+02  -0.76545E-11
 0.51740E+01  -0.10507E+02   0.12586E-04
 0.54240E+01  -0.10574E+02  -0.84341E-11
# ik, ib    5    5
 0.59670E+01  -0.82449E+01   0.12794E-10
 0.62170E+01  -0.83050E+01   0.13239E-10
 0.64670E+01  -0.83659E+01   0.13851E-10
 0.67170E+01  -0.84278E+01   0.11111E-03
 0.69670E+01  -0.84907E+01   0.15232E-10
 0.72170E+01  -0.85544E+01  -0.25185E-03
 0.74670E+01  -0.86191E+01   0.15276E-04
 0.77170E+01  -0.86852E+01  -0.49086E-06
 0.79670E+01  -0.87518E+01   0.19973E-03
# ik, ib    5    6
 0.79793E+01  -0.76232E+01  -0.15436E-03
 0.82293E+01  -0.76821E+01   0.54810E-04
 0.84793E+01  -0.77433E+01   0.56204E-04
 0.87293E+01  -0.78033E+01  -0.31791E-02
 0.89793E+01  -0.78637E+01  -0.46092E-02
 0.92293E+01  -0.79232E+01  -0.46272E-03
 0.94793E+01  -0.79888E+01  -0.69631E-03
 0.97293E+01  -0.80553E+01   0.67502E-04
 0.99793E+01  -0.81227E+01  -0.42581E-03
# ik, ib    5    7
 0.79793E+01  -0.76232E+01  -0.15436E-03
 0.82293E+01  -0.76821E+01   0.54810E-04
 0.84793E+01  -0.77433E+01   0.56204E-04
 0.87293E+01  -0.78033E+01  -0.31791E-02
 0.89793E+01  -0.78637E+01  -0.46092E-02
 0.92293E+01  -0.79232E+01  -0.46272E-03
 0.94793E+01  -0.79888E+01  -0.69631E-03
 0.97293E+01  -0.80553E+01   0.67502E-04
 0.99793E+01  -0.81227E+01  -0.42581E-03
# ik, ib    5    8
 0.12090E+02  -0.58570E+01   0.92464E-03
 0.12340E+02  -0.58048E+01  -0.51361E-01
 0.12590E+02  -0.58956E+01   0.11312E-01
 0.12840E+02  -0.59618E+01  -0.79406E-02
 0.13090E+02  -0.60241E+01   0.35330E-02
 0.13340E+02  -0.61072E+01   0.78168E-02
 0.13590E+02  -0.61739E+01  -0.15330E-02
 0.13840E+02  -0.62471E+01   0.13296E-02
 0.14090E+02  -0.63069E+01  -0.42775E-02
# k =   0.000000  0.000000  0.000000
# b =          1         8
# ik, ib    6    1
-0.72325E+01  -0.87322E+01  -0.14389E+00
-0.69825E+01  -0.88026E+01  -0.82304E-01
-0.67325E+01  -0.92081E+01  -0.20623E+00
-0.64825E+01  -0.93483E+01  -0.33213E-01
-0.62325E+01  -0.95030E+01  -0.17833E-01
-0.59825E+01  -0.96436E+01  -0.17872E-01
-0.57325E+01  -0.97584E+01  -0.44730E-01
-0.54825E+01  -0.98688E+01  -0.54042E-01
-0.52325E+01  -0.97970E+01  -0.36669E-01
# ik, ib    6    2
 0.46328E+01  -0.10089E+02   0.15818E-04
 0.48828E+01  -0.10159E+02  -0.95101E-06
 0.51328E+01  -0.10228E+02  -0.58074E-11
 0.53828E+01  -0.10295E+02  -0.60774E-11
 0.56328E+01  -0.10362E+02  -0.62962E-11
 0.58828E+01  -0.10428E+02  -0.65601E-11
 0.61328E+01  -0.10492E+02  -0.68880E-11
 0.63828E+01  -0.10556E+02  -0.72380E-11
 0.66328E+01  -0.10620E+02  -0.85200E-11
# ik, ib    6    3
 0.46328E+01  -0.10089E+02   0.15818E-04
 0.48828E+01  -0.10159E+02  -0.95101E-06
 0.51328E+01  -0.10228E+02  -0.58074E-11
 0.53828E+01  -0.10295E+02  -0.60774E-11
 0.56328E+01  -0.10362E+02  -0.62962E-11
 0.58828E+01  -0.10428E+02  -0.65601E-11
 0.61328E+01  -0.10492E+02  -0.68880E-11
 0.63828E+01  -0.10556E+02  -0.72380E-11
 0.66328E+01  -0.10620E+02  -0.85200E-11
# ik, ib    6    4
 0.46328E+01  -0.10089E+02   0.15818E-04
 0.48828E+01  -0.10159E+02  -0.95101E-06
 0.51328E+01  -0.10228E+02  -0.58074E-11
 0.53828E+01  -0.10295E+02  -0.60774E-11
 0.56328E+01  -0.10362E+02  -0.62962E-11
 0.58828E+01  -0.10428E+02  -0.65601E-11
 0.61328E+01  -0.10492E+02  -0.68880E-11
 0.63828E+01  -0.10556E+02  -0.72380E-11
 0.66328E+01  -0.10620E+02  -0.85200E-11
# ik, ib    6    5
 0.71483E+01  -0.80833E+01   0.22727E-04
 0.73983E+01  -0.81447E+01   0.14746E-03
 0.76483E+01  -0.82068E+01   0.23800E-04
 0.78983E+01  -0.82700E+01   0.34227E-03
 0.81483E+01  -0.83343E+01  -0.11880E-04
 0.83983E+01  -0.83990E+01   0.46574E-04
 0.86483E+01  -0.84648E+01   0.80711E-03
 0.88983E+01  -0.85364E+01   0.30050E-02
 0.91483E+01  -0.86043E+01   0.36723E-04
# ik, ib    6    6
 0.71483E+01  -0.80833E+01   0.22727E-04
 0.73983E+01  -0.81447E+01   0.14746E-03
 0.76483E+01  -0.82068E+01   0.23800E-04
 0.78983E+01  -0.82700E+01   0.34227E-03
 0.81483E+01  -0.83343E+01  -0.11880E-04
 0.83983E+01  -0.83990E+01   0.46574E-04
 0.86483E+01  -0.84648E+01   0.80711E-03
 0.88983E+01  -0.85364E+01   0.30050E-02
 0.91483E+01  -0.86043E+01   0.36723E-04
# ik, ib    6    7
 0.71483E+01  -0.80833E+01   0.22727E-04
 0.73983E+01  -0.81447E+01   0.14746E-03
 0.76483E+01  -0.82068E+01   0.23800E-04
 0.78983E+01  -0.82700E+01   0.34227E-03
 0.81483E+01  -0.83343E+01  -0.11880E-04
 0.83983E+01  -0.83990E+01   0.46574E-04
 0.86483E+01  -0.84648E+01   0.80711E-03
 0.88983E+01  -0.85364E+01   0.30050E-02
 0.91483E+01  -0.86043E+01   0.36723E-04
# ik, ib    6    8
 0.75263E+01  -0.86806E+01   0.93795E-04
 0.77763E+01  -0.87423E+01   0.29753E-04
 0.80263E+01  -0.88055E+01   0.21850E-03
 0.82763E+01  -0.88688E+01   0.54328E-03
 0.85263E+01  -0.89337E+01  -0.67164E-04
 0.87763E+01  -0.89992E+01   0.14726E-02
 0.90263E+01  -0.90677E+01   0.42254E-03
 0.92763E+01  -0.91344E+01   0.31223E-04
 0.95263E+01  -0.91994E+01   0.24351E-02
