
 **** DERIVATIVE DATABASE ****    
+DDB, Version number    100401

 DDB file merged by PhononWork on Sun Mar 18 14:41:09 2018

    usepaw         0
     natom         1
      nkpt       260
    nsppol         1
      nsym        48
    ntypat         1
    occopt         7
     nband         4
     acell  0.10000000000000D+01  0.10000000000000D+01  0.10000000000000D+01
       amu  0.26981539000000D+02
   dilatmx  0.10000000000000D+01
      ecut  0.80000000000000D+01
    ecutsm  0.00000000000000D+00
     intxc         0
      iscf         7
       ixc        11
       kpt  0.00000000000000D+00  0.00000000000000D+00  0.00000000000000D+00
            0.12500000000000D+00  0.00000000000000D+00  0.00000000000000D+00
            0.25000000000000D+00  0.00000000000000D+00  0.00000000000000D+00
            0.37500000000000D+00  0.00000000000000D+00  0.00000000000000D+00
            0.50000000000000D+00  0.00000000000000D+00  0.00000000000000D+00
            0.00000000000000D+00  0.12500000000000D+00  0.00000000000000D+00
            0.12500000000000D+00  0.12500000000000D+00  0.00000000000000D+00
            0.25000000000000D+00  0.12500000000000D+00  0.00000000000000D+00
            0.37500000000000D+00  0.12500000000000D+00  0.00000000000000D+00
            0.50000000000000D+00  0.12500000000000D+00  0.00000000000000D+00
           -0.37500000000000D+00  0.12500000000000D+00  0.00000000000000D+00
           -0.25000000000000D+00  0.12500000000000D+00  0.00000000000000D+00
           -0.12500000000000D+00  0.12500000000000D+00  0.00000000000000D+00
            0.00000000000000D+00  0.25000000000000D+00  0.00000000000000D+00
            0.12500000000000D+00  0.25000000000000D+00  0.00000000000000D+00
            0.25000000000000D+00  0.25000000000000D+00  0.00000000000000D+00
            0.37500000000000D+00  0.25000000000000D+00  0.00000000000000D+00
            0.50000000000000D+00  0.25000000000000D+00  0.00000000000000D+00
           -0.37500000000000D+00  0.25000000000000D+00  0.00000000000000D+00
           -0.25000000000000D+00  0.25000000000000D+00  0.00000000000000D+00
           -0.12500000000000D+00  0.25000000000000D+00  0.00000000000000D+00
            0.00000000000000D+00  0.37500000000000D+00  0.00000000000000D+00
            0.12500000000000D+00  0.37500000000000D+00  0.00000000000000D+00
            0.25000000000000D+00  0.37500000000000D+00  0.00000000000000D+00
            0.37500000000000D+00  0.37500000000000D+00  0.00000000000000D+00
            0.50000000000000D+00  0.37500000000000D+00  0.00000000000000D+00
           -0.37500000000000D+00  0.37500000000000D+00  0.00000000000000D+00
           -0.25000000000000D+00  0.37500000000000D+00  0.00000000000000D+00
           -0.12500000000000D+00  0.37500000000000D+00  0.00000000000000D+00
            0.00000000000000D+00  0.50000000000000D+00  0.00000000000000D+00
            0.12500000000000D+00  0.50000000000000D+00  0.00000000000000D+00
            0.25000000000000D+00  0.50000000000000D+00  0.00000000000000D+00
            0.37500000000000D+00  0.50000000000000D+00  0.00000000000000D+00
            0.50000000000000D+00  0.50000000000000D+00  0.00000000000000D+00
            0.00000000000000D+00  0.00000000000000D+00  0.12500000000000D+00
            0.12500000000000D+00  0.00000000000000D+00  0.12500000000000D+00
            0.25000000000000D+00  0.00000000000000D+00  0.12500000000000D+00
            0.37500000000000D+00  0.00000000000000D+00  0.12500000000000D+00
            0.50000000000000D+00  0.00000000000000D+00  0.12500000000000D+00
           -0.37500000000000D+00  0.00000000000000D+00  0.12500000000000D+00
           -0.25000000000000D+00  0.00000000000000D+00  0.12500000000000D+00
           -0.12500000000000D+00  0.00000000000000D+00  0.12500000000000D+00
            0.00000000000000D+00  0.12500000000000D+00  0.12500000000000D+00
            0.12500000000000D+00  0.12500000000000D+00  0.12500000000000D+00
            0.25000000000000D+00  0.12500000000000D+00  0.12500000000000D+00
            0.37500000000000D+00  0.12500000000000D+00  0.12500000000000D+00
            0.50000000000000D+00  0.12500000000000D+00  0.12500000000000D+00
           -0.37500000000000D+00  0.12500000000000D+00  0.12500000000000D+00
           -0.25000000000000D+00  0.12500000000000D+00  0.12500000000000D+00
           -0.12500000000000D+00  0.12500000000000D+00  0.12500000000000D+00
            0.00000000000000D+00  0.25000000000000D+00  0.12500000000000D+00
            0.12500000000000D+00  0.25000000000000D+00  0.12500000000000D+00
            0.25000000000000D+00  0.25000000000000D+00  0.12500000000000D+00
            0.37500000000000D+00  0.25000000000000D+00  0.12500000000000D+00
            0.50000000000000D+00  0.25000000000000D+00  0.12500000000000D+00
           -0.37500000000000D+00  0.25000000000000D+00  0.12500000000000D+00
           -0.25000000000000D+00  0.25000000000000D+00  0.12500000000000D+00
           -0.12500000000000D+00  0.25000000000000D+00  0.12500000000000D+00
            0.00000000000000D+00  0.37500000000000D+00  0.12500000000000D+00
            0.12500000000000D+00  0.37500000000000D+00  0.12500000000000D+00
            0.25000000000000D+00  0.37500000000000D+00  0.12500000000000D+00
            0.37500000000000D+00  0.37500000000000D+00  0.12500000000000D+00
            0.50000000000000D+00  0.37500000000000D+00  0.12500000000000D+00
           -0.37500000000000D+00  0.37500000000000D+00  0.12500000000000D+00
           -0.25000000000000D+00  0.37500000000000D+00  0.12500000000000D+00
           -0.12500000000000D+00  0.37500000000000D+00  0.12500000000000D+00
            0.00000000000000D+00  0.50000000000000D+00  0.12500000000000D+00
            0.12500000000000D+00  0.50000000000000D+00  0.12500000000000D+00
            0.25000000000000D+00  0.50000000000000D+00  0.12500000000000D+00
            0.37500000000000D+00  0.50000000000000D+00  0.12500000000000D+00
            0.50000000000000D+00  0.50000000000000D+00  0.12500000000000D+00
           -0.37500000000000D+00  0.50000000000000D+00  0.12500000000000D+00
           -0.25000000000000D+00  0.50000000000000D+00  0.12500000000000D+00
           -0.12500000000000D+00  0.50000000000000D+00  0.12500000000000D+00
            0.00000000000000D+00 -0.37500000000000D+00  0.12500000000000D+00
            0.12500000000000D+00 -0.37500000000000D+00  0.12500000000000D+00
            0.25000000000000D+00 -0.37500000000000D+00  0.12500000000000D+00
            0.37500000000000D+00 -0.37500000000000D+00  0.12500000000000D+00
            0.50000000000000D+00 -0.37500000000000D+00  0.12500000000000D+00
           -0.37500000000000D+00 -0.37500000000000D+00  0.12500000000000D+00
           -0.25000000000000D+00 -0.37500000000000D+00  0.12500000000000D+00
           -0.12500000000000D+00 -0.37500000000000D+00  0.12500000000000D+00
            0.00000000000000D+00 -0.25000000000000D+00  0.12500000000000D+00
            0.12500000000000D+00 -0.25000000000000D+00  0.12500000000000D+00
            0.25000000000000D+00 -0.25000000000000D+00  0.12500000000000D+00
            0.37500000000000D+00 -0.25000000000000D+00  0.12500000000000D+00
            0.50000000000000D+00 -0.25000000000000D+00  0.12500000000000D+00
           -0.37500000000000D+00 -0.25000000000000D+00  0.12500000000000D+00
           -0.25000000000000D+00 -0.25000000000000D+00  0.12500000000000D+00
           -0.12500000000000D+00 -0.25000000000000D+00  0.12500000000000D+00
            0.00000000000000D+00 -0.12500000000000D+00  0.12500000000000D+00
            0.12500000000000D+00 -0.12500000000000D+00  0.12500000000000D+00
            0.25000000000000D+00 -0.12500000000000D+00  0.12500000000000D+00
            0.37500000000000D+00 -0.12500000000000D+00  0.12500000000000D+00
            0.50000000000000D+00 -0.12500000000000D+00  0.12500000000000D+00
           -0.37500000000000D+00 -0.12500000000000D+00  0.12500000000000D+00
           -0.25000000000000D+00 -0.12500000000000D+00  0.12500000000000D+00
           -0.12500000000000D+00 -0.12500000000000D+00  0.12500000000000D+00
            0.00000000000000D+00  0.00000000000000D+00  0.25000000000000D+00
            0.12500000000000D+00  0.00000000000000D+00  0.25000000000000D+00
            0.25000000000000D+00  0.00000000000000D+00  0.25000000000000D+00
            0.37500000000000D+00  0.00000000000000D+00  0.25000000000000D+00
            0.50000000000000D+00  0.00000000000000D+00  0.25000000000000D+00
           -0.37500000000000D+00  0.00000000000000D+00  0.25000000000000D+00
           -0.25000000000000D+00  0.00000000000000D+00  0.25000000000000D+00
           -0.12500000000000D+00  0.00000000000000D+00  0.25000000000000D+00
            0.00000000000000D+00  0.12500000000000D+00  0.25000000000000D+00
            0.12500000000000D+00  0.12500000000000D+00  0.25000000000000D+00
            0.25000000000000D+00  0.12500000000000D+00  0.25000000000000D+00
            0.37500000000000D+00  0.12500000000000D+00  0.25000000000000D+00
            0.50000000000000D+00  0.12500000000000D+00  0.25000000000000D+00
           -0.37500000000000D+00  0.12500000000000D+00  0.25000000000000D+00
           -0.25000000000000D+00  0.12500000000000D+00  0.25000000000000D+00
           -0.12500000000000D+00  0.12500000000000D+00  0.25000000000000D+00
            0.00000000000000D+00  0.25000000000000D+00  0.25000000000000D+00
            0.12500000000000D+00  0.25000000000000D+00  0.25000000000000D+00
            0.25000000000000D+00  0.25000000000000D+00  0.25000000000000D+00
            0.37500000000000D+00  0.25000000000000D+00  0.25000000000000D+00
            0.50000000000000D+00  0.25000000000000D+00  0.25000000000000D+00
           -0.37500000000000D+00  0.25000000000000D+00  0.25000000000000D+00
           -0.25000000000000D+00  0.25000000000000D+00  0.25000000000000D+00
           -0.12500000000000D+00  0.25000000000000D+00  0.25000000000000D+00
            0.00000000000000D+00  0.37500000000000D+00  0.25000000000000D+00
            0.12500000000000D+00  0.37500000000000D+00  0.25000000000000D+00
            0.25000000000000D+00  0.37500000000000D+00  0.25000000000000D+00
            0.37500000000000D+00  0.37500000000000D+00  0.25000000000000D+00
            0.50000000000000D+00  0.37500000000000D+00  0.25000000000000D+00
           -0.37500000000000D+00  0.37500000000000D+00  0.25000000000000D+00
           -0.25000000000000D+00  0.37500000000000D+00  0.25000000000000D+00
           -0.12500000000000D+00  0.37500000000000D+00  0.25000000000000D+00
            0.00000000000000D+00  0.50000000000000D+00  0.25000000000000D+00
            0.12500000000000D+00  0.50000000000000D+00  0.25000000000000D+00
            0.25000000000000D+00  0.50000000000000D+00  0.25000000000000D+00
            0.37500000000000D+00  0.50000000000000D+00  0.25000000000000D+00
            0.50000000000000D+00  0.50000000000000D+00  0.25000000000000D+00
           -0.37500000000000D+00  0.50000000000000D+00  0.25000000000000D+00
           -0.25000000000000D+00  0.50000000000000D+00  0.25000000000000D+00
           -0.12500000000000D+00  0.50000000000000D+00  0.25000000000000D+00
            0.00000000000000D+00 -0.37500000000000D+00  0.25000000000000D+00
            0.12500000000000D+00 -0.37500000000000D+00  0.25000000000000D+00
            0.25000000000000D+00 -0.37500000000000D+00  0.25000000000000D+00
            0.37500000000000D+00 -0.37500000000000D+00  0.25000000000000D+00
            0.50000000000000D+00 -0.37500000000000D+00  0.25000000000000D+00
           -0.37500000000000D+00 -0.37500000000000D+00  0.25000000000000D+00
           -0.25000000000000D+00 -0.37500000000000D+00  0.25000000000000D+00
           -0.12500000000000D+00 -0.37500000000000D+00  0.25000000000000D+00
            0.00000000000000D+00 -0.25000000000000D+00  0.25000000000000D+00
            0.12500000000000D+00 -0.25000000000000D+00  0.25000000000000D+00
            0.25000000000000D+00 -0.25000000000000D+00  0.25000000000000D+00
            0.37500000000000D+00 -0.25000000000000D+00  0.25000000000000D+00
            0.50000000000000D+00 -0.25000000000000D+00  0.25000000000000D+00
           -0.37500000000000D+00 -0.25000000000000D+00  0.25000000000000D+00
           -0.25000000000000D+00 -0.25000000000000D+00  0.25000000000000D+00
           -0.12500000000000D+00 -0.25000000000000D+00  0.25000000000000D+00
            0.00000000000000D+00 -0.12500000000000D+00  0.25000000000000D+00
            0.12500000000000D+00 -0.12500000000000D+00  0.25000000000000D+00
            0.25000000000000D+00 -0.12500000000000D+00  0.25000000000000D+00
            0.37500000000000D+00 -0.12500000000000D+00  0.25000000000000D+00
            0.50000000000000D+00 -0.12500000000000D+00  0.25000000000000D+00
           -0.37500000000000D+00 -0.12500000000000D+00  0.25000000000000D+00
           -0.25000000000000D+00 -0.12500000000000D+00  0.25000000000000D+00
           -0.12500000000000D+00 -0.12500000000000D+00  0.25000000000000D+00
            0.00000000000000D+00  0.00000000000000D+00  0.37500000000000D+00
            0.12500000000000D+00  0.00000000000000D+00  0.37500000000000D+00
            0.25000000000000D+00  0.00000000000000D+00  0.37500000000000D+00
            0.37500000000000D+00  0.00000000000000D+00  0.37500000000000D+00
            0.50000000000000D+00  0.00000000000000D+00  0.37500000000000D+00
           -0.37500000000000D+00  0.00000000000000D+00  0.37500000000000D+00
           -0.25000000000000D+00  0.00000000000000D+00  0.37500000000000D+00
           -0.12500000000000D+00  0.00000000000000D+00  0.37500000000000D+00
            0.00000000000000D+00  0.12500000000000D+00  0.37500000000000D+00
            0.12500000000000D+00  0.12500000000000D+00  0.37500000000000D+00
            0.25000000000000D+00  0.12500000000000D+00  0.37500000000000D+00
            0.37500000000000D+00  0.12500000000000D+00  0.37500000000000D+00
            0.50000000000000D+00  0.12500000000000D+00  0.37500000000000D+00
           -0.37500000000000D+00  0.12500000000000D+00  0.37500000000000D+00
           -0.25000000000000D+00  0.12500000000000D+00  0.37500000000000D+00
           -0.12500000000000D+00  0.12500000000000D+00  0.37500000000000D+00
            0.00000000000000D+00  0.25000000000000D+00  0.37500000000000D+00
            0.12500000000000D+00  0.25000000000000D+00  0.37500000000000D+00
            0.25000000000000D+00  0.25000000000000D+00  0.37500000000000D+00
            0.37500000000000D+00  0.25000000000000D+00  0.37500000000000D+00
            0.50000000000000D+00  0.25000000000000D+00  0.37500000000000D+00
           -0.37500000000000D+00  0.25000000000000D+00  0.37500000000000D+00
           -0.25000000000000D+00  0.25000000000000D+00  0.37500000000000D+00
           -0.12500000000000D+00  0.25000000000000D+00  0.37500000000000D+00
            0.00000000000000D+00  0.37500000000000D+00  0.37500000000000D+00
            0.12500000000000D+00  0.37500000000000D+00  0.37500000000000D+00
            0.25000000000000D+00  0.37500000000000D+00  0.37500000000000D+00
            0.37500000000000D+00  0.37500000000000D+00  0.37500000000000D+00
            0.50000000000000D+00  0.37500000000000D+00  0.37500000000000D+00
           -0.37500000000000D+00  0.37500000000000D+00  0.37500000000000D+00
           -0.25000000000000D+00  0.37500000000000D+00  0.37500000000000D+00
           -0.12500000000000D+00  0.37500000000000D+00  0.37500000000000D+00
            0.00000000000000D+00  0.50000000000000D+00  0.37500000000000D+00
            0.12500000000000D+00  0.50000000000000D+00  0.37500000000000D+00
            0.25000000000000D+00  0.50000000000000D+00  0.37500000000000D+00
            0.37500000000000D+00  0.50000000000000D+00  0.37500000000000D+00
            0.50000000000000D+00  0.50000000000000D+00  0.37500000000000D+00
           -0.37500000000000D+00  0.50000000000000D+00  0.37500000000000D+00
           -0.25000000000000D+00  0.50000000000000D+00  0.37500000000000D+00
           -0.12500000000000D+00  0.50000000000000D+00  0.37500000000000D+00
            0.00000000000000D+00 -0.37500000000000D+00  0.37500000000000D+00
            0.12500000000000D+00 -0.37500000000000D+00  0.37500000000000D+00
            0.25000000000000D+00 -0.37500000000000D+00  0.37500000000000D+00
            0.37500000000000D+00 -0.37500000000000D+00  0.37500000000000D+00
            0.50000000000000D+00 -0.37500000000000D+00  0.37500000000000D+00
           -0.37500000000000D+00 -0.37500000000000D+00  0.37500000000000D+00
           -0.25000000000000D+00 -0.37500000000000D+00  0.37500000000000D+00
           -0.12500000000000D+00 -0.37500000000000D+00  0.37500000000000D+00
            0.00000000000000D+00 -0.25000000000000D+00  0.37500000000000D+00
            0.12500000000000D+00 -0.25000000000000D+00  0.37500000000000D+00
            0.25000000000000D+00 -0.25000000000000D+00  0.37500000000000D+00
            0.37500000000000D+00 -0.25000000000000D+00  0.37500000000000D+00
            0.50000000000000D+00 -0.25000000000000D+00  0.37500000000000D+00
           -0.37500000000000D+00 -0.25000000000000D+00  0.37500000000000D+00
           -0.25000000000000D+00 -0.25000000000000D+00  0.37500000000000D+00
           -0.12500000000000D+00 -0.25000000000000D+00  0.37500000000000D+00
            0.00000000000000D+00 -0.12500000000000D+00  0.37500000000000D+00
            0.12500000000000D+00 -0.12500000000000D+00  0.37500000000000D+00
            0.25000000000000D+00 -0.12500000000000D+00  0.37500000000000D+00
            0.37500000000000D+00 -0.12500000000000D+00  0.37500000000000D+00
            0.50000000000000D+00 -0.12500000000000D+00  0.37500000000000D+00
           -0.37500000000000D+00 -0.12500000000000D+00  0.37500000000000D+00
           -0.25000000000000D+00 -0.12500000000000D+00  0.37500000000000D+00
           -0.12500000000000D+00 -0.12500000000000D+00  0.37500000000000D+00
            0.00000000000000D+00  0.00000000000000D+00  0.50000000000000D+00
            0.12500000000000D+00  0.00000000000000D+00  0.50000000000000D+00
            0.25000000000000D+00  0.00000000000000D+00  0.50000000000000D+00
            0.37500000000000D+00  0.00000000000000D+00  0.50000000000000D+00
            0.50000000000000D+00  0.00000000000000D+00  0.50000000000000D+00
            0.00000000000000D+00  0.12500000000000D+00  0.50000000000000D+00
            0.12500000000000D+00  0.12500000000000D+00  0.50000000000000D+00
            0.25000000000000D+00  0.12500000000000D+00  0.50000000000000D+00
            0.37500000000000D+00  0.12500000000000D+00  0.50000000000000D+00
            0.50000000000000D+00  0.12500000000000D+00  0.50000000000000D+00
           -0.37500000000000D+00  0.12500000000000D+00  0.50000000000000D+00
           -0.25000000000000D+00  0.12500000000000D+00  0.50000000000000D+00
           -0.12500000000000D+00  0.12500000000000D+00  0.50000000000000D+00
            0.00000000000000D+00  0.25000000000000D+00  0.50000000000000D+00
            0.12500000000000D+00  0.25000000000000D+00  0.50000000000000D+00
            0.25000000000000D+00  0.25000000000000D+00  0.50000000000000D+00
            0.37500000000000D+00  0.25000000000000D+00  0.50000000000000D+00
            0.50000000000000D+00  0.25000000000000D+00  0.50000000000000D+00
           -0.37500000000000D+00  0.25000000000000D+00  0.50000000000000D+00
           -0.25000000000000D+00  0.25000000000000D+00  0.50000000000000D+00
           -0.12500000000000D+00  0.25000000000000D+00  0.50000000000000D+00
            0.00000000000000D+00  0.37500000000000D+00  0.50000000000000D+00
            0.12500000000000D+00  0.37500000000000D+00  0.50000000000000D+00
            0.25000000000000D+00  0.37500000000000D+00  0.50000000000000D+00
            0.37500000000000D+00  0.37500000000000D+00  0.50000000000000D+00
            0.50000000000000D+00  0.37500000000000D+00  0.50000000000000D+00
           -0.37500000000000D+00  0.37500000000000D+00  0.50000000000000D+00
           -0.25000000000000D+00  0.37500000000000D+00  0.50000000000000D+00
           -0.12500000000000D+00  0.37500000000000D+00  0.50000000000000D+00
            0.00000000000000D+00  0.50000000000000D+00  0.50000000000000D+00
            0.12500000000000D+00  0.50000000000000D+00  0.50000000000000D+00
            0.25000000000000D+00  0.50000000000000D+00  0.50000000000000D+00
            0.37500000000000D+00  0.50000000000000D+00  0.50000000000000D+00
            0.50000000000000D+00  0.50000000000000D+00  0.50000000000000D+00
    kptnrm  0.10000000000000D+01
     ngfft        15   15   15
    nspden         1
   nspinor         1
       occ  0.20000000000000D+01  0.00000000000000D+00  0.00000000000000D+00
            0.00000000000000D+00
     rprim  0.00000000000000D+00  0.37500000000000D+01  0.37500000000000D+01
            0.37500000000000D+01  0.00000000000000D+00  0.37500000000000D+01
            0.37500000000000D+01  0.37500000000000D+01  0.00000000000000D+00
  dfpt_sciss  0.00000000000000D+00
    spinat  0.00000000000000D+00  0.00000000000000D+00  0.00000000000000D+00
    symafm         1    1    1    1    1    1    1    1    1    1    1    1
                   1    1    1    1    1    1    1    1    1    1    1    1
                   1    1    1    1    1    1    1    1    1    1    1    1
                   1    1    1    1    1    1    1    1    1    1    1    1
    symrel         1    0    0    0    1    0    0    0    1
                  -1    0    0    0   -1    0    0    0   -1
                   0   -1    1    0   -1    0    1   -1    0
                   0    1   -1    0    1    0   -1    1    0
                  -1    0    0   -1    0    1   -1    1    0
                   1    0    0    1    0   -1    1   -1    0
                   0    1   -1    1    0   -1    0    0   -1
                   0   -1    1   -1    0    1    0    0    1
                  -1    0    0   -1    1    0   -1    0    1
                   1    0    0    1   -1    0    1    0   -1
                   0   -1    1    1   -1    0    0   -1    0
                   0    1   -1   -1    1    0    0    1    0
                   1    0    0    0    0    1    0    1    0
                  -1    0    0    0    0   -1    0   -1    0
                   0    1   -1    0    0   -1    1    0   -1
                   0   -1    1    0    0    1   -1    0    1
                  -1    0    1   -1    1    0   -1    0    0
                   1    0   -1    1   -1    0    1    0    0
                   0   -1    0    1   -1    0    0   -1    1
                   0    1    0   -1    1    0    0    1   -1
                   1    0   -1    0    0   -1    0    1   -1
                  -1    0    1    0    0    1    0   -1    1
                   0    1    0    0    0    1    1    0    0
                   0   -1    0    0    0   -1   -1    0    0
                   1    0   -1    0    1   -1    0    0   -1
                  -1    0    1    0   -1    1    0    0    1
                   0   -1    0    0   -1    1    1   -1    0
                   0    1    0    0    1   -1   -1    1    0
                  -1    0    1   -1    0    0   -1    1    0
                   1    0   -1    1    0    0    1   -1    0
                   0    1    0    1    0    0    0    0    1
                   0   -1    0   -1    0    0    0    0   -1
                   0    0   -1    0    1   -1    1    0   -1
                   0    0    1    0   -1    1   -1    0    1
                   1   -1    0    0   -1    1    0   -1    0
                  -1    1    0    0    1   -1    0    1    0
                   0    0    1    1    0    0    0    1    0
                   0    0   -1   -1    0    0    0   -1    0
                  -1    1    0   -1    0    0   -1    0    1
                   1   -1    0    1    0    0    1    0   -1
                   0    0    1    0    1    0    1    0    0
                   0    0   -1    0   -1    0   -1    0    0
                   1   -1    0    0   -1    0    0   -1    1
                  -1    1    0    0    1    0    0    1   -1
                   0    0   -1    1    0   -1    0    1   -1
                   0    0    1   -1    0    1    0   -1    1
                  -1    1    0   -1    0    1   -1    0    0
                   1   -1    0    1    0   -1    1    0    0
     tnons  0.00000000000000D+00  0.00000000000000D+00  0.00000000000000D+00
            0.00000000000000D+00  0.00000000000000D+00  0.00000000000000D+00
            0.00000000000000D+00  0.00000000000000D+00  0.00000000000000D+00
            0.00000000000000D+00  0.00000000000000D+00  0.00000000000000D+00
            0.00000000000000D+00  0.00000000000000D+00  0.00000000000000D+00
            0.00000000000000D+00  0.00000000000000D+00  0.00000000000000D+00
            0.00000000000000D+00  0.00000000000000D+00  0.00000000000000D+00
            0.00000000000000D+00  0.00000000000000D+00  0.00000000000000D+00
            0.00000000000000D+00  0.00000000000000D+00  0.00000000000000D+00
            0.00000000000000D+00  0.00000000000000D+00  0.00000000000000D+00
            0.00000000000000D+00  0.00000000000000D+00  0.00000000000000D+00
            0.00000000000000D+00  0.00000000000000D+00  0.00000000000000D+00
            0.00000000000000D+00  0.00000000000000D+00  0.00000000000000D+00
            0.00000000000000D+00  0.00000000000000D+00  0.00000000000000D+00
            0.00000000000000D+00  0.00000000000000D+00  0.00000000000000D+00
            0.00000000000000D+00  0.00000000000000D+00  0.00000000000000D+00
            0.00000000000000D+00  0.00000000000000D+00  0.00000000000000D+00
            0.00000000000000D+00  0.00000000000000D+00  0.00000000000000D+00
            0.00000000000000D+00  0.00000000000000D+00  0.00000000000000D+00
            0.00000000000000D+00  0.00000000000000D+00  0.00000000000000D+00
            0.00000000000000D+00  0.00000000000000D+00  0.00000000000000D+00
            0.00000000000000D+00  0.00000000000000D+00  0.00000000000000D+00
            0.00000000000000D+00  0.00000000000000D+00  0.00000000000000D+00
            0.00000000000000D+00  0.00000000000000D+00  0.00000000000000D+00
            0.00000000000000D+00  0.00000000000000D+00  0.00000000000000D+00
            0.00000000000000D+00  0.00000000000000D+00  0.00000000000000D+00
            0.00000000000000D+00  0.00000000000000D+00  0.00000000000000D+00
            0.00000000000000D+00  0.00000000000000D+00  0.00000000000000D+00
            0.00000000000000D+00  0.00000000000000D+00  0.00000000000000D+00
            0.00000000000000D+00  0.00000000000000D+00  0.00000000000000D+00
            0.00000000000000D+00  0.00000000000000D+00  0.00000000000000D+00
            0.00000000000000D+00  0.00000000000000D+00  0.00000000000000D+00
            0.00000000000000D+00  0.00000000000000D+00  0.00000000000000D+00
            0.00000000000000D+00  0.00000000000000D+00  0.00000000000000D+00
            0.00000000000000D+00  0.00000000000000D+00  0.00000000000000D+00
            0.00000000000000D+00  0.00000000000000D+00  0.00000000000000D+00
            0.00000000000000D+00  0.00000000000000D+00  0.00000000000000D+00
            0.00000000000000D+00  0.00000000000000D+00  0.00000000000000D+00
            0.00000000000000D+00  0.00000000000000D+00  0.00000000000000D+00
            0.00000000000000D+00  0.00000000000000D+00  0.00000000000000D+00
            0.00000000000000D+00  0.00000000000000D+00  0.00000000000000D+00
            0.00000000000000D+00  0.00000000000000D+00  0.00000000000000D+00
            0.00000000000000D+00  0.00000000000000D+00  0.00000000000000D+00
            0.00000000000000D+00  0.00000000000000D+00  0.00000000000000D+00
            0.00000000000000D+00  0.00000000000000D+00  0.00000000000000D+00
            0.00000000000000D+00  0.00000000000000D+00  0.00000000000000D+00
            0.00000000000000D+00  0.00000000000000D+00  0.00000000000000D+00
            0.00000000000000D+00  0.00000000000000D+00  0.00000000000000D+00
    tolwfr  0.10000000000000D+01
   tphysel  0.00000000000000D+00
    tsmear  0.40000000000000D-01
     typat         1
       wtk  0.19531250000000D-02  0.39062500000000D-02  0.39062500000000D-02
            0.39062500000000D-02  0.19531250000000D-02  0.39062500000000D-02
            0.39062500000000D-02  0.39062500000000D-02  0.39062500000000D-02
            0.39062500000000D-02  0.39062500000000D-02  0.39062500000000D-02
            0.39062500000000D-02  0.39062500000000D-02  0.39062500000000D-02
            0.39062500000000D-02  0.39062500000000D-02  0.39062500000000D-02
            0.39062500000000D-02  0.39062500000000D-02  0.39062500000000D-02
            0.39062500000000D-02  0.39062500000000D-02  0.39062500000000D-02
            0.39062500000000D-02  0.39062500000000D-02  0.39062500000000D-02
            0.39062500000000D-02  0.39062500000000D-02  0.19531250000000D-02
            0.39062500000000D-02  0.39062500000000D-02  0.39062500000000D-02
            0.19531250000000D-02  0.39062500000000D-02  0.39062500000000D-02
            0.39062500000000D-02  0.39062500000000D-02  0.39062500000000D-02
            0.39062500000000D-02  0.39062500000000D-02  0.39062500000000D-02
            0.39062500000000D-02  0.39062500000000D-02  0.39062500000000D-02
            0.39062500000000D-02  0.39062500000000D-02  0.39062500000000D-02
            0.39062500000000D-02  0.39062500000000D-02  0.39062500000000D-02
            0.39062500000000D-02  0.39062500000000D-02  0.39062500000000D-02
            0.39062500000000D-02  0.39062500000000D-02  0.39062500000000D-02
            0.39062500000000D-02  0.39062500000000D-02  0.39062500000000D-02
            0.39062500000000D-02  0.39062500000000D-02  0.39062500000000D-02
            0.39062500000000D-02  0.39062500000000D-02  0.39062500000000D-02
            0.39062500000000D-02  0.39062500000000D-02  0.39062500000000D-02
            0.39062500000000D-02  0.39062500000000D-02  0.39062500000000D-02
            0.39062500000000D-02  0.39062500000000D-02  0.39062500000000D-02
            0.39062500000000D-02  0.39062500000000D-02  0.39062500000000D-02
            0.39062500000000D-02  0.39062500000000D-02  0.39062500000000D-02
            0.39062500000000D-02  0.39062500000000D-02  0.39062500000000D-02
            0.39062500000000D-02  0.39062500000000D-02  0.39062500000000D-02
            0.39062500000000D-02  0.39062500000000D-02  0.39062500000000D-02
            0.39062500000000D-02  0.39062500000000D-02  0.39062500000000D-02
            0.39062500000000D-02  0.39062500000000D-02  0.39062500000000D-02
            0.39062500000000D-02  0.39062500000000D-02  0.39062500000000D-02
            0.39062500000000D-02  0.39062500000000D-02  0.39062500000000D-02
            0.39062500000000D-02  0.39062500000000D-02  0.39062500000000D-02
            0.39062500000000D-02  0.39062500000000D-02  0.39062500000000D-02
            0.39062500000000D-02  0.39062500000000D-02  0.39062500000000D-02
            0.39062500000000D-02  0.39062500000000D-02  0.39062500000000D-02
            0.39062500000000D-02  0.39062500000000D-02  0.39062500000000D-02
            0.39062500000000D-02  0.39062500000000D-02  0.39062500000000D-02
            0.39062500000000D-02  0.39062500000000D-02  0.39062500000000D-02
            0.39062500000000D-02  0.39062500000000D-02  0.39062500000000D-02
            0.39062500000000D-02  0.39062500000000D-02  0.39062500000000D-02
            0.39062500000000D-02  0.39062500000000D-02  0.39062500000000D-02
            0.39062500000000D-02  0.39062500000000D-02  0.39062500000000D-02
            0.39062500000000D-02  0.39062500000000D-02  0.39062500000000D-02
            0.39062500000000D-02  0.39062500000000D-02  0.39062500000000D-02
            0.39062500000000D-02  0.39062500000000D-02  0.39062500000000D-02
            0.39062500000000D-02  0.39062500000000D-02  0.39062500000000D-02
            0.39062500000000D-02  0.39062500000000D-02  0.39062500000000D-02
            0.39062500000000D-02  0.39062500000000D-02  0.39062500000000D-02
            0.39062500000000D-02  0.39062500000000D-02  0.39062500000000D-02
            0.39062500000000D-02  0.39062500000000D-02  0.39062500000000D-02
            0.39062500000000D-02  0.39062500000000D-02  0.39062500000000D-02
            0.39062500000000D-02  0.39062500000000D-02  0.39062500000000D-02
            0.39062500000000D-02  0.39062500000000D-02  0.39062500000000D-02
            0.39062500000000D-02  0.39062500000000D-02  0.39062500000000D-02
            0.39062500000000D-02  0.39062500000000D-02  0.39062500000000D-02
            0.39062500000000D-02  0.39062500000000D-02  0.39062500000000D-02
            0.39062500000000D-02  0.39062500000000D-02  0.39062500000000D-02
            0.39062500000000D-02  0.39062500000000D-02  0.39062500000000D-02
            0.39062500000000D-02  0.39062500000000D-02  0.39062500000000D-02
            0.39062500000000D-02  0.39062500000000D-02  0.39062500000000D-02
            0.39062500000000D-02  0.39062500000000D-02  0.39062500000000D-02
            0.39062500000000D-02  0.39062500000000D-02  0.39062500000000D-02
            0.39062500000000D-02  0.39062500000000D-02  0.39062500000000D-02
            0.39062500000000D-02  0.39062500000000D-02  0.39062500000000D-02
            0.39062500000000D-02  0.39062500000000D-02  0.39062500000000D-02
            0.39062500000000D-02  0.39062500000000D-02  0.39062500000000D-02
            0.39062500000000D-02  0.39062500000000D-02  0.39062500000000D-02
            0.39062500000000D-02  0.39062500000000D-02  0.39062500000000D-02
            0.39062500000000D-02  0.39062500000000D-02  0.39062500000000D-02
            0.39062500000000D-02  0.39062500000000D-02  0.39062500000000D-02
            0.39062500000000D-02  0.39062500000000D-02  0.39062500000000D-02
            0.39062500000000D-02  0.39062500000000D-02  0.39062500000000D-02
            0.39062500000000D-02  0.19531250000000D-02  0.39062500000000D-02
            0.39062500000000D-02  0.39062500000000D-02  0.19531250000000D-02
            0.39062500000000D-02  0.39062500000000D-02  0.39062500000000D-02
            0.39062500000000D-02  0.39062500000000D-02  0.39062500000000D-02
            0.39062500000000D-02  0.39062500000000D-02  0.39062500000000D-02
            0.39062500000000D-02  0.39062500000000D-02  0.39062500000000D-02
            0.39062500000000D-02  0.39062500000000D-02  0.39062500000000D-02
            0.39062500000000D-02  0.39062500000000D-02  0.39062500000000D-02
            0.39062500000000D-02  0.39062500000000D-02  0.39062500000000D-02
            0.39062500000000D-02  0.39062500000000D-02  0.39062500000000D-02
            0.19531250000000D-02  0.39062500000000D-02  0.39062500000000D-02
            0.39062500000000D-02  0.19531250000000D-02
      xred  0.00000000000000D+00  0.00000000000000D+00  0.00000000000000D+00
     znucl  0.13000000000000D+02
      zion  0.30000000000000D+01
 
  Description of the potentials (KB energies)
  vrsio8 (for pseudopotentials)=100401
  usepaw =  0
  dimekb =  6       lmnmax=  6
  Atom type=    1   pspso=  0   nekb=   6
  iln lpsang iproj  ekb(:)
     1     0     1     5.1894549E+00  0.0000000E+00  0.0000000E+00  0.0000000E+00
                       0.0000000E+00  0.0000000E+00
     2     0     2     0.0000000E+00  7.4153097E-01  0.0000000E+00  0.0000000E+00
                       0.0000000E+00  0.0000000E+00
     3     1     1     0.0000000E+00  0.0000000E+00  7.6594361E+00  0.0000000E+00
                       0.0000000E+00  0.0000000E+00
     4     1     2     0.0000000E+00  0.0000000E+00  0.0000000E+00  8.1993272E-01
                       0.0000000E+00  0.0000000E+00
     5     2     1     0.0000000E+00  0.0000000E+00  0.0000000E+00  0.0000000E+00
                      -2.1179473E+01  0.0000000E+00
     6     2     2     0.0000000E+00  0.0000000E+00  0.0000000E+00  0.0000000E+00
                      -2.1179473E+01  0.0000000E+00
 
 **** Database of total energy derivatives ****
 Number of data blocks=    8
  
 2nd derivatives (non-stat.)  - # elements :      21
 qpt  0.00000000E+00  0.00000000E+00  0.00000000E+00   1.0
   1   1   1   1  0.21850114326967D+00  0.00000000000000D+00
   2   1   1   1  0.10925057163484D+00  0.00000000000000D+00
   3   1   1   1  0.10925057163482D+00  0.00000000000000D+00
   2   3   1   1  0.00000000000000D+00  0.00000000000000D+00
   3   3   1   1  0.00000000000000D+00  0.00000000000000D+00
   1   1   2   1  0.10925057163485D+00  0.00000000000000D+00
   2   1   2   1  0.21850114326964D+00  0.00000000000000D+00
   3   1   2   1  0.10925057163483D+00  0.00000000000000D+00
   1   3   2   1  0.00000000000000D+00  0.00000000000000D+00
   3   3   2   1  0.00000000000000D+00  0.00000000000000D+00
   1   1   3   1  0.10925057163483D+00  0.00000000000000D+00
   2   1   3   1  0.10925057163483D+00  0.00000000000000D+00
   3   1   3   1  0.21850114326968D+00  0.00000000000000D+00
   1   3   3   1  0.00000000000000D+00  0.00000000000000D+00
   2   3   3   1  0.00000000000000D+00  0.00000000000000D+00
   2   1   1   3  0.00000000000000D+00  0.00000000000000D+00
   3   1   1   3  0.00000000000000D+00  0.00000000000000D+00
   1   1   2   3  0.00000000000000D+00  0.00000000000000D+00
   3   1   2   3  0.00000000000000D+00  0.00000000000000D+00
   1   1   3   3  0.00000000000000D+00  0.00000000000000D+00
   2   1   3   3  0.00000000000000D+00  0.00000000000000D+00
  
 2nd derivatives (non-stat.)  - # elements :       9
 qpt  2.50000000E-01  0.00000000E+00  0.00000000E+00   1.0
   1   1   1   1  0.15004060137509D+01  0.67499632062468D-16
   2   1   1   1  0.28140769679443D+00  0.36384169356757D-04
   3   1   1   1  0.28140769679442D+00  0.36384169356760D-04
   1   1   2   1  0.28140769679443D+00 -0.36384169356814D-04
   2   1   2   1  0.61010287096907D+00 -0.37911636830852D-18
   3   1   2   1  0.28231905386426D+00 -0.23031017915774D-03
   1   1   3   1  0.28140769679442D+00 -0.36384169356811D-04
   2   1   3   1  0.28231905386427D+00  0.23031017915777D-03
   3   1   3   1  0.61010287096909D+00 -0.50770437576470D-17
  
 2nd derivatives (non-stat.)  - # elements :       9
 qpt  5.00000000E-01  0.00000000E+00  0.00000000E+00   1.0
   1   1   1   1  0.28912626930068D+01  0.00000000000000D+00
   2   1   1   1  0.42776659233505D+00  0.22539373791446D-05
   3   1   1   1  0.42776659233503D+00  0.22539373791446D-05
   1   1   2   1  0.42776659233505D+00 -0.22539373791446D-05
   2   1   2   1  0.90769454537132D+00  0.00000000000000D+00
   3   1   2   1  0.43072853090234D+00  0.25639196076209D-05
   1   1   3   1  0.42776659233504D+00 -0.22539373791446D-05
   2   1   3   1  0.43072853090235D+00 -0.25639196076209D-05
   3   1   3   1  0.90769454537136D+00  0.00000000000000D+00
  
 2nd derivatives (non-stat.)  - # elements :       9
 qpt  2.50000000E-01  2.50000000E-01  0.00000000E+00   1.0
   1   1   1   1  0.14949791429342D+01 -0.13505684313443D-16
   2   1   1   1  0.10280243447665D+01  0.29298398417190D-16
   3   1   1   1  0.46695479816770D+00 -0.17292188479424D-16
   1   1   2   1  0.10280243447665D+01  0.29298398417190D-16
   2   1   2   1  0.14949791429342D+01 -0.15179673315850D-15
   3   1   2   1  0.46695479816769D+00  0.30398533093589D-16
   1   1   3   1  0.46695479816771D+00 -0.17292188479424D-16
   2   1   3   1  0.46695479816770D+00  0.30398533093589D-16
   3   1   3   1  0.93390959633543D+00 -0.55925367646568D-17
  
 2nd derivatives (non-stat.)  - # elements :       9
 qpt  5.00000000E-01  2.50000000E-01  0.00000000E+00   1.0
   1   1   1   1  0.27958769784754D+01  0.31030142186041D-16
   2   1   1   1  0.11132018763227D+01 -0.46151027180570D-05
   3   1   1   1  0.61750672595055D+00  0.28970042735881D-05
   1   1   2   1  0.11132018763227D+01  0.46151027181838D-05
   2   1   2   1  0.18658819929930D+01  0.10701069221716D-16
   3   1   2   1  0.61958531490525D+00  0.61019135340236D-05
   1   1   3   1  0.61750672595056D+00 -0.28970042735783D-05
   2   1   3   1  0.61958531490526D+00 -0.61019135339001D-05
   3   1   3   1  0.12880668760013D+01  0.10503146732509D-16
  
 2nd derivatives (non-stat.)  - # elements :       9
 qpt -2.50000000E-01  2.50000000E-01  0.00000000E+00   1.0
   1   1   1   1  0.19171262532615D+01  0.12349613200564D-16
   2   1   1   1  0.42261157333797D+00 -0.93757984368316D-05
   3   1   1   1  0.48249617342601D+00 -0.51138000693425D-05
   1   1   2   1  0.42261157333797D+00  0.93757984369015D-05
   2   1   2   1  0.19171262532615D+01 -0.38948419240748D-16
   3   1   2   1  0.48256914773158D+00  0.51109908332037D-05
   1   1   3   1  0.48249617342602D+00  0.51138000693397D-05
   2   1   3   1  0.48256914773159D+00 -0.51109908332629D-05
   3   1   3   1  0.10139737182755D+01  0.89613599581597D-18
  
 2nd derivatives (non-stat.)  - # elements :       9
 qpt  5.00000000E-01  5.00000000E-01  0.00000000E+00   1.0
   1   1   1   1  0.27696997285494D+01  0.00000000000000D+00
   2   1   1   1  0.19298069341924D+01  0.00000000000000D+00
   3   1   1   1  0.83989279435695D+00  0.00000000000000D+00
   1   1   2   1  0.19298069341924D+01  0.00000000000000D+00
   2   1   2   1  0.27696997285493D+01  0.00000000000000D+00
   3   1   2   1  0.83989279435695D+00  0.00000000000000D+00
   1   1   3   1  0.83989279435696D+00  0.00000000000000D+00
   2   1   3   1  0.83989279435697D+00  0.00000000000000D+00
   3   1   3   1  0.16797855887139D+01  0.00000000000000D+00
  
 2nd derivatives (non-stat.)  - # elements :       9
 qpt -2.50000000E-01  5.00000000E-01  2.50000000E-01   1.0
   1   1   1   1  0.23022200962110D+01 -0.99520058118114D-06
   2   1   1   1  0.13186051946635D+01 -0.11658305194445D-02
   3   1   1   1  0.93395017482919D+00 -0.99520058119245D-06
   1   1   2   1  0.13186051946635D+01  0.11658305194445D-02
   2   1   2   1  0.26834284237966D+01  0.12513642497208D-16
   3   1   2   1  0.13187004589867D+01 -0.11727295277065D-02
   1   1   3   1  0.93395017482919D+00 -0.99520058119245D-06
   2   1   3   1  0.13187004589867D+01  0.11727295277066D-02
   3   1   3   1  0.23022200962110D+01 -0.99520058107555D-06

 List of bloks and their characteristics 
  
 2nd derivatives (non-stat.)  - # elements :      21
 qpt  0.00000000E+00  0.00000000E+00  0.00000000E+00   1.0
  
 2nd derivatives (non-stat.)  - # elements :       9
 qpt  2.50000000E-01  0.00000000E+00  0.00000000E+00   1.0
  
 2nd derivatives (non-stat.)  - # elements :       9
 qpt  5.00000000E-01  0.00000000E+00  0.00000000E+00   1.0
  
 2nd derivatives (non-stat.)  - # elements :       9
 qpt  2.50000000E-01  2.50000000E-01  0.00000000E+00   1.0
  
 2nd derivatives (non-stat.)  - # elements :       9
 qpt  5.00000000E-01  2.50000000E-01  0.00000000E+00   1.0
  
 2nd derivatives (non-stat.)  - # elements :       9
 qpt -2.50000000E-01  2.50000000E-01  0.00000000E+00   1.0
  
 2nd derivatives (non-stat.)  - # elements :       9
 qpt  5.00000000E-01  5.00000000E-01  0.00000000E+00   1.0
  
 2nd derivatives (non-stat.)  - # elements :       9
 qpt -2.50000000E-01  5.00000000E-01  2.50000000E-01   1.0
