
 **** DERIVATIVE DATABASE ****    
+DDB, Version number    100401

  Note : temporary (transfer) database

    usepaw         0
     natom         4
      nkpt        32
    nsppol         1
      nsym        12
    ntypat         2
    occopt         1
     nband         8
     acell  0.10000000000000D+01  0.10000000000000D+01  0.10000000000000D+01
       amu  0.26981539000000D+02  0.74921590000000D+02
   dilatmx  0.10000000000000D+01
      ecut  0.60000000000000D+01
    ecutsm  0.50000000000000D+00
     intxc         0
      iscf         7
       ixc         1
       kpt  0.00000000000000D+00  0.00000000000000D+00  0.12500000000000D+00
            0.25000000000000D+00  0.00000000000000D+00  0.12500000000000D+00
            0.50000000000000D+00  0.00000000000000D+00  0.12500000000000D+00
           -0.25000000000000D+00  0.00000000000000D+00  0.12500000000000D+00
            0.00000000000000D+00  0.25000000000000D+00  0.12500000000000D+00
            0.25000000000000D+00  0.25000000000000D+00  0.12500000000000D+00
            0.50000000000000D+00  0.25000000000000D+00  0.12500000000000D+00
           -0.25000000000000D+00  0.25000000000000D+00  0.12500000000000D+00
            0.00000000000000D+00  0.50000000000000D+00  0.12500000000000D+00
            0.25000000000000D+00  0.50000000000000D+00  0.12500000000000D+00
            0.50000000000000D+00  0.50000000000000D+00  0.12500000000000D+00
           -0.25000000000000D+00  0.50000000000000D+00  0.12500000000000D+00
            0.00000000000000D+00 -0.25000000000000D+00  0.12500000000000D+00
            0.25000000000000D+00 -0.25000000000000D+00  0.12500000000000D+00
            0.50000000000000D+00 -0.25000000000000D+00  0.12500000000000D+00
           -0.25000000000000D+00 -0.25000000000000D+00  0.12500000000000D+00
            0.00000000000000D+00  0.00000000000000D+00  0.37500000000000D+00
            0.25000000000000D+00  0.00000000000000D+00  0.37500000000000D+00
            0.50000000000000D+00  0.00000000000000D+00  0.37500000000000D+00
           -0.25000000000000D+00  0.00000000000000D+00  0.37500000000000D+00
            0.00000000000000D+00  0.25000000000000D+00  0.37500000000000D+00
            0.25000000000000D+00  0.25000000000000D+00  0.37500000000000D+00
            0.50000000000000D+00  0.25000000000000D+00  0.37500000000000D+00
           -0.25000000000000D+00  0.25000000000000D+00  0.37500000000000D+00
            0.00000000000000D+00  0.50000000000000D+00  0.37500000000000D+00
            0.25000000000000D+00  0.50000000000000D+00  0.37500000000000D+00
            0.50000000000000D+00  0.50000000000000D+00  0.37500000000000D+00
           -0.25000000000000D+00  0.50000000000000D+00  0.37500000000000D+00
            0.00000000000000D+00 -0.25000000000000D+00  0.37500000000000D+00
            0.25000000000000D+00 -0.25000000000000D+00  0.37500000000000D+00
            0.50000000000000D+00 -0.25000000000000D+00  0.37500000000000D+00
           -0.25000000000000D+00 -0.25000000000000D+00  0.37500000000000D+00
    kptnrm  0.10000000000000D+01
     ngfft        18   18   30
    nspden         1
   nspinor         1
       occ  0.20000000000000D+01  0.20000000000000D+01  0.20000000000000D+01
            0.20000000000000D+01  0.20000000000000D+01  0.20000000000000D+01
            0.20000000000000D+01  0.20000000000000D+01
     rprim  0.65289350475000D+01  0.37694824072000D+01  0.00000000000000D+00
           -0.65289350475000D+01  0.37694824072000D+01  0.00000000000000D+00
            0.00000000000000D+00  0.00000000000000D+00  0.12277795374000D+02
  dfpt_sciss  0.00000000000000D+00
    spinat  0.00000000000000D+00  0.00000000000000D+00  0.00000000000000D+00
            0.00000000000000D+00  0.00000000000000D+00  0.00000000000000D+00
            0.00000000000000D+00  0.00000000000000D+00  0.00000000000000D+00
            0.00000000000000D+00  0.00000000000000D+00  0.00000000000000D+00
    symafm         1    1    1    1    1    1    1    1    1    1    1    1
    symrel         1    0    0    0    1    0    0    0    1
                   0    1    0    1    0    0    0    0    1
                   1    1    0   -1    0    0    0    0    1
                  -1    0    0    1    1    0    0    0    1
                   0    1    0   -1   -1    0    0    0    1
                  -1   -1    0    0    1    0    0    0    1
                  -1    0    0    0   -1    0    0    0    1
                   0   -1    0   -1    0    0    0    0    1
                  -1   -1    0    1    0    0    0    0    1
                   1    0    0   -1   -1    0    0    0    1
                   0   -1    0    1    1    0    0    0    1
                   1    1    0    0   -1    0    0    0    1
     tnons  0.00000000000000D+00  0.00000000000000D+00  0.00000000000000D+00
            0.00000000000000D+00  0.00000000000000D+00  0.50000000000000D+00
            0.10000000827404D-09  0.00000000000000D+00  0.50000000000000D+00
           -0.99999897251735D-10  0.00000000000000D+00  0.00000000000000D+00
            0.00000000000000D+00  0.10000000827404D-09  0.00000000000000D+00
            0.00000000000000D+00 -0.99999897251735D-10  0.50000000000000D+00
            0.00000000000000D+00  0.00000000000000D+00  0.50000000000000D+00
            0.00000000000000D+00  0.00000000000000D+00  0.00000000000000D+00
           -0.99999897251735D-10  0.00000000000000D+00  0.00000000000000D+00
            0.10000000827404D-09  0.00000000000000D+00  0.50000000000000D+00
            0.00000000000000D+00 -0.99999897251735D-10  0.50000000000000D+00
            0.00000000000000D+00  0.10000000827404D-09  0.00000000000000D+00
    tolwfr  0.10000000000000D+01
   tphysel  0.00000000000000D+00
    tsmear  0.10000000000000D-01
     typat         1    1    2    2
       wtk  0.31250000000000D-01  0.31250000000000D-01  0.31250000000000D-01
            0.31250000000000D-01  0.31250000000000D-01  0.31250000000000D-01
            0.31250000000000D-01  0.31250000000000D-01  0.31250000000000D-01
            0.31250000000000D-01  0.31250000000000D-01  0.31250000000000D-01
            0.31250000000000D-01  0.31250000000000D-01  0.31250000000000D-01
            0.31250000000000D-01  0.31250000000000D-01  0.31250000000000D-01
            0.31250000000000D-01  0.31250000000000D-01  0.31250000000000D-01
            0.31250000000000D-01  0.31250000000000D-01  0.31250000000000D-01
            0.31250000000000D-01  0.31250000000000D-01  0.31250000000000D-01
            0.31250000000000D-01  0.31250000000000D-01  0.31250000000000D-01
            0.31250000000000D-01  0.31250000000000D-01
      xred  0.33333333333333D+00  0.66666666666667D+00  0.11102230246252D-15
            0.66666666666667D+00  0.33333333333333D+00  0.50000000000000D+00
            0.33333333333333D+00  0.66666666666667D+00  0.37608588370000D+00
            0.66666666666667D+00  0.33333333333333D+00  0.87608588370000D+00
     znucl  0.13000000000000D+02  0.33000000000000D+02
      zion  0.30000000000000D+01  0.50000000000000D+01
 
  Description of the potentials (KB energies)
  vrsio8 (for pseudopotentials)=100401
  usepaw =  0
  dimekb =  2       lmnmax=  2
  Atom type=    1   pspso=  0   nekb=   2
  iln lpsang iproj  ekb(:)
     1     0     1     2.5406576E+00  0.0000000E+00
     2     1     1     0.0000000E+00  1.3538152E+00
  Atom type=    2   pspso=  0   nekb=   1
  iln lpsang iproj  ekb(:)
     1     0     1     8.3875106E-01
 
 **** Database of total energy derivatives ****
 Number of data blocks=    1

 2nd derivatives (non-stat.)  - # elements :     156
 qpt  0.00000000E+00  0.00000000E+00  0.00000000E+00   1.0
   1   1   3   1 -0.40946782770676D-10  0.00000000000000D+00
   1   1   3   2  0.11232690274587D-15 -0.19882186620262D-16
   1   1   1   3 -0.31643613222968D+00  0.27999976405949D-15
   1   1   2   3  0.15821806612017D+00 -0.47385498987791D-16
   1   1   3   3  0.26767222829169D-16 -0.41722088424477D-16
   1   1   1   4 -0.52484226503532D+01  0.29444183163339D-15
   1   1   2   4  0.26242113242851D+01 -0.92955154589694D-16
   1   1   3   4  0.40946643676550D-10  0.27076443925171D-16
   1   1   2   6  0.00000000000000D+00  0.00000000000000D+00
   1   1   3   6  0.00000000000000D+00  0.00000000000000D+00
   2   1   3   1  0.40954607491050D-10  0.00000000000000D+00
   2   1   3   2 -0.11056449906909D-14  0.12473295686134D-16
   2   1   1   3  0.15821806643087D+00 -0.47385498987791D-16
   2   1   2   3 -0.31643613222968D+00 -0.14777864601599D-15
   2   1   3   3 -0.15859244657327D-14  0.21824805491826D-15
   2   1   1   4  0.26242113251708D+01 -0.92955154589694D-16
   2   1   2   4 -0.52484226503532D+01 -0.29066851211985D-15
   2   1   3   4 -0.40951915921594D-10 -0.14407857105194D-15
   2   1   1   6  0.00000000000000D+00  0.00000000000000D+00
   2   1   3   6  0.00000000000000D+00  0.00000000000000D+00
   3   1   1   1 -0.40946782770676D-10  0.00000000000000D+00
   3   1   2   1  0.40954607491050D-10  0.00000000000000D+00
   3   1   1   2  0.11232690274587D-15 -0.19882186620262D-16
   3   1   2   2 -0.11056449906909D-14  0.12473295686134D-16
   3   1   1   3 -0.20695367956002D-07 -0.41722088424477D-16
   3   1   2   3 -0.20695369568694D-07  0.21824805491826D-15
   3   1   1   4  0.40946643676550D-10  0.27076443925171D-16
   3   1   2   4  0.21318578537849D-07 -0.14407857105194D-15
   1   2   3   1  0.11232690274587D-15  0.19882186620262D-16
   1   2   3   2  0.40954294107165D-10  0.00000000000000D+00
   1   2   1   3 -0.52484226503532D+01 -0.41532290261413D-16
   1   2   2   3  0.26242113251708D+01 -0.20516807156257D-16
   1   2   3   3 -0.40951332044264D-10  0.59828993880249D-16
   1   2   1   4 -0.31643613222968D+00 -0.23760863577876D-15
   1   2   2   4  0.15821806643087D+00  0.75715946495543D-16
   1   2   3   4 -0.30743898035614D-14 -0.57750040624343D-16
   1   2   2   6  0.00000000000000D+00  0.00000000000000D+00
   1   2   3   6  0.00000000000000D+00  0.00000000000000D+00
   2   2   3   1 -0.11056449906909D-14 -0.12473295686134D-16
   2   2   3   2 -0.40944618183244D-10  0.00000000000000D+00
   2   2   1   3  0.26242113242852D+01 -0.20516807156257D-16
   2   2   2   3 -0.52484226503532D+01  0.68268081726343D-16
   2   2   3   3  0.40945789769018D-10  0.63738692474859D-18
   2   2   1   4  0.15821806612017D+00  0.75715946495543D-16
   2   2   2   4 -0.31643613222967D+00  0.29397482535802D-15
   2   2   3   4 -0.65940782446896D-16  0.71329748089525D-16
   2   2   1   6  0.00000000000000D+00  0.00000000000000D+00
   2   2   3   6  0.00000000000000D+00  0.00000000000000D+00
   3   2   1   1  0.11232690274587D-15  0.19882186620262D-16
   3   2   2   1 -0.11056449906909D-14 -0.12473295686134D-16
   3   2   1   2  0.40954294107165D-10  0.00000000000000D+00
   3   2   2   2 -0.40944618183244D-10  0.00000000000000D+00
   3   2   1   3  0.21318579121726D-07  0.59828993880249D-16
   3   2   2   3  0.40945789769018D-10  0.63738692474859D-18
   3   2   1   4 -0.20695371057159D-07 -0.57750040624343D-16
   3   2   2   4 -0.20695368048710D-07  0.71329748089525D-16
   1   3   1   1 -0.31643613222968D+00 -0.27999976405949D-15
   1   3   2   1  0.15821806643087D+00  0.47385498987791D-16
   1   3   3   1 -0.20695367956002D-07  0.41722088424477D-16
   1   3   1   2 -0.52484226503532D+01  0.41532290261413D-16
   1   3   2   2  0.26242113242852D+01  0.20516807156257D-16
   1   3   3   2  0.21318579121726D-07 -0.59828993880249D-16
   1   3   1   3  0.54667949974389D+01  0.00000000000000D+00
   1   3   2   3 -0.27333974962355D+01  0.00000000000000D+00
   1   3   3   3  0.72858390570818D-07  0.00000000000000D+00
   1   3   1   4  0.98070822709307D-01 -0.33741613535246D-15
   1   3   2   4 -0.49035411881568D-01  0.82315592705474D-16
   1   3   3   4 -0.85330534032857D-07 -0.85780834158965D-16
   1   3   1   6 -0.50860877372615D+02  0.00000000000000D+00
   1   3   2   6 -0.14159281733206D-09  0.00000000000000D+00
   1   3   3   6 -0.13443609558905D-08  0.00000000000000D+00
   2   3   1   1  0.15821806612017D+00  0.47385498987791D-16
   2   3   2   1 -0.31643613222968D+00  0.14777864601599D-15
   2   3   3   1 -0.20695369568694D-07 -0.21824805491826D-15
   2   3   1   2  0.26242113251708D+01  0.20516807156257D-16
   2   3   2   2 -0.52484226503532D+01 -0.68268081726343D-16
   2   3   3   2  0.21400476243540D-07 -0.63738692474859D-18
   2   3   1   3 -0.27333974962355D+01  0.00000000000000D+00
   2   3   2   3  0.54667949974389D+01  0.00000000000000D+00
   2   3   3   3  0.72776502629977D-07  0.00000000000000D+00
   2   3   1   4 -0.49035411356617D-01  0.82315592705474D-16
   2   3   2   4  0.98070822709304D-01 -0.18744764356857D-15
   2   3   3   4 -0.85330541601138D-07 -0.35911790402868D-16
   2   3   1   6  0.14159281733206D-09  0.00000000000000D+00
   2   3   2   6 -0.50860877372473D+02  0.00000000000000D+00
   2   3   3   6 -0.13443609558905D-08  0.00000000000000D+00
   3   3   1   1  0.26767222829169D-16  0.41722088424477D-16
   3   3   2   1 -0.15859244657327D-14 -0.21824805491826D-15
   3   3   1   2 -0.40951332044264D-10 -0.59828993880249D-16
   3   3   2   2  0.40945789769018D-10 -0.63738692474859D-18
   3   3   1   3  0.72858390570818D-07  0.00000000000000D+00
   3   3   2   3  0.72776502629977D-07  0.00000000000000D+00
   3   3   1   4  0.55812470265296D-14 -0.85780834158965D-16
   3   3   2   4 -0.85330541601138D-07 -0.35911790402868D-16
   1   4   1   1 -0.52484226503532D+01 -0.29444183163339D-15
   1   4   2   1  0.26242113251708D+01  0.92955154589694D-16
   1   4   3   1  0.21400477097447D-07 -0.27076443925171D-16
   1   4   1   2 -0.31643613222968D+00  0.23760863577876D-15
   1   4   2   2  0.15821806612017D+00 -0.75715946495543D-16
   1   4   3   2 -0.20695371057159D-07  0.57750040624343D-16
   1   4   1   3  0.98070822709307D-01  0.33741613535246D-15
   1   4   2   3 -0.49035411356617D-01 -0.82315592705474D-16
   1   4   3   3 -0.85330534032857D-07  0.85780834158965D-16
   1   4   1   4  0.54667949974389D+01  0.00000000000000D+00
   1   4   2   4 -0.27333974962354D+01  0.00000000000000D+00
   1   4   3   4  0.72776495696254D-07  0.00000000000000D+00
   1   4   1   6 -0.50860877372473D+02  0.00000000000000D+00
   1   4   2   6  0.14159281733206D-09  0.00000000000000D+00
   1   4   3   6 -0.13443609558905D-08  0.00000000000000D+00
   2   4   1   1  0.26242113242851D+01  0.92955154589694D-16
   2   4   2   1 -0.52484226503532D+01  0.29066851211985D-15
   2   4   3   1  0.21318578537849D-07  0.14407857105194D-15
   2   4   1   2  0.15821806643087D+00 -0.75715946495543D-16
   2   4   2   2 -0.31643613222967D+00 -0.29397482535802D-15
   2   4   3   2 -0.20695368048710D-07 -0.71329748089525D-16
   2   4   1   3 -0.49035411881568D-01 -0.82315592705474D-16
   2   4   2   3  0.98070822709304D-01  0.18744764356857D-15
   2   4   3   3 -0.85330541601138D-07  0.35911790402868D-16
   2   4   1   4 -0.27333974962354D+01  0.00000000000000D+00
   2   4   2   4  0.54667949974389D+01  0.00000000000000D+00
   2   4   3   4  0.72858398815684D-07  0.00000000000000D+00
   2   4   1   6 -0.14159281733206D-09  0.00000000000000D+00
   2   4   2   6 -0.50860877372615D+02  0.00000000000000D+00
   2   4   3   6 -0.13443609558905D-08  0.00000000000000D+00
   3   4   1   1  0.40946643676550D-10 -0.27076443925171D-16
   3   4   2   1 -0.40951915921594D-10  0.14407857105194D-15
   3   4   1   2 -0.30743898035614D-14  0.57750040624343D-16
   3   4   2   2 -0.65940782446896D-16 -0.71329748089525D-16
   3   4   1   3 -0.85330534032857D-07  0.85780834158965D-16
   3   4   2   3 -0.19870339050122D-14  0.35911790402868D-16
   3   4   1   4  0.72776495696254D-07  0.00000000000000D+00
   3   4   2   4  0.72858398815684D-07  0.00000000000000D+00
   1   6   2   1  0.00000000000000D+00  0.00000000000000D+00
   1   6   2   2  0.00000000000000D+00  0.00000000000000D+00
   1   6   1   3 -0.50860877372615D+02  0.00000000000000D+00
   1   6   2   3  0.14159281733206D-09  0.00000000000000D+00
   1   6   1   4 -0.50860877372473D+02  0.00000000000000D+00
   1   6   2   4 -0.14159281733206D-09  0.00000000000000D+00
   1   6   3   6  0.00000000000000D+00  0.00000000000000D+00
   2   6   1   1  0.00000000000000D+00  0.00000000000000D+00
   2   6   1   2  0.00000000000000D+00  0.00000000000000D+00
   2   6   1   3 -0.14159281733206D-09  0.00000000000000D+00
   2   6   2   3 -0.50860877372473D+02  0.00000000000000D+00
   2   6   1   4  0.14159281733206D-09  0.00000000000000D+00
   2   6   2   4 -0.50860877372615D+02  0.00000000000000D+00
   2   6   3   6  0.00000000000000D+00  0.00000000000000D+00
   3   6   1   1  0.00000000000000D+00  0.00000000000000D+00
   3   6   2   1  0.00000000000000D+00  0.00000000000000D+00
   3   6   1   2  0.00000000000000D+00  0.00000000000000D+00
   3   6   2   2  0.00000000000000D+00  0.00000000000000D+00
   3   6   1   3 -0.13443609558905D-08  0.00000000000000D+00
   3   6   2   3 -0.13443609558905D-08  0.00000000000000D+00
   3   6   1   4 -0.13443609558905D-08  0.00000000000000D+00
   3   6   2   4 -0.13443609558905D-08  0.00000000000000D+00
   3   6   1   6  0.00000000000000D+00  0.00000000000000D+00
   3   6   2   6  0.00000000000000D+00  0.00000000000000D+00
