# RPA complex dielectric tensor (cart. coord.) without local fields
# Tolerance =  0.0200 0.0200
# npweps  = 59
# npwwfn  = 137
# nbands  = 6
# loband  = 2
# nkibz   = 512
# nkbz    = 512
# Lorentzian broadening =  0.1500 [eV]
# omega [eV] RE(eps_11) IM(eps_11) RE(eps_22)IM(eps_22) RE(eps_33) IM(eps_33) RE(eps_12) IM(eps_12)RE(eps_13) IM(eps_13) RE(eps_23) IM(eps_23))
  0.000  1.274735E+01  0.000000E+00  1.300112E+01  0.000000E+00  1.309935E+01  0.000000E+00 -3.171864E-01 -0.000000E+00 -1.849956E-02  0.000000E+00 -9.120054E-03 -0.000000E+00
  0.020  1.274770E+01  5.388671E-03  1.300149E+01  5.659331E-03  1.309973E+01  5.747782E-03 -3.172059E-01 -2.965519E-04 -1.850070E-02 -1.732937E-05 -9.120683E-03 -9.557286E-06
  0.040  1.274877E+01  1.077958E-02  1.300262E+01  1.132109E-02  1.310087E+01  1.149806E-02 -3.172645E-01 -5.933016E-04 -1.850413E-02 -3.467035E-05 -9.122569E-03 -1.912132E-05
  0.060  1.275056E+01  1.617496E-02  1.300449E+01  1.698772E-02  1.310277E+01  1.725332E-02 -3.173621E-01 -8.904470E-04 -1.850983E-02 -5.203456E-05 -9.125715E-03 -2.869885E-05
  0.080  1.275305E+01  2.157707E-02  1.300711E+01  2.266166E-02  1.310543E+01  2.301607E-02 -3.174990E-01 -1.188187E-03 -1.851783E-02 -6.943366E-05 -9.130121E-03 -3.829665E-05
  0.100  1.275627E+01  2.698814E-02  1.301048E+01  2.834536E-02  1.310886E+01  2.878882E-02 -3.176750E-01 -1.486721E-03 -1.852812E-02 -8.687937E-05 -9.135792E-03 -4.792154E-05
  0.120  1.276019E+01  3.241045E-02  1.301461E+01  3.404127E-02  1.311304E+01  3.457410E-02 -3.178905E-01 -1.786249E-03 -1.854070E-02 -1.043835E-04 -9.142731E-03 -5.758038E-05
  0.140  1.276484E+01  3.784626E-02  1.301949E+01  3.975187E-02  1.311800E+01  4.037443E-02 -3.181454E-01 -2.086976E-03 -1.855560E-02 -1.219579E-04 -9.150943E-03 -6.728007E-05
  0.160  1.277021E+01  4.329788E-02  1.302512E+01  4.547967E-02  1.312372E+01  4.619238E-02 -3.184400E-01 -2.389104E-03 -1.857282E-02 -1.396145E-04 -9.160434E-03 -7.702761E-05
  0.180  1.277630E+01  4.876760E-02  1.303152E+01  5.122716E-02  1.313022E+01  5.203053E-02 -3.187745E-01 -2.692840E-03 -1.859236E-02 -1.573656E-04 -9.171210E-03 -8.683004E-05
  0.200  1.278311E+01  5.425776E-02  1.303867E+01  5.699689E-02  1.313748E+01  5.789146E-02 -3.191490E-01 -2.998394E-03 -1.861425E-02 -1.752234E-04 -9.183279E-03 -9.669452E-05
  0.220  1.279065E+01  5.977071E-02  1.304659E+01  6.279142E-02  1.314553E+01  6.377782E-02 -3.195639E-01 -3.305979E-03 -1.863849E-02 -1.932004E-04 -9.196649E-03 -1.066283E-04
  0.240  1.279892E+01  6.530883E-02  1.305528E+01  6.861335E-02  1.315435E+01  6.969227E-02 -3.200194E-01 -3.615808E-03 -1.866511E-02 -2.113092E-04 -9.211331E-03 -1.166388E-04
  0.260  1.280793E+01  7.087452E-02  1.306474E+01  7.446530E-02  1.316396E+01  7.563749E-02 -3.205158E-01 -3.928103E-03 -1.869412E-02 -2.295627E-04 -9.227333E-03 -1.267335E-04
  0.280  1.281767E+01  7.647024E-02  1.307498E+01  8.034994E-02  1.317436E+01  8.161622E-02 -3.210535E-01 -4.243085E-03 -1.872554E-02 -2.479740E-04 -9.244668E-03 -1.369200E-04
  0.300  1.282816E+01  8.209845E-02  1.308599E+01  8.626996E-02  1.318554E+01  8.763124E-02 -3.216328E-01 -4.560983E-03 -1.875939E-02 -2.665565E-04 -9.263348E-03 -1.472061E-04
  0.320  1.283939E+01  8.776167E-02  1.309779E+01  9.222813E-02  1.319753E+01  9.368536E-02 -3.222541E-01 -4.882029E-03 -1.879570E-02 -2.853238E-04 -9.283386E-03 -1.575999E-04
  0.340  1.285138E+01  9.346246E-02  1.311038E+01  9.822722E-02  1.321032E+01  9.978144E-02 -3.229178E-01 -5.206461E-03 -1.883449E-02 -3.042900E-04 -9.304797E-03 -1.681095E-04
  0.360  1.286412E+01  9.920342E-02  1.312377E+01  1.042701E-01  1.322391E+01  1.059224E-01 -3.236243E-01 -5.534523E-03 -1.887578E-02 -3.234693E-04 -9.327596E-03 -1.787433E-04
  0.380  1.287762E+01  1.049872E-01  1.313795E+01  1.103596E-01  1.323832E+01  1.121113E-01 -3.243743E-01 -5.866464E-03 -1.891961E-02 -3.428764E-04 -9.351799E-03 -1.895098E-04
  0.400  1.289189E+01  1.108165E-01  1.315295E+01  1.164988E-01  1.325356E+01  1.183510E-01 -3.251681E-01 -6.202541E-03 -1.896600E-02 -3.625264E-04 -9.377425E-03 -2.004179E-04
  0.420  1.290693E+01  1.166941E-01  1.316876E+01  1.226907E-01  1.326962E+01  1.246448E-01 -3.260063E-01 -6.543017E-03 -1.901499E-02 -3.824348E-04 -9.404492E-03 -2.114767E-04
  0.440  1.292275E+01  1.226227E-01  1.318539E+01  1.289383E-01  1.328651E+01  1.309958E-01 -3.268896E-01 -6.888163E-03 -1.906662E-02 -4.026175E-04 -9.433020E-03 -2.226956E-04
  0.460  1.293936E+01  1.286054E-01  1.320285E+01  1.352448E-01  1.330425E+01  1.374072E-01 -3.278185E-01 -7.238258E-03 -1.912091E-02 -4.230910E-04 -9.463030E-03 -2.340841E-04
  0.480  1.295676E+01  1.346449E-01  1.322114E+01  1.416134E-01  1.332283E+01  1.438823E-01 -3.287937E-01 -7.593592E-03 -1.917790E-02 -4.438721E-04 -9.494546E-03 -2.456522E-04
  0.500  1.297497E+01  1.407444E-01  1.324029E+01  1.480476E-01  1.334228E+01  1.504246E-01 -3.298158E-01 -7.954460E-03 -1.923765E-02 -4.649785E-04 -9.527589E-03 -2.574103E-04
  0.520  1.299398E+01  1.469070E-01  1.326028E+01  1.545506E-01  1.336260E+01  1.570376E-01 -3.308857E-01 -8.321172E-03 -1.930018E-02 -4.864281E-04 -9.562187E-03 -2.693690E-04
  0.540  1.301381E+01  1.531357E-01  1.328114E+01  1.611260E-01  1.338379E+01  1.637249E-01 -3.320040E-01 -8.694044E-03 -1.936556E-02 -5.082398E-04 -9.598364E-03 -2.815393E-04
  0.560  1.303447E+01  1.594340E-01  1.330287E+01  1.677773E-01  1.340587E+01  1.704902E-01 -3.331717E-01 -9.073406E-03 -1.943381E-02 -5.304329E-04 -9.636150E-03 -2.939327E-04
  0.580  1.305596E+01  1.658050E-01  1.332548E+01  1.745083E-01  1.342884E+01  1.773373E-01 -3.343895E-01 -9.459601E-03 -1.950500E-02 -5.530275E-04 -9.675573E-03 -3.065610E-04
  0.600  1.307830E+01  1.722523E-01  1.334899E+01  1.813229E-01  1.345273E+01  1.842700E-01 -3.356584E-01 -9.852983E-03 -1.957918E-02 -5.760445E-04 -9.716664E-03 -3.194367E-04
  0.620  1.310150E+01  1.787795E-01  1.337340E+01  1.882248E-01  1.347754E+01  1.912925E-01 -3.369792E-01 -1.025392E-02 -1.965639E-02 -5.995057E-04 -9.759457E-03 -3.325725E-04
  0.640  1.312556E+01  1.853901E-01  1.339873E+01  1.952182E-01  1.350327E+01  1.984090E-01 -3.383531E-01 -1.066279E-02 -1.973671E-02 -6.234336E-04 -9.803984E-03 -3.459818E-04
  0.660  1.315050E+01  1.920880E-01  1.342498E+01  2.023073E-01  1.352996E+01  2.056237E-01 -3.397810E-01 -1.108001E-02 -1.982020E-02 -6.478516E-04 -9.850282E-03 -3.596785E-04
  0.680  1.317633E+01  1.988770E-01  1.345218E+01  2.094963E-01  1.355759E+01  2.129410E-01 -3.412641E-01 -1.150597E-02 -1.990690E-02 -6.727842E-04 -9.898390E-03 -3.736771E-04
  0.700  1.320306E+01  2.057612E-01  1.348033E+01  2.167897E-01  1.358620E+01  2.203657E-01 -3.428034E-01 -1.194112E-02 -1.999691E-02 -6.982570E-04 -9.948345E-03 -3.879928E-04
  0.720  1.323071E+01  2.127447E-01  1.350944E+01  2.241923E-01  1.361580E+01  2.279024E-01 -3.444002E-01 -1.238590E-02 -2.009027E-02 -7.242966E-04 -1.000019E-02 -4.026415E-04
  0.740  1.325928E+01  2.198318E-01  1.353954E+01  2.317086E-01  1.364640E+01  2.355561E-01 -3.460558E-01 -1.284079E-02 -2.018708E-02 -7.509308E-04 -1.005397E-02 -4.176397E-04
  0.760  1.328879E+01  2.270270E-01  1.357064E+01  2.393438E-01  1.367801E+01  2.433320E-01 -3.477715E-01 -1.330628E-02 -2.028740E-02 -7.781886E-04 -1.010973E-02 -4.330047E-04
  0.780  1.331926E+01  2.343349E-01  1.360275E+01  2.471030E-01  1.371065E+01  2.512352E-01 -3.495486E-01 -1.378289E-02 -2.039133E-02 -8.061005E-04 -1.016751E-02 -4.487546E-04
  0.800  1.335069E+01  2.417603E-01  1.363589E+01  2.549914E-01  1.374434E+01  2.592714E-01 -3.513886E-01 -1.427115E-02 -2.049894E-02 -8.346983E-04 -1.022737E-02 -4.649085E-04
  0.820  1.338312E+01  2.493080E-01  1.367008E+01  2.630147E-01  1.377910E+01  2.674462E-01 -3.532931E-01 -1.477163E-02 -2.061032E-02 -8.640154E-04 -1.028937E-02 -4.814864E-04
  0.840  1.341654E+01  2.569833E-01  1.370533E+01  2.711785E-01  1.381494E+01  2.757657E-01 -3.552637E-01 -1.528493E-02 -2.072557E-02 -8.940868E-04 -1.035355E-02 -4.985091E-04
  0.860  1.345098E+01  2.647915E-01  1.374166E+01  2.794890E-01  1.385188E+01  2.842360E-01 -3.573019E-01 -1.581166E-02 -2.084478E-02 -9.249492E-04 -1.041997E-02 -5.159987E-04
  0.880  1.348646E+01  2.727381E-01  1.377909E+01  2.879524E-01  1.388995E+01  2.928635E-01 -3.594096E-01 -1.635248E-02 -2.096807E-02 -9.566412E-04 -1.048869E-02 -5.339784E-04
  0.900  1.352299E+01  2.808289E-01  1.381765E+01  2.965750E-01  1.392916E+01  3.016551E-01 -3.615887E-01 -1.690808E-02 -2.109554E-02 -9.892033E-04 -1.055979E-02 -5.524724E-04
  0.920  1.356060E+01  2.890700E-01  1.385735E+01  3.053638E-01  1.396954E+01  3.106176E-01 -3.638409E-01 -1.747917E-02 -2.122729E-02 -1.022678E-03 -1.063332E-02 -5.715065E-04
  0.940  1.359930E+01  2.974676E-01  1.389822E+01  3.143258E-01  1.401110E+01  3.197584E-01 -3.661684E-01 -1.806651E-02 -2.136346E-02 -1.057111E-03 -1.070935E-02 -5.911076E-04
  0.960  1.363911E+01  3.060282E-01  1.394027E+01  3.234684E-01  1.405388E+01  3.290852E-01 -3.685733E-01 -1.867091E-02 -2.150416E-02 -1.092549E-03 -1.078796E-02 -6.113043E-04
  0.980  1.368006E+01  3.147586E-01  1.398353E+01  3.327992E-01  1.409789E+01  3.386060E-01 -3.710577E-01 -1.929321E-02 -2.164952E-02 -1.129041E-03 -1.086923E-02 -6.321267E-04
  1.000  1.372216E+01  3.236660E-01  1.402804E+01  3.423264E-01  1.414316E+01  3.483290E-01 -3.736241E-01 -1.993430E-02 -2.179969E-02 -1.166641E-03 -1.095323E-02 -6.536065E-04
  1.020  1.376545E+01  3.327578E-01  1.407380E+01  3.520583E-01  1.418972E+01  3.582630E-01 -3.762747E-01 -2.059511E-02 -2.195480E-02 -1.205405E-03 -1.104006E-02 -6.757775E-04
  1.040  1.380994E+01  3.420416E-01  1.412085E+01  3.620038E-01  1.423760E+01  3.684173E-01 -3.790123E-01 -2.127665E-02 -2.211501E-02 -1.245390E-03 -1.112980E-02 -6.986751E-04
  1.060  1.385566E+01  3.515257E-01  1.416922E+01  3.721722E-01  1.428682E+01  3.788013E-01 -3.818394E-01 -2.197995E-02 -2.228047E-02 -1.286659E-03 -1.122254E-02 -7.223371E-04
  1.080  1.390264E+01  3.612185E-01  1.421894E+01  3.825732E-01  1.433741E+01  3.894251E-01 -3.847589E-01 -2.270613E-02 -2.245135E-02 -1.329278E-03 -1.131839E-02 -7.468033E-04
  1.100  1.395090E+01  3.711290E-01  1.427003E+01  3.932168E-01  1.438941E+01  4.002993E-01 -3.877738E-01 -2.345636E-02 -2.262782E-02 -1.373316E-03 -1.141744E-02 -7.721162E-04
  1.120  1.400047E+01  3.812664E-01  1.432253E+01  4.041138E-01  1.444285E+01  4.114350E-01 -3.908871E-01 -2.423189E-02 -2.281008E-02 -1.418848E-03 -1.151981E-02 -7.983207E-04
  1.140  1.405139E+01  3.916406E-01  1.437647E+01  4.152754E-01  1.449777E+01  4.228439E-01 -3.941021E-01 -2.503405E-02 -2.299830E-02 -1.465951E-03 -1.162561E-02 -8.254644E-04
  1.160  1.410367E+01  4.022618E-01  1.443189E+01  4.267135E-01  1.455418E+01  4.345381E-01 -3.974223E-01 -2.586422E-02 -2.319269E-02 -1.514709E-03 -1.173496E-02 -8.535983E-04
  1.180  1.415737E+01  4.131407E-01  1.448881E+01  4.384404E-01  1.461215E+01  4.465307E-01 -4.008511E-01 -2.672391E-02 -2.339347E-02 -1.565211E-03 -1.184799E-02 -8.827764E-04
  1.200  1.421250E+01  4.242888E-01  1.454729E+01  4.504692E-01  1.467170E+01  4.588352E-01 -4.043925E-01 -2.761469E-02 -2.360086E-02 -1.617549E-03 -1.196484E-02 -9.130562E-04
  1.220  1.426911E+01  4.357180E-01  1.460736E+01  4.628137E-01  1.473287E+01  4.714660E-01 -4.080504E-01 -2.853825E-02 -2.381509E-02 -1.671825E-03 -1.208563E-02 -9.444990E-04
  1.240  1.432722E+01  4.474407E-01  1.466906E+01  4.754884E-01  1.479571E+01  4.844383E-01 -4.118290E-01 -2.949639E-02 -2.403641E-02 -1.728146E-03 -1.221053E-02 -9.771705E-04
  1.260  1.438689E+01  4.594703E-01  1.473243E+01  4.885087E-01  1.486027E+01  4.977680E-01 -4.157327E-01 -3.049103E-02 -2.426508E-02 -1.786624E-03 -1.233968E-02 -1.011140E-03
  1.280  1.444814E+01  4.718207E-01  1.479751E+01  5.018909E-01  1.492658E+01  5.114721E-01 -4.197662E-01 -3.152420E-02 -2.450138E-02 -1.847381E-03 -1.247325E-02 -1.046484E-03
  1.300  1.451103E+01  4.845066E-01  1.486437E+01  5.156520E-01  1.499470E+01  5.255684E-01 -4.239344E-01 -3.259808E-02 -2.474560E-02 -1.910547E-03 -1.261142E-02 -1.083280E-03
  1.320  1.457559E+01  4.975436E-01  1.493303E+01  5.298102E-01  1.506467E+01  5.400760E-01 -4.282424E-01 -3.371501E-02 -2.499804E-02 -1.976262E-03 -1.275438E-02 -1.121616E-03
  1.340  1.464187E+01  5.109481E-01  1.500356E+01  5.443849E-01  1.513655E+01  5.550148E-01 -4.326958E-01 -3.487748E-02 -2.525902E-02 -2.044672E-03 -1.290231E-02 -1.161582E-03
  1.360  1.470991E+01  5.247374E-01  1.507601E+01  5.593963E-01  1.521040E+01  5.704063E-01 -4.373003E-01 -3.608817E-02 -2.552890E-02 -2.115938E-03 -1.305541E-02 -1.203278E-03
  1.380  1.477978E+01  5.389301E-01  1.515044E+01  5.748661E-01  1.528628E+01  5.862731E-01 -4.420620E-01 -3.734993E-02 -2.580803E-02 -2.190230E-03 -1.321392E-02 -1.246809E-03
  1.400  1.485151E+01  5.535455E-01  1.522689E+01  5.908174E-01  1.536424E+01  6.026393E-01 -4.469874E-01 -3.866584E-02 -2.609678E-02 -2.267732E-03 -1.337806E-02 -1.292290E-03
  1.420  1.492517E+01  5.686044E-01  1.530545E+01  6.072746E-01  1.544435E+01  6.195303E-01 -4.520832E-01 -4.003921E-02 -2.639557E-02 -2.348640E-03 -1.354807E-02 -1.339842E-03
  1.440  1.500080E+01  5.841289E-01  1.538616E+01  6.242636E-01  1.552667E+01  6.369736E-01 -4.573567E-01 -4.147359E-02 -2.670482E-02 -2.433166E-03 -1.372422E-02 -1.389599E-03
  1.460  1.507848E+01  6.001421E-01  1.546911E+01  6.418124E-01  1.561129E+01  6.549983E-01 -4.628155E-01 -4.297279E-02 -2.702499E-02 -2.521538E-03 -1.390677E-02 -1.441703E-03
  1.480  1.515826E+01  6.166690E-01  1.555435E+01  6.599504E-01  1.569826E+01  6.736353E-01 -4.684678E-01 -4.454094E-02 -2.735656E-02 -2.614003E-03 -1.409602E-02 -1.496308E-03
  1.500  1.524022E+01  6.337359E-01  1.564198E+01  6.787093E-01  1.578768E+01  6.929178E-01 -4.743221E-01 -4.618249E-02 -2.770002E-02 -2.710827E-03 -1.429228E-02 -1.553580E-03
  1.520  1.532441E+01  6.513712E-01  1.573205E+01  6.981229E-01  1.587961E+01  7.128814E-01 -4.803876E-01 -4.790225E-02 -2.805594E-02 -2.812296E-03 -1.449588E-02 -1.613702E-03
  1.540  1.541091E+01  6.696049E-01  1.582467E+01  7.182272E-01  1.597416E+01  7.335640E-01 -4.866740E-01 -4.970540E-02 -2.842488E-02 -2.918722E-03 -1.470717E-02 -1.676867E-03
  1.560  1.549980E+01  6.884691E-01  1.591991E+01  7.390610E-01  1.607141E+01  7.550064E-01 -4.931915E-01 -5.159757E-02 -2.880745E-02 -3.030442E-03 -1.492652E-02 -1.743291E-03
  1.580  1.559116E+01  7.079981E-01  1.601787E+01  7.606660E-01  1.617145E+01  7.772524E-01 -4.999512E-01 -5.358488E-02 -2.920430E-02 -3.147821E-03 -1.515433E-02 -1.813202E-03
  1.600  1.568507E+01  7.282289E-01  1.611864E+01  7.830867E-01  1.627438E+01  8.003490E-01 -5.069647E-01 -5.567394E-02 -2.961614E-02 -3.271256E-03 -1.539103E-02 -1.886855E-03
  1.620  1.578162E+01  7.492008E-01  1.622233E+01  8.063712E-01  1.638033E+01  8.243469E-01 -5.142445E-01 -5.787196E-02 -3.004369E-02 -3.401179E-03 -1.563707E-02 -1.964523E-03
  1.640  1.588091E+01  7.709561E-01  1.632905E+01  8.305711E-01  1.648938E+01  8.493006E-01 -5.218038E-01 -6.018679E-02 -3.048774E-02 -3.538063E-03 -1.589294E-02 -2.046506E-03
  1.660  1.598303E+01  7.935404E-01  1.643891E+01  8.557422E-01  1.660168E+01  8.752692E-01 -5.296568E-01 -6.262698E-02 -3.094915E-02 -3.682419E-03 -1.615914E-02 -2.133134E-03
  1.680  1.608809E+01  8.170026E-01  1.655204E+01  8.819448E-01  1.671734E+01  9.023162E-01 -5.378186E-01 -6.520188E-02 -3.142880E-02 -3.834811E-03 -1.643624E-02 -2.224765E-03
  1.700  1.619620E+01  8.413954E-01  1.666855E+01  9.092441E-01  1.683649E+01  9.305108E-01 -5.463054E-01 -6.792171E-02 -3.192766E-02 -3.995852E-03 -1.672484E-02 -2.321795E-03
  1.720  1.630747E+01  8.667759E-01  1.678860E+01  9.377106E-01  1.695928E+01  9.599277E-01 -5.551346E-01 -7.079766E-02 -3.244677E-02 -4.166218E-03 -1.702556E-02 -2.424658E-03
  1.740  1.642204E+01  8.932054E-01  1.691231E+01  9.674208E-01  1.708586E+01  9.906481E-01 -5.643247E-01 -7.384202E-02 -3.298723E-02 -4.346648E-03 -1.733910E-02 -2.533832E-03
  1.760  1.654002E+01  9.207505E-01  1.703985E+01  9.984582E-01  1.721639E+01  1.022761E+00 -5.738956E-01 -7.706831E-02 -3.355022E-02 -4.537956E-03 -1.766618E-02 -2.649844E-03
  1.780  1.666156E+01  9.494835E-01  1.717137E+01  1.030913E+00  1.735104E+01  1.056361E+00 -5.838687E-01 -8.049138E-02 -3.413701E-02 -4.741041E-03 -1.800761E-02 -2.773278E-03
  1.800  1.678680E+01  9.794826E-01  1.730705E+01  1.064885E+00  1.748998E+01  1.091556E+00 -5.942670E-01 -8.412764E-02 -3.474898E-02 -4.956894E-03 -1.836423E-02 -2.904780E-03
  1.820  1.691590E+01  1.010833E+00  1.744707E+01  1.100481E+00  1.763342E+01  1.128459E+00 -6.051150E-01 -8.799524E-02 -3.538761E-02 -5.186611E-03 -1.873695E-02 -3.045066E-03
  1.840  1.704902E+01  1.043627E+00  1.759163E+01  1.137819E+00  1.778155E+01  1.167197E+00 -6.164394E-01 -9.211424E-02 -3.605446E-02 -5.431409E-03 -1.912678E-02 -3.194934E-03
  1.860  1.718634E+01  1.077967E+00  1.774094E+01  1.177031E+00  1.793459E+01  1.207909E+00 -6.282689E-01 -9.650695E-02 -3.675126E-02 -5.692638E-03 -1.953478E-02 -3.355274E-03
  1.880  1.732805E+01  1.113964E+00  1.789521E+01  1.218257E+00  1.809279E+01  1.250747E+00 -6.406343E-01 -1.011981E-01 -3.747985E-02 -5.971801E-03 -1.996211E-02 -3.527078E-03
  1.900  1.747434E+01  1.151737E+00  1.805469E+01  1.261656E+00  1.825637E+01  1.295879E+00 -6.535690E-01 -1.062154E-01 -3.824222E-02 -6.270576E-03 -2.041002E-02 -3.711459E-03
  1.920  1.762543E+01  1.191422E+00  1.821963E+01  1.307400E+00  1.842562E+01  1.343493E+00 -6.671090E-01 -1.115896E-01 -3.904053E-02 -6.590841E-03 -2.087986E-02 -3.909665E-03
  1.940  1.778153E+01  1.233163E+00  1.839030E+01  1.355682E+00  1.860082E+01  1.393793E+00 -6.812934E-01 -1.173553E-01 -3.987710E-02 -6.934697E-03 -2.137309E-02 -4.123102E-03
  1.960  1.794291E+01  1.277124E+00  1.856699E+01  1.406714E+00  1.878226E+01  1.447011E+00 -6.961643E-01 -1.235512E-01 -4.075447E-02 -7.304511E-03 -2.189133E-02 -4.353355E-03
  1.980  1.810980E+01  1.323483E+00  1.875001E+01  1.460735E+00  1.897029E+01  1.503402E+00 -7.117675E-01 -1.302210E-01 -4.167537E-02 -7.702945E-03 -2.243628E-02 -4.602218E-03
  2.000  1.828250E+01  1.372437E+00  1.893971E+01  1.518007E+00  1.916526E+01  1.563251E+00 -7.281526E-01 -1.374138E-01 -4.264276E-02 -8.133011E-03 -2.300984E-02 -4.871729E-03
  2.020  1.846129E+01  1.424206E+00  1.913643E+01  1.578827E+00  1.936753E+01  1.626879E+00 -7.453734E-01 -1.451853E-01 -4.365986E-02 -8.598118E-03 -2.361403E-02 -5.164203E-03
  2.040  1.864649E+01  1.479036E+00  1.934056E+01  1.643527E+00  1.957752E+01  1.694646E+00 -7.634885E-01 -1.535986E-01 -4.473018E-02 -9.102143E-03 -2.425108E-02 -5.482286E-03
  2.060  1.883844E+01  1.537199E+00  1.955252E+01  1.712479E+00  1.979566E+01  1.766959E+00 -7.825611E-01 -1.627256E-01 -4.585750E-02 -9.649503E-03 -2.492339E-02 -5.829008E-03
  2.080  1.903752E+01  1.599002E+00  1.977276E+01  1.786106E+00  2.002243E+01  1.844277E+00 -8.026603E-01 -1.726482E-01 -4.704593E-02 -1.024525E-02 -2.563358E-02 -6.207849E-03
  2.100  1.924411E+01  1.664789E+00  2.000175E+01  1.864884E+00  2.025832E+01  1.927123E+00 -8.238608E-01 -1.834602E-01 -4.829995E-02 -1.089518E-02 -2.638449E-02 -6.622821E-03
  2.120  1.945863E+01  1.734948E+00  2.024001E+01  1.949355E+00  2.050389E+01  2.016091E+00 -8.462439E-01 -1.952695E-01 -4.962438E-02 -1.160596E-02 -2.717919E-02 -7.078567E-03
  2.140  1.968154E+01  1.809916E+00  2.048810E+01  2.040140E+00  2.075970E+01  2.111861E+00 -8.698974E-01 -2.082003E-01 -5.102447E-02 -1.238529E-02 -2.802101E-02 -7.580479E-03
  2.160  1.991334E+01  1.890191E+00  2.074661E+01  2.137946E+00  2.102638E+01  2.215215E+00 -8.949167E-01 -2.223962E-01 -5.250585E-02 -1.324212E-02 -2.891353E-02 -8.134842E-03
  2.180  2.015454E+01  1.976339E+00  2.101617E+01  2.243586E+00  2.130460E+01  2.327053E+00 -9.214042E-01 -2.380239E-01 -5.407458E-02 -1.418682E-02 -2.986061E-02 -8.749011E-03
  2.200  2.040571E+01  2.069005E+00  2.129748E+01  2.358002E+00  2.159505E+01  2.448418E+00 -9.494703E-01 -2.552777E-01 -5.573714E-02 -1.523153E-02 -3.086634E-02 -9.431634E-03
  2.220  2.066746E+01  2.168933E+00  2.159125E+01  2.482281E+00  2.189848E+01  2.580518E+00 -9.792326E-01 -2.743849E-01 -5.750039E-02 -1.639049E-02 -3.193507E-02 -1.019292E-02
  2.240  2.094043E+01  2.276975E+00  2.189825E+01  2.617689E+00  2.221565E+01  2.724766E+00 -1.010816E+00 -2.956120E-01 -5.937149E-02 -1.768043E-02 -3.307132E-02 -1.104496E-02
  2.260  2.122532E+01  2.394120E+00  2.221927E+01  2.765705E+00  2.254736E+01  2.882813E+00 -1.044350E+00 -3.192732E-01 -6.135782E-02 -1.912114E-02 -3.427972E-02 -1.200220E-02
  2.280  2.152285E+01  2.521513E+00  2.255513E+01  2.928062E+00  2.289438E+01  3.056595E+00 -1.079969E+00 -3.457405E-01 -6.346677E-02 -2.073607E-02 -3.556488E-02 -1.308192E-02
  2.300  2.183379E+01  2.660490E+00  2.290666E+01  3.106800E+00  2.325747E+01  3.248391E+00 -1.117806E+00 -3.754550E-01 -6.570540E-02 -2.255312E-02 -3.693116E-02 -1.430495E-02
  2.320  2.215895E+01  2.812617E+00  2.327463E+01  3.304324E+00  2.363729E+01  3.460882E+00 -1.157988E+00 -4.089427E-01 -6.807997E-02 -2.460558E-02 -3.838231E-02 -1.569656E-02
  2.340  2.249913E+01  2.979732E+00  2.365978E+01  3.523480E+00  2.403433E+01  3.697215E+00 -1.200627E+00 -4.468319E-01 -7.059518E-02 -2.693324E-02 -3.992092E-02 -1.728761E-02
  2.360  2.285515E+01  3.164002E+00  2.406266E+01  3.767635E+00  2.444885E+01  3.961075E+00 -1.245806E+00 -4.898752E-01 -7.325306E-02 -2.958372E-02 -4.154748E-02 -1.911610E-02
  2.380  2.322776E+01  3.367995E+00  2.448360E+01  4.040768E+00  2.488064E+01  4.256728E+00 -1.293555E+00 -5.389752E-01 -7.605129E-02 -3.261399E-02 -4.325883E-02 -2.122917E-02
  2.400  2.361764E+01  3.594756E+00  2.492247E+01  4.347559E+00  2.532893E+01  4.589038E+00 -1.343826E+00 -5.952143E-01 -7.898077E-02 -3.609194E-02 -4.504552E-02 -2.368571E-02
  2.420  2.402525E+01  3.847899E+00  2.537855E+01  4.693465E+00  2.579206E+01  4.963411E+00 -1.396441E+00 -6.598872E-01 -8.202220E-02 -4.009800E-02 -4.688720E-02 -2.655953E-02
  2.440  2.445078E+01  4.131717E+00  2.585017E+01  5.084743E+00  2.626732E+01  5.385625E+00 -1.451033E+00 -7.345345E-01 -8.514132E-02 -4.472633E-02 -4.874472E-02 -2.994238E-02
  2.460  2.489390E+01  4.451285E+00  2.633435E+01  5.528387E+00  2.675077E+01  5.861553E+00 -1.506956E+00 -8.209711E-01 -8.828248E-02 -5.008519E-02 -5.054724E-02 -3.394512E-02
  2.480  2.535352E+01  4.812555E+00  2.682643E+01  6.031909E+00  2.723730E+01  6.396822E+00 -1.563162E+00 -9.213037E-01 -9.136041E-02 -5.629565E-02 -5.217303E-02 -3.869251E-02
  2.500  2.582741E+01  5.222410E+00  2.731965E+01  6.602927E+00  2.772101E+01  6.996675E+00 -1.618052E+00 -1.037925E+00 -9.425015E-02 -6.348760E-02 -5.342666E-02 -4.430436E-02
  2.520  2.631171E+01  5.688616E+00  2.780507E+01  7.248604E+00  2.819561E+01  7.666360E+00 -1.669282E+00 -1.173476E+00 -9.677554E-02 -7.179130E-02 -5.402329E-02 -5.085627E-02
  2.540  2.680029E+01  6.219577E+00  2.827172E+01  7.975164E+00  2.865430E+01  8.412236E+00 -1.713532E+00 -1.330769E+00 -9.869781E-02 -8.132240E-02 -5.359974E-02 -5.832439E-02
  2.560  2.728403E+01  6.823788E+00  2.870690E+01  8.787901E+00  2.908828E+01  9.243009E+00 -1.746187E+00 -1.512652E+00 -9.970870E-02 -9.215836E-02 -5.176534E-02 -6.654139E-02
  2.580  2.775021E+01  7.508842E+00  2.909597E+01  9.691886E+00  2.948375E+01  1.016972E+01 -1.760898E+00 -1.721747E+00 -9.943527E-02 -1.043085E-01 -4.816985E-02 -7.519920E-02
  2.600  2.818217E+01  8.279931E+00  2.942037E+01  1.069259E+01  2.981851E+01  1.120323E+01 -1.748955E+00 -1.959865E+00 -9.746152E-02 -1.176884E-01 -4.253069E-02 -8.389234E-02
  2.620  2.855973E+01  9.137978E+00  2.965394E+01  1.179432E+01  3.006012E+01  1.234927E+01 -1.698677E+00 -2.226748E+00 -9.335852E-02 -1.321132E-01 -3.459658E-02 -9.212337E-02
  2.640  2.886059E+01  1.007782E+01  2.975973E+01  1.299435E+01  3.016690E+01  1.360177E+01 -1.595421E+00 -2.517883E+00 -8.669881E-02 -1.473130E-01 -2.413836E-02 -9.919652E-02
  2.660  2.906253E+01  1.108698E+01  2.969158E+01  1.427324E+01  3.009299E+01  1.493621E+01 -1.423160E+00 -2.821707E+00 -7.703298E-02 -1.629431E-01 -1.112126E-02 -1.040661E-01
  2.680  2.914636E+01  1.214538E+01  2.940366E+01  1.558543E+01  2.979810E+01  1.630532E+01 -1.168447E+00 -3.117474E+00 -6.383444E-02 -1.785443E-01  3.906118E-03 -1.053766E-01
  2.700  2.909906E+01  1.322629E+01  2.886780E+01  1.685677E+01  2.926080E+01  1.764118E+01 -8.263655E-01 -3.375889E+00 -4.646361E-02 -1.934076E-01  1.944962E-02 -1.019214E-01
  2.720  2.891673E+01  1.429906E+01  2.809252E+01  1.799497E+01  2.848989E+01  1.886644E+01 -4.060715E-01 -3.564226E+00 -2.425698E-02 -2.063421E-01  3.317893E-02 -9.343178E-02
  2.740  2.860588E+01  1.533365E+01  2.713342E+01  1.891332E+01  2.752660E+01  1.991214E+01  6.784468E-02 -3.655263E+00  3.129684E-03 -2.154550E-01  4.274171E-02 -8.114909E-02
  2.760  2.818156E+01  1.630537E+01  2.608558E+01  1.955909E+01  2.643461E+01  2.073277E+01  5.607563E-01 -3.635906E+00  3.510417E-02 -2.182167E-01  4.687936E-02 -6.757925E-02
  2.780  2.766288E+01  1.719735E+01  2.505775E+01  1.993203E+01  2.528426E+01  2.131083E+01  1.038403E+00 -3.510079E+00  6.954320E-02 -2.121005E-01  4.603522E-02 -5.544845E-02
  2.800  2.706877E+01  1.799947E+01  2.414012E+01  2.008183E+01  2.414071E+01  2.165136E+01  1.476310E+00 -3.293549E+00  1.027961E-01 -1.957078E-01  4.202016E-02 -4.656192E-02
  2.820  2.641574E+01  1.870550E+01  2.338202E+01  2.008622E+01  2.306001E+01  2.177424E+01  1.862455E+00 -3.004186E+00  1.306076E-01 -1.697109E-01  3.704162E-02 -4.128383E-02
  2.840  2.571799E+01  1.930980E+01  2.278963E+01  2.002256E+01  2.208976E+01  2.171038E+01  2.192436E+00 -2.654259E+00  1.495257E-01 -1.368843E-01  3.277841E-02 -3.880689E-02
  2.860  2.498978E+01  1.980492E+01  2.234011E+01  1.994803E+01  2.126809E+01  2.150174E+01  2.461438E+00 -2.249143E+00  1.579132E-01 -1.011800E-01  2.997042E-02 -3.783169E-02
  2.880  2.424978E+01  2.018153E+01  2.200061E+01  1.989493E+01  2.061873E+01  2.120029E+01  2.658521E+00 -1.792187E+00  1.560543E-01 -6.651988E-02  2.850237E-02 -3.718498E-02
  2.900  2.352496E+01  2.043282E+01  2.174139E+01  1.987711E+01  2.014591E+01  2.086191E+01  2.766536E+00 -1.292050E+00  1.456074E-01 -3.601156E-02  2.773490E-02 -3.619444E-02
  2.920  2.284984E+01  2.056188E+01  2.153968E+01  1.989924E+01  1.983399E+01  2.053680E+01  2.767537E+00 -7.679357E-01  1.289946E-01 -1.171122E-02  2.692310E-02 -3.481358E-02
  2.940  2.225972E+01  2.058749E+01  2.137768E+01  1.996237E+01  1.965305E+01  2.026161E+01  2.650718E+00 -2.496005E-01  1.089982E-01  5.404430E-03  2.560640E-02 -3.350624E-02
  2.960  2.178076E+01  2.054370E+01  2.123987E+01  2.006508E+01  1.956705E+01  2.005613E+01  2.418612E+00  2.282230E-01  8.841879E-02  1.548851E-02  2.387266E-02 -3.293501E-02
  2.980  2.142244E+01  2.047303E+01  2.111238E+01  2.020256E+01  1.954130E+01  1.992435E+01  2.088096E+00  6.342968E-01  6.961503E-02  1.981778E-02  2.238597E-02 -3.349699E-02
  3.000  2.117547E+01  2.041686E+01  2.098404E+01  2.036590E+01  1.954781E+01  1.985765E+01  1.685746E+00  9.477177E-01  5.395573E-02  2.052105E-02  2.201690E-02 -3.490612E-02
  3.020  2.101507E+01  2.040654E+01  2.084850E+01  2.054235E+01  1.956908E+01  1.983896E+01  1.240655E+00  1.159948E+00  4.144023E-02  1.992804E-02  2.320237E-02 -3.622337E-02
  3.040  2.090798E+01  2.045763E+01  2.070662E+01  2.071717E+01  1.960076E+01  1.984823E+01  7.786007E-01  1.272405E+00  3.080801E-02  1.971524E-02  2.556986E-02 -3.642672E-02
  3.060  2.082124E+01  2.056833E+01  2.056791E+01  2.087774E+01  1.965166E+01  1.986964E+01  3.193554E-01  1.292132E+00  2.021092E-02  2.027448E-02  2.817923E-02 -3.504080E-02
  3.080  2.073040E+01  2.072247E+01  2.044887E+01  2.101861E+01  1.973921E+01  1.989832E+01 -1.231365E-01  1.227660E+00  8.157948E-03  2.066427E-02  3.012472E-02 -3.229896E-02
  3.100  2.062505E+01  2.089606E+01  2.036788E+01  2.114498E+01  1.988153E+01  1.994338E+01 -5.385721E-01  1.086294E+00 -5.741641E-03  1.919178E-02  3.096454E-02 -2.880755E-02
  3.120  2.051043E+01  2.106552E+01  2.033866E+01  2.127204E+01  2.008933E+01  2.002543E+01 -9.172439E-01  8.736353E-01 -2.061977E-02  1.431271E-02  3.072250E-02 -2.508585E-02
  3.140  2.040469E+01  2.121564E+01  2.036562E+01  2.142039E+01  2.036102E+01  2.017034E+01 -1.247824E+00  5.954606E-01 -3.480284E-02  5.348674E-03  2.958872E-02 -2.130886E-02
  3.160  2.033248E+01  2.134525E+01  2.044322E+01  2.161006E+01  2.068222E+01  2.040180E+01 -1.517505E+00  2.606915E-01 -4.653359E-02 -7.303309E-03  2.754378E-02 -1.735243E-02
  3.180  2.031609E+01  2.146866E+01  2.055846E+01  2.185589E+01  2.102908E+01  2.073529E+01 -1.714583E+00 -1.167230E-01 -5.455025E-02 -2.242500E-02  2.411660E-02 -1.314734E-02
  3.200  2.036698E+01  2.161180E+01  2.069491E+01  2.216536E+01  2.137370E+01  2.117489E+01 -1.831708E+00 -5.184457E-01 -5.832646E-02 -3.840807E-02  1.854830E-02 -9.187817E-03
  3.220  2.048078E+01  2.180385E+01  2.083642E+01  2.253872E+01  2.169008E+01  2.171309E+01 -1.867748E+00 -9.242537E-01 -5.806639E-02 -5.358705E-02  1.041768E-02 -6.736438E-03
  3.240  2.063835E+01  2.206695E+01  2.096987E+01  2.297007E+01  2.195914E+01  2.233311E+01 -1.827924E+00 -1.314583E+00 -5.470485E-02 -6.644478E-02  2.583226E-04 -7.390159E-03
  3.260  2.081356E+01  2.240837E+01  2.108793E+01  2.344881E+01  2.217242E+01  2.301316E+01 -1.723421E+00 -1.672452E+00 -4.999661E-02 -7.594038E-02 -1.037905E-02 -1.229552E-02
  3.280  2.098511E+01  2.281987E+01  2.119190E+01  2.396303E+01  2.233361E+01  2.373230E+01 -1.570929E+00 -1.985768E+00 -4.637749E-02 -8.215623E-02 -1.941615E-02 -2.157307E-02
  3.300  2.114562E+01  2.328581E+01  2.129223E+01  2.450542E+01  2.245687E+01  2.447667E+01 -1.390610E+00 -2.250387E+00 -4.612856E-02 -8.693627E-02 -2.494172E-02 -3.416433E-02
  3.320  2.130221E+01  2.379545E+01  2.140444E+01  2.507884E+01  2.256217E+01  2.524423E+01 -1.201441E+00 -2.471868E+00 -4.993161E-02 -9.369175E-02 -2.590854E-02 -4.807533E-02
  3.340  2.146827E+01  2.435132E+01  2.154252E+01  2.569766E+01  2.266880E+01  2.604684E+01 -1.015677E+00 -2.663539E+00 -5.581723E-02 -1.059173E-01 -2.264402E-02 -6.107432E-02
  3.360  2.165290E+01  2.496959E+01  2.171396E+01  2.638554E+01  2.278848E+01  2.690908E+01 -8.357584E-01 -2.841113E+00 -5.960129E-02 -1.251676E-01 -1.676220E-02 -7.172183E-02
  3.380  2.185361E+01  2.567406E+01  2.191700E+01  2.717298E+01  2.291953E+01  2.786417E+01 -6.554264E-01 -3.016703E+00 -5.673556E-02 -1.499321E-01 -1.024974E-02 -8.011915E-02
  3.400  2.205433E+01  2.648817E+01  2.213724E+01  2.809515E+01  2.304280E+01  2.894739E+01 -4.640993E-01 -3.195190E+00 -4.437053E-02 -1.760953E-01 -4.210952E-03 -8.771375E-02
  3.420  2.222806E+01  2.742786E+01  2.234348E+01  2.918708E+01  2.312099E+01  3.018756E+01 -2.520316E-01 -3.374196E+00 -2.257617E-02 -1.985071E-01  1.824516E-03 -9.621662E-02
  3.440  2.234290E+01  2.849735E+01  2.248611E+01  3.047494E+01  2.310234E+01  3.159829E+01 -1.391767E-02 -3.547025E+00  5.566794E-03 -2.128949E-01  9.588716E-03 -1.064123E-01
  3.460  2.236931E+01  2.968972E+01  2.250133E+01  3.196660E+01  2.292900E+01  3.317190E+01  2.503876E-01 -3.706851E+00  3.497996E-02 -2.175585E-01  2.111204E-02 -1.175782E-01
  3.480  2.228473E+01  3.099209E+01  2.232030E+01  3.364546E+01  2.254783E+01  3.487872E+01  5.381223E-01 -3.850000E+00  6.055770E-02 -2.142195E-01  3.772666E-02 -1.276191E-01
  3.500  2.207285E+01  3.239207E+01  2.188022E+01  3.546971E+01  2.191963E+01  3.667255E+01  8.473025E-01 -3.976446E+00  7.942019E-02 -2.073962E-01  5.933946E-02 -1.336630E-01
  3.520  2.171867E+01  3.388097E+01  2.113441E+01  3.737650E+01  2.102351E+01  3.849976E+01  1.179265E+00 -4.087584E+00  9.229814E-02 -2.023389E-01  8.404227E-02 -1.329966E-01
  3.540  2.120310E+01  3.545244E+01  2.005992E+01  3.929044E+01  1.985540E+01  4.030822E+01  1.538843E+00 -4.183350E+00  1.032093E-01 -2.024645E-01  1.083250E-01 -1.242837E-01
  3.560  2.049988E+01  3.709751E+01  1.866038E+01  4.113502E+01  1.842280E+01  4.205300E+01  1.933214E+00 -4.260197E+00  1.174551E-01 -2.075851E-01  1.282264E-01 -1.085560E-01
  3.580  1.957661E+01  3.879827E+01  1.696264E+01  4.284462E+01  1.673810E+01  4.369778E+01  2.370256E+00 -4.309471E+00  1.388682E-01 -2.139469E-01  1.410874E-01 -8.912887E-02
  3.600  1.840018E+01  4.052329E+01  1.500725E+01  4.437310E+01  1.481326E+01  4.521243E+01  2.855535E+00 -4.316182E+00  1.678181E-01 -2.161816E-01  1.468175E-01 -7.020173E-02
  3.620  1.694396E+01  4.222779E+01  1.283492E+01  4.569569E+01  1.265742E+01  4.656815E+01  3.387997E+00 -4.260200E+00  2.011581E-01 -2.100566E-01  1.477909E-01 -5.496960E-02
  3.640  1.519246E+01  4.385802E+01  1.047390E+01  4.680142E+01  1.027817E+01  4.773213E+01  3.957329E+00 -4.120765E+00  2.340402E-01 -1.943708E-01  1.475408E-01 -4.442461E-02
  3.660  1.314170E+01  4.535526E+01  7.935362E+00  4.767750E+01  7.686772E+00  4.866414E+01  4.545441E+00 -3.881424E+00  2.623315E-01 -1.710380E-01  1.492036E-01 -3.734274E-02
  3.680  1.079924E+01  4.665692E+01  5.222445E+00  4.829385E+01  4.905395E+00  4.931792E+01  5.130232E+00 -3.531688E+00  2.842781E-01 -1.436694E-01  1.544820E-01 -3.107361E-02
  3.700  8.186763E+00  4.769753E+01  2.349116E+00  4.859882E+01  1.971512E+00  4.964830E+01  5.687580E+00 -3.065720E+00  3.008425E-01 -1.155960E-01  1.632685E-01 -2.256522E-02
  3.720  5.342978E+00  4.841293E+01 -6.430169E-01  4.853027E+01 -1.064958E+00  4.961954E+01  6.190380E+00 -2.481723E+00  3.147680E-01 -8.815721E-02  1.737864E-01 -9.309683E-03
  3.740  2.323288E+00  4.874585E+01 -3.679772E+00  4.803458E+01 -4.149505E+00  4.920697E+01  6.607445E+00 -1.784382E+00  3.287000E-01 -5.992855E-02  1.830836E-01  9.941371E-03
  3.760 -8.024329E-01  4.864937E+01 -6.661261E+00  4.708382E+01 -7.226597E+00  4.839084E+01  6.905471E+00 -9.889126E-01  3.430814E-01 -2.743428E-02  1.877451E-01  3.470465E-02
  3.780 -3.950427E+00  4.808919E+01 -9.475594E+00  4.568652E+01 -1.023292E+01  4.715094E+01  7.054437E+00 -1.232387E-01  3.549861E-01  1.266516E-02  1.848674E-01  6.258735E-02
  3.800 -7.022288E+00  4.704873E+01 -1.201618E+01  4.389116E+01 -1.308596E+01  4.547264E+01  7.033749E+00  7.738542E-01  3.589130E-01  6.094748E-02  1.732076E-01  8.974275E-02
  3.820 -9.907800E+00  4.553865E+01 -1.419941E+01  4.178049E+01 -1.568107E+01  4.336467E+01  6.835997E+00  1.657637E+00  3.493930E-01  1.138658E-01  1.538924E-01  1.121547E-01
  3.840 -1.249614E+01  4.360630E+01 -1.597687E+01  3.945727E+01 -1.790475E+01  4.087744E+01  6.467548E+00  2.482620E+00  3.238691E-01  1.646559E-01  1.300219E-01  1.271850E-01
  3.860 -1.469458E+01  4.133704E+01 -1.733800E+01  3.702639E+01 -1.965998E+01  3.810852E+01  5.947560E+00  3.206378E+00  2.841325E-01  2.059357E-01  1.053033E-01  1.343904E-01
  3.880 -1.644628E+01  3.884242E+01 -1.830361E+01  3.457972E+01 -2.089099E+01  3.519030E+01  5.307024E+00  3.792529E+00  2.356981E-01  2.324623E-01  8.262950E-02  1.351704E-01
  3.900 -1.773695E+01  3.623936E+01 -1.891382E+01  3.218762E+01 -2.159552E+01  3.226506E+01  4.587826E+00  4.214356E+00  1.857102E-01  2.427194E-01  6.341121E-02  1.317048E-01
  3.920 -1.858783E+01  3.363145E+01 -1.921551E+01  2.989849E+01 -2.182060E+01  2.945893E+01  3.840006E+00  4.459610E+00  1.405534E-01  2.388441E-01  4.775869E-02  1.259531E-01
  3.940 -1.904201E+01  3.110007E+01 -1.925422E+01  2.774443E+01 -2.164638E+01  2.686451E+01  3.115433E+00  4.534414E+00  1.042313E-01  2.252650E-01  3.510105E-02  1.191580E-01
  3.960 -1.915238E+01  2.870424E+01 -1.907223E+01  2.574728E+01 -2.116624E+01  2.453537E+01  2.459122E+00  4.462903E+00  7.797644E-02  2.069401E-01  2.479095E-02  1.118610E-01
  3.980 -1.897408E+01  2.648424E+01 -1.870960E+01  2.392153E+01 -2.046999E+01  2.249048E+01  1.902159E+00  4.281769E+00  6.084051E-02  1.880003E-01  1.644704E-02  1.042021E-01
  4.000 -1.856039E+01  2.446592E+01 -1.820421E+01  2.227476E+01 -1.963341E+01  2.072409E+01  1.459074E+00  4.032441E+00  5.068272E-02  1.711156E-01  1.000928E-02  9.626447E-02
  4.020 -1.796120E+01  2.266473E+01 -1.759054E+01  2.080853E+01 -1.871466E+01  1.921692E+01  1.129269E+00  3.754137E+00  4.509790E-02  1.574711E-01  5.590372E-03  8.831792E-02
  4.040 -1.722331E+01  2.108856E+01 -1.689906E+01  1.952050E+01 -1.775629E+01  1.794531E+01  9.006935E-01  3.479177E+00  4.208134E-02  1.471314E-01  3.225315E-03  8.088949E-02
  4.060 -1.639145E+01  1.973873E+01 -1.615730E+01  1.840628E+01 -1.679024E+01  1.688629E+01  7.542840E-01  3.230579E+00  4.033316E-02  1.396047E-01  2.647076E-03  7.463375E-02
  4.080 -1.550857E+01  1.860929E+01 -1.539162E+01  1.745952E+01 -1.584291E+01  1.601812E+01  6.683320E-01  3.021620E+00  3.916418E-02  1.343719E-01  3.224511E-03  7.007288E-02
  4.100 -1.461411E+01  1.768599E+01 -1.462806E+01  1.667039E+01 -1.493756E+01  1.531800E+01  6.222099E-01  2.856977E+00  3.814488E-02  1.311333E-01  4.104843E-03  6.736617E-02
  4.120 -1.374096E+01  1.694688E+01 -1.389117E+01  1.602366E+01 -1.409324E+01  1.475978E+01  5.990468E-01  2.735071E+00  3.678099E-02  1.297153E-01  4.467483E-03  6.623627E-02
  4.140 -1.291281E+01  1.636513E+01 -1.320111E+01  1.549810E+01 -1.332177E+01  1.431418E+01  5.869038E-01  2.651171E+00  3.443296E-02  1.297911E-01  3.755584E-03  6.606321E-02
  4.160 -1.214364E+01  1.591323E+01 -1.257063E+01  1.506820E+01 -1.262539E+01  1.395205E+01  5.780590E-01  2.600398E+00  3.051270E-02  1.306612E-01  1.804338E-03  6.608193E-02
  4.180 -1.143968E+01  1.556651E+01 -1.200337E+01  1.470776E+01 -1.199751E+01  1.364940E+01  5.667171E-01  2.579316E+00  2.481764E-02  1.312770E-01 -1.161926E-03  6.560880E-02
  4.200 -1.080261E+01  1.530455E+01 -1.149467E+01  1.439385E+01 -1.142704E+01  1.339071E+01  5.466108E-01  2.585262E+00  1.777566E-02  1.305314E-01 -4.659735E-03  6.421788E-02
  4.220 -1.023224E+01  1.511065E+01 -1.103416E+01  1.410962E+01 -1.090375E+01  1.316878E+01  5.103121E-01  2.614097E+00  1.044361E-02  1.276822E-01 -8.140067E-03  6.179037E-02
  4.240 -9.727836E+00  1.497011E+01 -1.060936E+01  1.384545E+01 -1.042203E+01  1.298114E+01  4.508277E-01  2.658340E+00  4.221056E-03  1.227371E-01 -1.112889E-02  5.844259E-02
  4.260 -9.287802E+00  1.486857E+01 -1.020906E+01  1.359774E+01 -9.981262E+00  1.282556E+01  3.642483E-01  2.707282E+00  3.012327E-04  1.166147E-01 -1.326742E-02  5.443886E-02
  4.280 -8.908083E+00  1.479144E+01 -9.824961E+00  1.336640E+01 -9.583593E+00  1.269666E+01  2.516168E-01  2.749019E+00 -9.546112E-04  1.108516E-01 -1.432509E-02  5.015465E-02
  4.300 -8.580559E+00  1.472511E+01 -9.451189E+00  1.315244E+01 -9.230168E+00  1.258480E+01  1.191095E-01  2.773141E+00 -2.698723E-04  1.068458E-01 -1.424196E-02  4.604340E-02
  4.320 -8.292666E+00  1.465936E+01 -9.082647E+00  1.295730E+01 -8.917479E+00  1.247777E+01 -2.313801E-02  2.772939E+00  9.906692E-04  1.051288E-01 -1.316844E-02  4.256383E-02
  4.340 -8.028748E+00  1.459011E+01 -8.714101E+00  1.278402E+01 -8.635668E+00  1.236479E+01 -1.628788E-01  2.746836E+00  1.659661E-03  1.052638E-01 -1.147114E-02  4.008301E-02
  4.360 -7.773100E+00  1.452117E+01 -8.341109E+00  1.263877E+01 -8.370176E+00  1.224093E+01 -2.880647E-01  2.699124E+00  1.313704E-03  1.064142E-01 -9.697769E-03  3.876166E-02
  4.380 -7.514303E+00  1.446441E+01 -7.962437E+00  1.253115E+01 -8.106232E+00  1.210942E+01 -3.895899E-01  2.639719E+00  1.396262E-04  1.080444E-01 -8.460711E-03  3.843679E-02
  4.400 -7.249562E+00  1.443691E+01 -7.582445E+00  1.247227E+01 -7.833779E+00  1.198020E+01 -4.639316E-01  2.582484E+00 -1.665562E-03  1.101588E-01 -8.225765E-03  3.859061E-02
  4.420 -6.986936E+00  1.445564E+01 -7.211765E+00  1.247145E+01 -7.550291E+00  1.186585E+01 -5.147764E-01  2.542247E+00 -4.359124E-03  1.129248E-01 -9.107029E-03  3.847516E-02
  4.440 -6.743880E+00  1.453138E+01 -6.865602E+00  1.253299E+01 -7.260205E+00  1.177665E+01 -5.529989E-01  2.531223E+00 -8.542291E-03  1.161150E-01 -1.077476E-02  3.733132E-02
  4.460 -6.542439E+00  1.466470E+01 -6.560608E+00  1.265495E+01 -6.971548E+00  1.171767E+01 -5.948885E-01  2.555778E+00 -1.465097E-02  1.189321E-01 -1.247082E-02  3.461967E-02
  4.480 -6.403408E+00  1.484564E+01 -6.312217E+00  1.282994E+01 -6.691893E+00  1.168878E+01 -6.590084E-01  2.614374E+00 -2.255790E-02  1.202911E-01 -1.312559E-02  3.025918E-02
  4.500 -6.342045E+00  1.505632E+01 -6.133784E+00  1.304676E+01 -6.425985E+00  1.168714E+01 -7.624882E-01  2.697190E+00 -3.151517E-02  1.192264E-01 -1.163823E-02  2.481813E-02
  4.520 -6.366369E+00  1.527447E+01 -6.036940E+00  1.329073E+01 -6.175935E+00  1.170997E+01 -9.176040E-01  2.787352E+00 -4.031100E-02  1.151715E-01 -7.286321E-03  1.949986E-02
  4.540 -6.477056E+00  1.547586E+01 -6.031151E+00  1.354248E+01 -5.942896E+00  1.175563E+01 -1.129128E+00  2.863343E+00 -4.744858E-02  1.081004E-01 -7.241680E-05  1.585499E-02
  4.560 -6.667106E+00  1.563587E+01 -6.120802E+00  1.377674E+01 -5.728361E+00  1.182310E+01 -1.392678E+00  2.902389E+00 -5.129085E-02  9.867320E-02  9.158213E-03  1.533381E-02
  4.580 -6.920709E+00  1.573172E+01 -6.300576E+00  1.396403E+01 -5.534016E+00  1.191090E+01 -1.694590E+00  2.884609E+00 -5.034801E-02  8.846638E-02  1.886152E-02  1.883912E-02
  4.600 -7.213066E+00  1.574676E+01 -6.552234E+00  1.407626E+01 -5.360729E+00  1.201716E+01 -2.014007E+00  2.797116E+00 -4.388248E-02  8.003587E-02  2.716557E-02  2.641034E-02
  4.620 -7.513469E+00  1.567516E+01 -6.845880E+00  1.409419E+01 -5.208190E+00  1.214095E+01 -2.327017E+00  2.636437E+00 -3.258907E-02  7.645726E-02  3.237207E-02  3.715934E-02
  4.640 -7.791320E+00  1.552415E+01 -7.145969E+00  1.401282E+01 -5.076198E+00  1.228361E+01 -2.611215E+00  2.408202E+00 -1.884832E-02  8.041011E-02  3.340856E-02  4.949934E-02
  4.660 -8.022101E+00  1.531210E+01 -7.419360E+00  1.384216E+01 -4.967067E+00  1.244857E+01 -2.848829E+00  2.124800E+00 -6.345221E-03  9.326806E-02  3.006930E-02  6.157035E-02
  4.680 -8.190822E+00  1.506439E+01 -7.641946E+00  1.360328E+01 -4.887415E+00  1.263896E+01 -3.028036E+00  1.802639E+00  7.360852E-04  1.145872E-01  2.298869E-02  7.170278E-02
  4.700 -8.293184E+00  1.480942E+01 -7.801713E+00  1.332208E+01 -4.847731E+00  1.285438E+01 -3.143288E+00  1.459778E+00 -1.408561E-03  1.420877E-01  1.337443E-02  7.876747E-02
  4.720 -8.336016E+00  1.457502E+01 -7.898038E+00  1.302302E+01 -4.859604E+00  1.308851E+01 -3.195052E+00  1.113706E+00 -1.549961E-02  1.719939E-01  2.618144E-03  8.227331E-02
  4.740 -8.337213E+00  1.438420E+01 -7.938333E+00  1.272474E+01 -4.932208E+00  1.332929E+01 -3.188675E+00  7.793401E-01 -4.270911E-02  1.995349E-01 -7.973968E-03  8.219129E-02
  4.760 -8.323552E+00  1.425007E+01 -7.933462E+00  1.243825E+01 -5.069913E+00  1.356095E+01 -3.132494E+00  4.679662E-01 -8.235725E-02  2.194877E-01 -1.713934E-02  7.875897E-02
  4.780 -8.325244E+00  1.417169E+01 -7.893319E+00  1.216767E+01 -5.271646E+00  1.376631E+01 -3.036106E+00  1.874001E-01 -1.316623E-01  2.268016E-01 -2.350221E-02  7.261240E-02
  4.800 -8.368234E+00  1.413356E+01 -7.823907E+00  1.191313E+01 -5.531034E+00  1.392831E+01 -2.909553E+00 -5.732576E-02 -1.855970E-01  2.175065E-01 -2.578755E-02  6.516096E-02
  4.820 -8.467064E+00  1.410981E+01 -7.726754E+00  1.167438E+01 -5.836067E+00  1.403116E+01 -2.763138E+00 -2.636708E-01 -2.372659E-01  1.899951E-01 -2.350584E-02  5.861173E-02
  4.840 -8.621353E+00  1.407191E+01 -7.600568E+00  1.145364E+01 -6.168526E+00  1.406256E+01 -2.607056E+00 -4.317658E-01 -2.793323E-01  1.461614E-01 -1.749770E-02  5.527792E-02
  4.860 -8.817412E+00  1.399680E+01 -7.443869E+00  1.125655E+01 -6.505001E+00  1.401722E+01 -2.450582E+00 -5.644250E-01 -3.062615E-01  9.129998E-02 -9.689493E-03  5.664271E-02
  4.880 -9.033901E+00  1.387215E+01 -7.256992E+00  1.109140E+01 -6.820641E+00  1.389968E+01 -2.301273E+00 -6.666502E-01 -3.159813E-01  3.229285E-02 -2.235462E-03  6.301059E-02
  4.900 -9.248565E+00  1.369729E+01 -7.042954E+00  1.096809E+01 -7.094316E+00  1.372420E+01 -2.164549E+00 -7.449318E-01 -3.096786E-01 -2.475352E-02  3.129090E-03  7.392794E-02
  4.920 -9.443446E+00  1.348087E+01 -6.808105E+00  1.089753E+01 -7.312616E+00  1.351167E+01 -2.043462E+00 -8.066374E-01 -2.902000E-01 -7.567804E-02  5.052385E-03  8.873928E-02
  4.940 -9.607758E+00  1.323706E+01 -6.563354E+00  1.089078E+01 -7.471323E+00  1.328544E+01 -1.938452E+00 -8.593232E-01 -2.607098E-01 -1.179266E-01  2.195544E-03  1.066667E-01
  4.960 -9.738804E+00  1.298151E+01 -6.325270E+00  1.095683E+01 -7.574808E+00  1.306754E+01 -1.847326E+00 -9.097548E-01 -2.244280E-01 -1.498863E-01 -6.869908E-03  1.264764E-01
  4.980 -9.841195E+00  1.272748E+01 -6.115655E+00  1.109941E+01 -7.634429E+00  1.287615E+01 -1.765813E+00 -9.628819E-01 -1.847988E-01 -1.708493E-01 -2.334509E-02  1.462139E-01
  5.000 -9.924182E+00  1.248267E+01 -5.959073E+00  1.131418E+01 -7.666542E+00  1.272386E+01 -1.688623E+00 -1.021279E+00 -1.452004E-01 -1.813368E-01 -4.776014E-02  1.632700E-01
  5.020 -9.997541E+00  1.224821E+01 -5.879100E+00  1.158770E+01 -7.690374E+00  1.261669E+01 -1.610505E+00 -1.085265E+00 -1.082401E-01 -1.829779E-01 -7.965357E-02  1.746789E-01
  5.040 -1.006785E+01  1.202056E+01 -5.894713E+00  1.189840E+01 -7.725912E+00  1.255372E+01 -1.526870E+00 -1.153413E+00 -7.537397E-02 -1.777960E-01 -1.173889E-01  1.775092E-01
  5.060 -1.013735E+01  1.179510E+01 -6.017772E+00  1.221861E+01 -7.791939E+00  1.252715E+01 -1.433968E+00 -1.222959E+00 -4.721047E-02 -1.675288E-01 -1.580818E-01  1.693494E-01
  5.080 -1.020562E+01  1.156891E+01 -6.251376E+00  1.251693E+01 -7.903884E+00  1.252243E+01 -1.329074E+00 -1.289874E+00 -2.409209E-02 -1.535113E-01 -1.977219E-01  1.489320E-01
  5.100 -1.027209E+01  1.134100E+01 -6.588394E+00  1.276081E+01 -8.071129E+00  1.251932E+01 -1.211045E+00 -1.348954E+00 -6.375523E-03 -1.370089E-01 -2.317078E-01  1.168199E-01
  5.120 -1.033736E+01  1.111084E+01 -7.010619E+00  1.292044E+01 -8.294417E+00  1.249445E+01 -1.081062E+00 -1.394468E+00  5.746573E-03 -1.195163E-01 -2.559616E-01  7.574968E-02
  5.140 -1.040273E+01  1.087686E+01 -7.490045E+00  1.297343E+01 -8.564938E+00  1.242551E+01 -9.428674E-01 -1.421436E+00  1.259457E-02 -1.026939E-01 -2.682279E-01  3.002151E-02
  5.160 -1.046901E+01  1.063579E+01 -7.992725E+00  1.290837E+01 -8.865890E+00  1.229528E+01 -8.020509E-01 -1.426891E+00  1.515174E-02 -8.800400E-02 -2.685364E-01 -1.597934E-02
  5.180 -1.053512E+01  1.038306E+01 -8.483675E+00  1.272585E+01 -9.175505E+00  1.209392E+01 -6.646970E-01 -1.410370E+00  1.489364E-02 -7.633620E-02 -2.584089E-01 -5.897955E-02
  5.200 -1.059706E+01  1.011401E+01 -8.931035E+00  1.243732E+01 -9.469979E+00  1.181970E+01 -5.362186E-01 -1.373449E+00  1.342330E-02 -6.783104E-02 -2.397483E-01 -9.686935E-02
  5.220 -1.064776E+01  9.825904E+00 -9.309194E+00  1.206315E+01 -9.725951E+00  1.147917E+01 -4.209358E-01 -1.318901E+00  1.208893E-02 -6.193797E-02 -2.144491E-01 -1.281314E-01
  5.240 -1.067840E+01  9.519809E+00 -9.601321E+00  1.162987E+01 -9.923426E+00  1.108717E+01 -3.222345E-01 -1.250166E+00  1.169581E-02 -5.765682E-02 -1.846274E-01 -1.515793E-01
  5.260 -1.068102E+01  9.201475E+00 -9.800997E+00  1.116647E+01 -1.004936E+01  1.066532E+01 -2.427366E-01 -1.171290E+00  1.239124E-02 -5.389846E-02 -1.528009E-01 -1.666066E-01
  5.280 -1.065120E+01  8.880140E+00 -9.911967E+00  1.069995E+01 -1.010049E+01  1.023831E+01 -1.841162E-01 -1.087025E+00  1.378651E-02 -4.984193E-02 -1.216430E-01 -1.735820E-01
  5.300 -1.058950E+01  8.565718E+00 -9.945596E+00  1.025156E+01 -1.008349E+01  9.828666E+00 -1.466408E-01 -1.002638E+00  1.525729E-02 -4.511167E-02 -9.336709E-02 -1.739377E-01
  5.320 -1.050045E+01  8.265809E+00 -9.916942E+00  9.835122E+00 -1.001200E+01  9.452617E+00 -1.288333E-01 -9.232546E-01  1.622329E-02 -3.971697E-02 -6.916134E-02 -1.697166E-01
  5.340 -1.038995E+01  7.984404E+00 -9.841122E+00  9.457758E+00 -9.902221E+00  9.118679E+00 -1.276899E-01 -8.529751E-01  1.626242E-02 -3.388840E-02 -4.913146E-02 -1.628207E-01
  5.360 -1.026284E+01  7.722962E+00 -9.731215E+00  9.121970E+00 -9.769270E+00  8.828985E+00 -1.394989E-01 -7.943452E-01  1.510222E-02 -2.797319E-02 -3.279219E-02 -1.544946E-01
  5.380 -1.012266E+01  7.482513E+00 -9.597806E+00  8.827771E+00 -9.625673E+00  8.581701E+00 -1.607403E-01 -7.485628E-01  1.261879E-02 -2.241033E-02 -1.969719E-02 -1.453604E-01
  5.400 -9.973068E+00  7.264559E+00 -9.449516E+00  8.574081E+00 -9.481562E+00  8.372762E+00 -1.884336E-01 -7.161592E-01  8.888773E-03 -1.769446E-02 -9.745891E-03 -1.358669E-01
  5.420 -9.819108E+00  7.069962E+00 -9.293759E+00  8.359259E+00 -9.345143E+00  8.196296E+00 -2.198593E-01 -6.974868E-01  4.232875E-03 -1.427181E-02 -3.003818E-03 -1.267436E-01
  5.440 -9.666492E+00  6.897202E+00 -9.137234E+00  8.181031E+00 -9.222304E+00  8.044492E+00 -2.521548E-01 -6.926477E-01 -8.179613E-04 -1.239755E-02  7.706422E-04 -1.190925E-01
  5.460 -9.519476E+00  6.741969E+00 -8.985946E+00  8.036232E+00 -9.115449E+00  7.908186E+00 -2.823000E-01 -7.010938E-01 -5.654413E-03 -1.202113E-02  2.499615E-03 -1.140270E-01
  5.480 -9.379007E+00  6.598782E+00 -8.844829E+00  7.920769E+00 -9.022718E+00  7.778673E+00 -3.075532E-01 -7.214130E-01 -9.792275E-03 -1.277270E-02  3.729550E-03 -1.120994E-01
  5.500 -9.242715E+00  6.463614E+00 -8.717371E+00  7.830048E+00 -8.938658E+00  7.650009E+00 -3.259425E-01 -7.516124E-01 -1.305841E-02 -1.410064E-02  6.131749E-03 -1.129393E-01
  5.520 -9.106865E+00  6.335725E+00 -8.605684E+00  7.759636E+00 -8.856310E+00  7.520456E+00 -3.363297E-01 -7.897153E-01 -1.563528E-02 -1.551561E-02  1.088458E-02 -1.153629E-01
  5.540 -8.968962E+00  6.217538E+00 -8.510985E+00  7.705621E+00 -8.769664E+00  7.392374E+00 -3.379711E-01 -8.341265E-01 -1.792208E-02 -1.679521E-02  1.831285E-02 -1.178561E-01
  5.560 -8.829415E+00  6.112869E+00 -8.433958E+00  7.664532E+00 -8.675422E+00  7.270823E+00 -3.300608E-01 -8.834480E-01 -2.030974E-02 -1.803068E-02  2.792014E-02 -1.191365E-01
  5.580 -8.691617E+00  6.024721E+00 -8.374757E+00  7.633313E+00 -8.573539E+00  7.161734E+00 -3.117356E-01 -9.360737E-01 -2.300778E-02 -1.952439E-02  3.873671E-02 -1.185569E-01
  5.600 -8.560771E+00  5.953625E+00 -8.333093E+00  7.609662E+00 -8.466850E+00  7.070462E+00 -2.824122E-01 -9.900931E-01 -2.598659E-02 -2.163057E-02  4.983897E-02 -1.162158E-01
  5.620 -8.441995E+00  5.896990E+00 -8.308875E+00  7.592402E+00 -8.360388E+00  7.000979E+00 -2.419736E-01 -1.043567E+00 -2.901427E-02 -2.461882E-02  6.084284E-02 -1.127041E-01
  5.640 -8.338387E+00  5.849770E+00 -8.303287E+00  7.581218E+00 -8.260862E+00  6.955387E+00 -1.905901E-01 -1.094808E+00 -3.174869E-02 -2.858341E-02  7.212865E-02 -1.085487E-01
  5.660 -8.249955E+00  5.806297E+00 -8.319679E+00  7.575412E+00 -8.176198E+00  6.933358E+00 -1.283488E-01 -1.142361E+00 -3.387652E-02 -3.341639E-02  8.460852E-02 -1.035753E-01
  5.680 -8.174133E+00  5.762296E+00 -8.363428E+00  7.571876E+00 -8.114801E+00  6.931413E+00 -5.503536E-02 -1.184593E+00 -3.525431E-02 -3.890266E-02  9.902173E-02 -9.655115E-02
  5.700 -8.107447E+00  5.715836E+00 -8.440107E+00  7.563181E+00 -8.084202E+00  6.942323E+00  2.962396E-02 -1.219154E+00 -3.591448E-02 -4.492329E-02  1.150425E-01 -8.545692E-02
  5.720 -8.047029E+00  5.666806E+00 -8.552207E+00  7.537214E+00 -8.089052E+00  6.955222E+00  1.252094E-01 -1.242737E+00 -3.586433E-02 -5.158634E-02  1.307594E-01 -6.843902E-02
  5.740 -7.991047E+00  5.615826E+00 -8.695846E+00  7.479380E+00 -8.129007E+00  6.957103E+00  2.297500E-01 -1.251577E+00 -3.483104E-02 -5.910638E-02  1.430042E-01 -4.498442E-02
  5.760 -7.938354E+00  5.563635E+00 -8.859551E+00  7.376932E+00 -8.197707E+00  6.935757E+00  3.394402E-01 -1.242564E+00 -3.220817E-02 -6.747776E-02  1.484822E-01 -1.658921E-02
  5.780 -7.888215E+00  5.511083E+00 -9.026262E+00  7.223344E+00 -8.283837E+00  6.883040E+00  4.492851E-01 -1.214307E+00 -2.731785E-02 -7.619289E-02  1.450875E-01  1.352939E-02
  5.800 -7.840410E+00  5.459107E+00 -9.177676E+00  7.020403E+00 -8.374058E+00  6.796882E+00  5.542692E-01 -1.167400E+00 -1.984839E-02 -8.426324E-02  1.326656E-01  4.149874E-02
  5.820 -7.795265E+00  5.408417E+00 -9.298662E+00  6.777189E+00 -8.456423E+00  6.681132E+00  6.502300E-01 -1.103874E+00 -1.016040E-02 -9.059565E-02  1.129044E-01  6.398024E-02
  5.840 -7.753309E+00  5.359216E+00 -9.379812E+00  6.507057E+00 -8.522812E+00  6.543603E+00  7.339957E-01 -1.026436E+00  7.845126E-04 -9.450926E-02  8.864376E-02  7.890333E-02
  5.860 -7.714806E+00  5.311364E+00 -9.417812E+00  6.224441E+00 -8.569699E+00  6.393494E+00  8.030759E-01 -9.381551E-01  1.186528E-02 -9.605540E-02  6.310288E-02  8.567112E-02
  5.880 -7.679633E+00  5.264915E+00 -9.414555E+00  5.942542E+00 -8.597526E+00  6.239286E+00  8.555349E-01 -8.426160E-01  2.234686E-02 -9.592657E-02  3.922265E-02  8.506531E-02
  5.900 -7.647703E+00  5.220581E+00 -9.375863E+00  5.671853E+00 -8.609499E+00  6.087622E+00  8.903204E-01 -7.440554E-01  3.220495E-02 -9.501749E-02  1.909597E-02  7.891461E-02
  5.920 -7.619733E+00  5.179744E+00 -9.310018E+00  5.419156E+00 -8.610528E+00  5.942931E+00  9.077346E-01 -6.470626E-01  4.207778E-02 -9.389814E-02  3.623280E-03  6.948232E-02
  5.940 -7.597994E+00  5.143839E+00 -9.225973E+00  5.187095E+00 -8.606515E+00  5.807267E+00  9.096140E-01 -5.559535E-01  5.291188E-02 -9.244015E-02 -7.387360E-03  5.877243E-02
  5.960 -7.586627E+00  5.113081E+00 -9.131521E+00  4.974565E+00 -8.603670E+00  5.680013E+00  8.991404E-01 -4.741577E-01  6.544908E-02 -8.971094E-02 -1.475062E-02  4.811954E-02
  5.980 -7.590915E+00  5.084840E+00 -9.031877E+00  4.777931E+00 -8.607451E+00  5.557637E+00  8.804496E-01 -4.037552E-01  7.970043E-02 -8.418913E-02 -1.941483E-02  3.817990E-02
