# GW complex dielectric tensor (cart. coord.) without local field effects 
# Scissor operator energy =  0.8000 [eV]
# Tolerance =  0.0200 0.0200
# npweps  = 59
# npwwfn  = 137
# nbands  = 6
# loband  = 2
# nkibz   = 512
# nkbz    = 512
# Lorentzian broadening =  0.1500 [eV]
# omega [eV] RE(eps_11) IM(eps_11) RE(eps_22)IM(eps_22) RE(eps_33) IM(eps_33) RE(eps_12) IM(eps_12)RE(eps_13) IM(eps_13) RE(eps_23) IM(eps_23))
  0.000  1.066699E+01  0.000000E+00  1.085467E+01  0.000000E+00  1.092953E+01  0.000000E+00 -2.395314E-01 -0.000000E+00 -1.396761E-02  0.000000E+00 -6.755018E-03 -0.000000E+00
  0.020  1.066718E+01  2.897806E-03  1.085487E+01  3.015906E-03  1.092974E+01  3.055735E-03 -2.395403E-01 -1.338709E-04 -1.396813E-02 -7.814514E-06 -6.755296E-03 -4.205328E-06
  0.040  1.066776E+01  5.796372E-03  1.085547E+01  6.032623E-03  1.093034E+01  6.112298E-03 -2.395669E-01 -2.677964E-04 -1.396968E-02 -1.563222E-05 -6.756130E-03 -8.412466E-06
  0.060  1.066872E+01  8.696458E-03  1.085647E+01  9.050965E-03  1.093136E+01  9.170517E-03 -2.396112E-01 -4.018308E-04 -1.397227E-02 -2.345630E-05 -6.757521E-03 -1.262323E-05
  0.080  1.067006E+01  1.159883E-02  1.085787E+01  1.207174E-02  1.093278E+01  1.223122E-02 -2.396732E-01 -5.360289E-04 -1.397589E-02 -3.128996E-05 -6.759470E-03 -1.683942E-05
  0.100  1.067180E+01  1.450424E-02  1.085967E+01  1.509578E-02  1.093460E+01  1.529525E-02 -2.397530E-01 -6.704456E-04 -1.398055E-02 -3.913640E-05 -6.761976E-03 -2.106288E-05
  0.120  1.067391E+01  1.741346E-02  1.086187E+01  1.812388E-02  1.093684E+01  1.836342E-02 -2.398506E-01 -8.051357E-04 -1.398625E-02 -4.699884E-05 -6.765041E-03 -2.529543E-05
  0.140  1.067642E+01  2.032727E-02  1.086448E+01  2.115687E-02  1.093948E+01  2.143659E-02 -2.399661E-01 -9.401546E-04 -1.399299E-02 -5.488053E-05 -6.768667E-03 -2.953890E-05
  0.160  1.067931E+01  2.324642E-02  1.086749E+01  2.419558E-02  1.094252E+01  2.451559E-02 -2.400994E-01 -1.075558E-03 -1.400077E-02 -6.278470E-05 -6.772855E-03 -3.379514E-05
  0.180  1.068259E+01  2.617170E-02  1.087090E+01  2.724084E-02  1.094598E+01  2.760126E-02 -2.402507E-01 -1.211402E-03 -1.400960E-02 -7.071465E-05 -6.777606E-03 -3.806602E-05
  0.200  1.068625E+01  2.910388E-02  1.087472E+01  3.029346E-02  1.094985E+01  3.069446E-02 -2.404200E-01 -1.347742E-03 -1.401948E-02 -7.867366E-05 -6.782923E-03 -4.235342E-05
  0.220  1.069031E+01  3.204375E-02  1.087894E+01  3.335431E-02  1.095412E+01  3.379603E-02 -2.406073E-01 -1.484636E-03 -1.403042E-02 -8.666508E-05 -6.788809E-03 -4.665921E-05
  0.240  1.069476E+01  3.499210E-02  1.088357E+01  3.642421E-02  1.095881E+01  3.690685E-02 -2.408128E-01 -1.622142E-03 -1.404242E-02 -9.469225E-05 -6.795265E-03 -5.098533E-05
  0.260  1.069959E+01  3.794973E-02  1.088860E+01  3.950403E-02  1.096391E+01  4.002779E-02 -2.410366E-01 -1.760316E-03 -1.405548E-02 -1.027586E-04 -6.802294E-03 -5.533370E-05
  0.280  1.070482E+01  4.091743E-02  1.089405E+01  4.259461E-02  1.096943E+01  4.315970E-02 -2.412786E-01 -1.899219E-03 -1.406961E-02 -1.108675E-04 -6.809900E-03 -5.970628E-05
  0.300  1.071045E+01  4.389602E-02  1.089990E+01  4.569683E-02  1.097537E+01  4.630349E-02 -2.415391E-01 -2.038909E-03 -1.408481E-02 -1.190225E-04 -6.818086E-03 -6.410504E-05
  0.320  1.071647E+01  4.688631E-02  1.090617E+01  4.881156E-02  1.098172E+01  4.946005E-02 -2.418181E-01 -2.179446E-03 -1.410110E-02 -1.272271E-04 -6.826854E-03 -6.853200E-05
  0.340  1.072289E+01  4.988913E-02  1.091285E+01  5.193969E-02  1.098849E+01  5.263027E-02 -2.421158E-01 -2.320892E-03 -1.411847E-02 -1.354849E-04 -6.836210E-03 -7.298919E-05
  0.360  1.072971E+01  5.290531E-02  1.091995E+01  5.508210E-02  1.099568E+01  5.581507E-02 -2.424322E-01 -2.463309E-03 -1.413694E-02 -1.437995E-04 -6.846157E-03 -7.747868E-05
  0.380  1.073693E+01  5.593570E-02  1.092746E+01  5.823971E-02  1.100329E+01  5.901537E-02 -2.427675E-01 -2.606759E-03 -1.415652E-02 -1.521745E-04 -6.856700E-03 -8.200258E-05
  0.400  1.074455E+01  5.898116E-02  1.093540E+01  6.141342E-02  1.101133E+01  6.223212E-02 -2.431219E-01 -2.751307E-03 -1.417720E-02 -1.606138E-04 -6.867843E-03 -8.656302E-05
  0.420  1.075258E+01  6.204255E-02  1.094376E+01  6.460418E-02  1.101980E+01  6.546625E-02 -2.434954E-01 -2.897017E-03 -1.419901E-02 -1.691212E-04 -6.879591E-03 -9.116219E-05
  0.440  1.076101E+01  6.512075E-02  1.095254E+01  6.781292E-02  1.102870E+01  6.871873E-02 -2.438883E-01 -3.043957E-03 -1.422195E-02 -1.777005E-04 -6.891949E-03 -9.580229E-05
  0.460  1.076986E+01  6.821664E-02  1.096175E+01  7.104059E-02  1.103803E+01  7.199053E-02 -2.443007E-01 -3.192193E-03 -1.424602E-02 -1.863557E-04 -6.904923E-03 -1.004856E-04
  0.480  1.077911E+01  7.133114E-02  1.097138E+01  7.428817E-02  1.104780E+01  7.528265E-02 -2.447328E-01 -3.341795E-03 -1.427124E-02 -1.950908E-04 -6.918519E-03 -1.052144E-04
  0.500  1.078878E+01  7.446515E-02  1.098145E+01  7.755663E-02  1.105800E+01  7.859608E-02 -2.451847E-01 -3.492833E-03 -1.429763E-02 -2.039099E-04 -6.932742E-03 -1.099911E-04
  0.520  1.079887E+01  7.761962E-02  1.099196E+01  8.084699E-02  1.106865E+01  8.193187E-02 -2.456567E-01 -3.645378E-03 -1.432518E-02 -2.128173E-04 -6.947599E-03 -1.148181E-04
  0.540  1.080937E+01  8.079548E-02  1.100290E+01  8.416026E-02  1.107973E+01  8.529103E-02 -2.461489E-01 -3.799505E-03 -1.435392E-02 -2.218173E-04 -6.963098E-03 -1.196978E-04
  0.560  1.082030E+01  8.399371E-02  1.101428E+01  8.749747E-02  1.109127E+01  8.867464E-02 -2.466616E-01 -3.955288E-03 -1.438385E-02 -2.309142E-04 -6.979244E-03 -1.246328E-04
  0.580  1.083165E+01  8.721527E-02  1.102611E+01  9.085968E-02  1.110325E+01  9.208377E-02 -2.471950E-01 -4.112804E-03 -1.441499E-02 -2.401126E-04 -6.996045E-03 -1.296256E-04
  0.600  1.084344E+01  9.046118E-02  1.103838E+01  9.424797E-02  1.111569E+01  9.551951E-02 -2.477494E-01 -4.272132E-03 -1.444735E-02 -2.494171E-04 -7.013509E-03 -1.346789E-04
  0.620  1.085565E+01  9.373244E-02  1.105110E+01  9.766343E-02  1.112859E+01  9.898300E-02 -2.483249E-01 -4.433353E-03 -1.448095E-02 -2.588324E-04 -7.031645E-03 -1.397955E-04
  0.640  1.086830E+01  9.703010E-02  1.106428E+01  1.011072E-01  1.114194E+01  1.024754E-01 -2.489218E-01 -4.596549E-03 -1.451580E-02 -2.683633E-04 -7.050460E-03 -1.449781E-04
  0.660  1.088139E+01  1.003552E-01  1.107792E+01  1.045803E-01  1.115576E+01  1.059978E-01 -2.495404E-01 -4.761806E-03 -1.455191E-02 -2.780149E-04 -7.069963E-03 -1.502295E-04
  0.680  1.089492E+01  1.037089E-01  1.109202E+01  1.080841E-01  1.117005E+01  1.095514E-01 -2.501809E-01 -4.929210E-03 -1.458931E-02 -2.877923E-04 -7.090163E-03 -1.555528E-04
  0.700  1.090890E+01  1.070921E-01  1.110658E+01  1.116197E-01  1.118482E+01  1.131375E-01 -2.508437E-01 -5.098852E-03 -1.462800E-02 -2.977007E-04 -7.111071E-03 -1.609509E-04
  0.720  1.092333E+01  1.105062E-01  1.112162E+01  1.151882E-01  1.120006E+01  1.167574E-01 -2.515290E-01 -5.270823E-03 -1.466802E-02 -3.077455E-04 -7.132695E-03 -1.664270E-04
  0.740  1.093821E+01  1.139521E-01  1.113713E+01  1.187910E-01  1.121578E+01  1.204121E-01 -2.522372E-01 -5.445219E-03 -1.470936E-02 -3.179322E-04 -7.155047E-03 -1.719843E-04
  0.760  1.095355E+01  1.174311E-01  1.115312E+01  1.224293E-01  1.123199E+01  1.241032E-01 -2.529685E-01 -5.622137E-03 -1.475206E-02 -3.282667E-04 -7.178137E-03 -1.776260E-04
  0.780  1.096935E+01  1.209445E-01  1.116960E+01  1.261044E-01  1.124869E+01  1.278318E-01 -2.537233E-01 -5.801677E-03 -1.479614E-02 -3.387548E-04 -7.201977E-03 -1.833556E-04
  0.800  1.098562E+01  1.244933E-01  1.118656E+01  1.298177E-01  1.126588E+01  1.315995E-01 -2.545020E-01 -5.983944E-03 -1.484160E-02 -3.494026E-04 -7.226577E-03 -1.891767E-04
  0.820  1.100237E+01  1.280789E-01  1.120402E+01  1.335704E-01  1.128358E+01  1.354075E-01 -2.553050E-01 -6.169044E-03 -1.488848E-02 -3.602163E-04 -7.251950E-03 -1.950928E-04
  0.840  1.101959E+01  1.317026E-01  1.122197E+01  1.373641E-01  1.130178E+01  1.392573E-01 -2.561325E-01 -6.357087E-03 -1.493680E-02 -3.712025E-04 -7.278110E-03 -2.011077E-04
  0.860  1.103729E+01  1.353657E-01  1.124044E+01  1.412002E-01  1.132050E+01  1.431503E-01 -2.569850E-01 -6.548187E-03 -1.498658E-02 -3.823678E-04 -7.305068E-03 -2.072252E-04
  0.880  1.105548E+01  1.390696E-01  1.125941E+01  1.450801E-01  1.133973E+01  1.470882E-01 -2.578628E-01 -6.742462E-03 -1.503784E-02 -3.937190E-04 -7.332839E-03 -2.134494E-04
  0.900  1.107417E+01  1.428156E-01  1.127890E+01  1.490053E-01  1.135949E+01  1.510724E-01 -2.587665E-01 -6.940034E-03 -1.509061E-02 -4.052634E-04 -7.361436E-03 -2.197843E-04
  0.920  1.109335E+01  1.466052E-01  1.129891E+01  1.529774E-01  1.137978E+01  1.551045E-01 -2.596965E-01 -7.141026E-03 -1.514491E-02 -4.170083E-04 -7.390875E-03 -2.262344E-04
  0.940  1.111304E+01  1.504399E-01  1.131945E+01  1.569980E-01  1.140061E+01  1.591862E-01 -2.606531E-01 -7.345571E-03 -1.520077E-02 -4.289613E-04 -7.421170E-03 -2.328039E-04
  0.960  1.113324E+01  1.543211E-01  1.134053E+01  1.610687E-01  1.142197E+01  1.633192E-01 -2.616369E-01 -7.553801E-03 -1.525823E-02 -4.411304E-04 -7.452337E-03 -2.394976E-04
  0.980  1.115395E+01  1.582504E-01  1.136215E+01  1.651913E-01  1.144389E+01  1.675051E-01 -2.626484E-01 -7.765857E-03 -1.531729E-02 -4.535236E-04 -7.484394E-03 -2.463201E-04
  1.000  1.117519E+01  1.622294E-01  1.138431E+01  1.693674E-01  1.146637E+01  1.717458E-01 -2.636881E-01 -7.981881E-03 -1.537801E-02 -4.661494E-04 -7.517356E-03 -2.532764E-04
  1.020  1.119696E+01  1.662598E-01  1.140704E+01  1.735989E-01  1.148941E+01  1.760431E-01 -2.647564E-01 -8.202025E-03 -1.544040E-02 -4.790167E-04 -7.551242E-03 -2.603716E-04
  1.040  1.121926E+01  1.703433E-01  1.143032E+01  1.778876E-01  1.151302E+01  1.803989E-01 -2.658540E-01 -8.426441E-03 -1.550450E-02 -4.921345E-04 -7.586070E-03 -2.676110E-04
  1.060  1.124211E+01  1.744814E-01  1.145418E+01  1.822354E-01  1.153722E+01  1.848151E-01 -2.669814E-01 -8.655292E-03 -1.557034E-02 -5.055123E-04 -7.621859E-03 -2.750002E-04
  1.080  1.126551E+01  1.786762E-01  1.147861E+01  1.866442E-01  1.156200E+01  1.892938E-01 -2.681391E-01 -8.888744E-03 -1.563796E-02 -5.191599E-04 -7.658628E-03 -2.825449E-04
  1.100  1.128947E+01  1.829294E-01  1.150364E+01  1.911161E-01  1.158737E+01  1.938370E-01 -2.693279E-01 -9.126970E-03 -1.570739E-02 -5.330874E-04 -7.696399E-03 -2.902509E-04
  1.120  1.131399E+01  1.872429E-01  1.152925E+01  1.956532E-01  1.161336E+01  1.984469E-01 -2.705483E-01 -9.370150E-03 -1.577866E-02 -5.473054E-04 -7.735193E-03 -2.981246E-04
  1.140  1.133909E+01  1.916186E-01  1.155548E+01  2.002575E-01  1.163995E+01  2.031257E-01 -2.718010E-01 -9.618471E-03 -1.585183E-02 -5.618249E-04 -7.775032E-03 -3.061724E-04
  1.160  1.136477E+01  1.960587E-01  1.158231E+01  2.049314E-01  1.166717E+01  2.078755E-01 -2.730866E-01 -9.872127E-03 -1.592692E-02 -5.766574E-04 -7.815938E-03 -3.144009E-04
  1.180  1.139104E+01  2.005651E-01  1.160977E+01  2.096771E-01  1.169502E+01  2.126989E-01 -2.744060E-01 -1.013132E-02 -1.600399E-02 -5.918147E-04 -7.857936E-03 -3.228171E-04
  1.200  1.141791E+01  2.051401E-01  1.163785E+01  2.144970E-01  1.172351E+01  2.175983E-01 -2.757597E-01 -1.039626E-02 -1.608306E-02 -6.073092E-04 -7.901050E-03 -3.314284E-04
  1.220  1.144539E+01  2.097858E-01  1.166658E+01  2.193935E-01  1.175265E+01  2.225760E-01 -2.771485E-01 -1.066717E-02 -1.616419E-02 -6.231537E-04 -7.945307E-03 -3.402423E-04
  1.240  1.147349E+01  2.145047E-01  1.169597E+01  2.243692E-01  1.178246E+01  2.276349E-01 -2.785734E-01 -1.094427E-02 -1.624742E-02 -6.393618E-04 -7.990732E-03 -3.492666E-04
  1.260  1.150222E+01  2.192989E-01  1.172601E+01  2.294267E-01  1.181294E+01  2.327774E-01 -2.800349E-01 -1.122781E-02 -1.633280E-02 -6.559474E-04 -8.037353E-03 -3.585097E-04
  1.280  1.153158E+01  2.241711E-01  1.175673E+01  2.345686E-01  1.184410E+01  2.380066E-01 -2.815341E-01 -1.151803E-02 -1.642039E-02 -6.729251E-04 -8.085200E-03 -3.679802E-04
  1.300  1.156160E+01  2.291237E-01  1.178813E+01  2.397979E-01  1.187596E+01  2.433251E-01 -2.830718E-01 -1.181518E-02 -1.651022E-02 -6.903101E-04 -8.134302E-03 -3.776870E-04
  1.320  1.159227E+01  2.341594E-01  1.182022E+01  2.451174E-01  1.190853E+01  2.487361E-01 -2.846489E-01 -1.211955E-02 -1.660236E-02 -7.081184E-04 -8.184691E-03 -3.876395E-04
  1.340  1.162361E+01  2.392809E-01  1.185303E+01  2.505301E-01  1.194182E+01  2.542426E-01 -2.862663E-01 -1.243140E-02 -1.669686E-02 -7.263664E-04 -8.236398E-03 -3.978475E-04
  1.360  1.165564E+01  2.444911E-01  1.188655E+01  2.560392E-01  1.197584E+01  2.598479E-01 -2.879251E-01 -1.275105E-02 -1.679378E-02 -7.450716E-04 -8.289457E-03 -4.083214E-04
  1.380  1.168835E+01  2.497928E-01  1.192081E+01  2.616478E-01  1.201060E+01  2.655553E-01 -2.896262E-01 -1.307878E-02 -1.689317E-02 -7.642520E-04 -8.343903E-03 -4.190717E-04
  1.400  1.172178E+01  2.551892E-01  1.195581E+01  2.673595E-01  1.204613E+01  2.713682E-01 -2.913708E-01 -1.341493E-02 -1.699511E-02 -7.839267E-04 -8.399773E-03 -4.301098E-04
  1.420  1.175592E+01  2.606833E-01  1.199157E+01  2.731776E-01  1.208242E+01  2.772903E-01 -2.931599E-01 -1.375983E-02 -1.709965E-02 -8.041153E-04 -8.457104E-03 -4.414474E-04
  1.440  1.179079E+01  2.662784E-01  1.202811E+01  2.791059E-01  1.211951E+01  2.833253E-01 -2.949946E-01 -1.411383E-02 -1.720687E-02 -8.248388E-04 -8.515936E-03 -4.530968E-04
  1.460  1.182640E+01  2.719779E-01  1.206543E+01  2.851480E-01  1.215739E+01  2.894771E-01 -2.968763E-01 -1.447730E-02 -1.731683E-02 -8.461187E-04 -8.576309E-03 -4.650709E-04
  1.480  1.186278E+01  2.777854E-01  1.210356E+01  2.913079E-01  1.219610E+01  2.957497E-01 -2.988060E-01 -1.485063E-02 -1.742961E-02 -8.679779E-04 -8.638265E-03 -4.773833E-04
  1.500  1.189993E+01  2.837045E-01  1.214251E+01  2.975896E-01  1.223564E+01  3.021474E-01 -3.007852E-01 -1.523422E-02 -1.754528E-02 -8.904402E-04 -8.701850E-03 -4.900482E-04
  1.520  1.193786E+01  2.897390E-01  1.218229E+01  3.039975E-01  1.227603E+01  3.086745E-01 -3.028151E-01 -1.562850E-02 -1.766392E-02 -9.135306E-04 -8.767109E-03 -5.030805E-04
  1.540  1.197659E+01  2.958928E-01  1.222292E+01  3.105360E-01  1.231728E+01  3.153356E-01 -3.048972E-01 -1.603391E-02 -1.778562E-02 -9.372754E-04 -8.834091E-03 -5.164959E-04
  1.560  1.201615E+01  3.021701E-01  1.226443E+01  3.172096E-01  1.235942E+01  3.221355E-01 -3.070329E-01 -1.645091E-02 -1.791046E-02 -9.617022E-04 -8.902845E-03 -5.303108E-04
  1.580  1.205654E+01  3.085752E-01  1.230682E+01  3.240231E-01  1.240247E+01  3.290790E-01 -3.092237E-01 -1.688001E-02 -1.803852E-02 -9.868398E-04 -8.973424E-03 -5.445425E-04
  1.600  1.209778E+01  3.151125E-01  1.235011E+01  3.309816E-01  1.244644E+01  3.361715E-01 -3.114713E-01 -1.732170E-02 -1.816991E-02 -1.012719E-03 -9.045882E-03 -5.592093E-04
  1.620  1.213988E+01  3.217867E-01  1.239433E+01  3.380902E-01  1.249135E+01  3.434181E-01 -3.137772E-01 -1.777655E-02 -1.830472E-02 -1.039371E-03 -9.120275E-03 -5.743303E-04
  1.640  1.218288E+01  3.286025E-01  1.243949E+01  3.453545E-01  1.253722E+01  3.508247E-01 -3.161431E-01 -1.824510E-02 -1.844304E-02 -1.066831E-03 -9.196664E-03 -5.899257E-04
  1.660  1.222678E+01  3.355652E-01  1.248562E+01  3.527800E-01  1.258407E+01  3.583970E-01 -3.185710E-01 -1.872798E-02 -1.858499E-02 -1.095132E-03 -9.275110E-03 -6.060168E-04
  1.680  1.227161E+01  3.426798E-01  1.253273E+01  3.603728E-01  1.263193E+01  3.661413E-01 -3.210625E-01 -1.922579E-02 -1.873068E-02 -1.124314E-03 -9.355677E-03 -6.226259E-04
  1.700  1.231738E+01  3.499520E-01  1.258085E+01  3.681389E-01  1.268082E+01  3.740638E-01 -3.236198E-01 -1.973923E-02 -1.888021E-02 -1.154414E-03 -9.438433E-03 -6.397769E-04
  1.720  1.236411E+01  3.573874E-01  1.263001E+01  3.760850E-01  1.273076E+01  3.821714E-01 -3.262447E-01 -2.026897E-02 -1.903372E-02 -1.185476E-03 -9.523448E-03 -6.574945E-04
  1.740  1.241184E+01  3.649922E-01  1.268021E+01  3.842178E-01  1.278178E+01  3.904710E-01 -3.289395E-01 -2.081577E-02 -1.919132E-02 -1.217541E-03 -9.610796E-03 -6.758052E-04
  1.760  1.246057E+01  3.727724E-01  1.273150E+01  3.925444E-01  1.283389E+01  3.989701E-01 -3.317064E-01 -2.138040E-02 -1.935314E-02 -1.250657E-03 -9.700554E-03 -6.947369E-04
  1.780  1.251033E+01  3.807348E-01  1.278389E+01  4.010723E-01  1.288713E+01  4.076763E-01 -3.345476E-01 -2.196368E-02 -1.951932E-02 -1.284872E-03 -9.792802E-03 -7.143191E-04
  1.800  1.256115E+01  3.888861E-01  1.283741E+01  4.098092E-01  1.294153E+01  4.165976E-01 -3.374656E-01 -2.256650E-02 -1.969001E-02 -1.320238E-03 -9.887625E-03 -7.345829E-04
  1.820  1.261306E+01  3.972335E-01  1.289208E+01  4.187633E-01  1.299711E+01  4.257427E-01 -3.404629E-01 -2.318977E-02 -1.986535E-02 -1.356810E-03 -9.985110E-03 -7.555614E-04
  1.840  1.266607E+01  4.057846E-01  1.294795E+01  4.279431E-01  1.305390E+01  4.351204E-01 -3.435422E-01 -2.383447E-02 -2.004550E-02 -1.394645E-03 -1.008535E-02 -7.772897E-04
  1.860  1.272021E+01  4.145473E-01  1.300503E+01  4.373578E-01  1.311193E+01  4.447400E-01 -3.467062E-01 -2.450162E-02 -2.023062E-02 -1.433804E-03 -1.018844E-02 -7.998047E-04
  1.880  1.277552E+01  4.235298E-01  1.306336E+01  4.470168E-01  1.317124E+01  4.546113E-01 -3.499579E-01 -2.519233E-02 -2.042088E-02 -1.474352E-03 -1.029449E-02 -8.231460E-04
  1.900  1.283201E+01  4.327408E-01  1.312296E+01  4.569299E-01  1.323185E+01  4.647447E-01 -3.533003E-01 -2.590775E-02 -2.061647E-02 -1.516359E-03 -1.040360E-02 -8.473553E-04
  1.920  1.288973E+01  4.421894E-01  1.318388E+01  4.671077E-01  1.329381E+01  4.751510E-01 -3.567366E-01 -2.664911E-02 -2.081757E-02 -1.559896E-03 -1.051587E-02 -8.724771E-04
  1.940  1.294869E+01  4.518852E-01  1.324615E+01  4.775611E-01  1.335714E+01  4.858417E-01 -3.602701E-01 -2.741772E-02 -2.102438E-02 -1.605041E-03 -1.063144E-02 -8.985587E-04
  1.960  1.300894E+01  4.618383E-01  1.330980E+01  4.883018E-01  1.342188E+01  4.968289E-01 -3.639043E-01 -2.821497E-02 -2.123710E-02 -1.651878E-03 -1.075042E-02 -9.256504E-04
  1.980  1.307051E+01  4.720592E-01  1.337487E+01  4.993419E-01  1.348808E+01  5.081251E-01 -3.676430E-01 -2.904233E-02 -2.145595E-02 -1.700492E-03 -1.087294E-02 -9.538057E-04
  2.000  1.313343E+01  4.825591E-01  1.344139E+01  5.106943E-01  1.355577E+01  5.197438E-01 -3.714899E-01 -2.990137E-02 -2.168117E-02 -1.750978E-03 -1.099914E-02 -9.830818E-04
  2.020  1.319774E+01  4.933498E-01  1.350942E+01  5.223726E-01  1.362500E+01  5.316993E-01 -3.754492E-01 -3.079377E-02 -2.191298E-02 -1.803435E-03 -1.112915E-02 -1.013540E-03
  2.040  1.326348E+01  5.044435E-01  1.357899E+01  5.343912E-01  1.369580E+01  5.440063E-01 -3.795251E-01 -3.172131E-02 -2.215165E-02 -1.857969E-03 -1.126315E-02 -1.045244E-03
  2.060  1.333068E+01  5.158535E-01  1.365015E+01  5.467652E-01  1.376822E+01  5.566808E-01 -3.837221E-01 -3.268589E-02 -2.239743E-02 -1.914693E-03 -1.140127E-02 -1.078265E-03
  2.080  1.339939E+01  5.275933E-01  1.372294E+01  5.595106E-01  1.384232E+01  5.697394E-01 -3.880449E-01 -3.368954E-02 -2.265062E-02 -1.973728E-03 -1.154369E-02 -1.112676E-03
  2.100  1.346965E+01  5.396777E-01  1.379741E+01  5.726445E-01  1.391814E+01  5.831999E-01 -3.924986E-01 -3.473443E-02 -2.291149E-02 -2.035202E-03 -1.169058E-02 -1.148558E-03
  2.120  1.354150E+01  5.521219E-01  1.387361E+01  5.861848E-01  1.399574E+01  5.970810E-01 -3.970883E-01 -3.582288E-02 -2.318037E-02 -2.099254E-03 -1.184214E-02 -1.185995E-03
  2.140  1.361500E+01  5.649422E-01  1.395159E+01  6.001505E-01  1.407516E+01  6.114027E-01 -4.018196E-01 -3.695737E-02 -2.345757E-02 -2.166031E-03 -1.199855E-02 -1.225080E-03
  2.160  1.369018E+01  5.781559E-01  1.403141E+01  6.145620E-01  1.415646E+01  6.261861E-01 -4.066984E-01 -3.814056E-02 -2.374345E-02 -2.235693E-03 -1.216003E-02 -1.265909E-03
  2.180  1.376711E+01  5.917812E-01  1.411313E+01  6.294406E-01  1.423971E+01  6.414537E-01 -4.117308E-01 -3.937532E-02 -2.403837E-02 -2.308409E-03 -1.232679E-02 -1.308590E-03
  2.200  1.384583E+01  6.058375E-01  1.419681E+01  6.448093E-01  1.432497E+01  6.572293E-01 -4.169232E-01 -4.066469E-02 -2.434271E-02 -2.384361E-03 -1.249907E-02 -1.353235E-03
  2.220  1.392640E+01  6.203453E-01  1.428250E+01  6.606923E-01  1.441230E+01  6.735385E-01 -4.222827E-01 -4.201198E-02 -2.465688E-02 -2.463747E-03 -1.267712E-02 -1.399967E-03
  2.240  1.400888E+01  6.353265E-01  1.437028E+01  6.771155E-01  1.450176E+01  6.904083E-01 -4.278164E-01 -4.342072E-02 -2.498132E-02 -2.546777E-03 -1.286119E-02 -1.448917E-03
  2.260  1.409333E+01  6.508042E-01  1.446021E+01  6.941065E-01  1.459344E+01  7.078678E-01 -4.335320E-01 -4.489473E-02 -2.531647E-02 -2.633680E-03 -1.305156E-02 -1.500229E-03
  2.280  1.417982E+01  6.668031E-01  1.455237E+01  7.116948E-01  1.468741E+01  7.259476E-01 -4.394379E-01 -4.643812E-02 -2.566283E-02 -2.724700E-03 -1.324853E-02 -1.554056E-03
  2.300  1.426840E+01  6.833496E-01  1.464684E+01  7.299117E-01  1.478374E+01  7.446810E-01 -4.455425E-01 -4.805533E-02 -2.602090E-02 -2.820103E-03 -1.345241E-02 -1.610564E-03
  2.320  1.435915E+01  7.004718E-01  1.474369E+01  7.487910E-01  1.488253E+01  7.641033E-01 -4.518551E-01 -4.975116E-02 -2.639123E-02 -2.920176E-03 -1.366352E-02 -1.669934E-03
  2.340  1.445215E+01  7.181994E-01  1.484300E+01  7.683687E-01  1.498385E+01  7.842523E-01 -4.583854E-01 -5.153078E-02 -2.677441E-02 -3.025230E-03 -1.388223E-02 -1.732362E-03
  2.360  1.454747E+01  7.365647E-01  1.494488E+01  7.886833E-01  1.508780E+01  8.051686E-01 -4.651438E-01 -5.339983E-02 -2.717103E-02 -3.135599E-03 -1.410890E-02 -1.798059E-03
  2.380  1.464519E+01  7.556018E-01  1.504940E+01  8.097763E-01  1.519447E+01  8.268958E-01 -4.721413E-01 -5.536439E-02 -2.758176E-02 -3.251651E-03 -1.434394E-02 -1.867258E-03
  2.400  1.474540E+01  7.753474E-01  1.515667E+01  8.316922E-01  1.530398E+01  8.494810E-01 -4.793896E-01 -5.743109E-02 -2.800730E-02 -3.373781E-03 -1.458776E-02 -1.940209E-03
  2.420  1.484818E+01  7.958408E-01  1.526679E+01  8.544789E-01  1.541642E+01  8.729746E-01 -4.869013E-01 -5.960712E-02 -2.844838E-02 -3.502421E-03 -1.484084E-02 -2.017188E-03
  2.440  1.495364E+01  8.171243E-01  1.537988E+01  8.781880E-01  1.553191E+01  8.974311E-01 -4.946896E-01 -6.190032E-02 -2.890579E-02 -3.638042E-03 -1.510365E-02 -2.098495E-03
  2.460  1.506187E+01  8.392432E-01  1.549604E+01  9.028750E-01  1.565057E+01  9.229093E-01 -5.027687E-01 -6.431924E-02 -2.938040E-02 -3.781158E-03 -1.537672E-02 -2.184456E-03
  2.480  1.517298E+01  8.622463E-01  1.561540E+01  9.286003E-01  1.577254E+01  9.494727E-01 -5.111539E-01 -6.687322E-02 -2.987308E-02 -3.932329E-03 -1.566059E-02 -2.275433E-03
  2.500  1.528708E+01  8.861863E-01  1.573809E+01  9.554287E-01  1.589793E+01  9.771903E-01 -5.198614E-01 -6.957247E-02 -3.038482E-02 -4.092169E-03 -1.595587E-02 -2.371819E-03
  2.520  1.540428E+01  9.111201E-01  1.586424E+01  9.834307E-01  1.602690E+01  1.006137E+00 -5.289085E-01 -7.242817E-02 -3.091664E-02 -4.261353E-03 -1.626319E-02 -2.474049E-03
  2.540  1.552471E+01  9.371089E-01  1.599400E+01  1.012683E+00  1.615959E+01  1.036393E+00 -5.383139E-01 -7.545262E-02 -3.146966E-02 -4.440621E-03 -1.658325E-02 -2.582600E-03
  2.560  1.564850E+01  9.642194E-01  1.612753E+01  1.043268E+00  1.629617E+01  1.068048E+00 -5.480974E-01 -7.865930E-02 -3.204505E-02 -4.630786E-03 -1.691677E-02 -2.698000E-03
  2.580  1.577579E+01  9.925234E-01  1.626498E+01  1.075278E+00  1.643681E+01  1.101197E+00 -5.582806E-01 -8.206309E-02 -3.264410E-02 -4.832746E-03 -1.726455E-02 -2.820832E-03
  2.600  1.590673E+01  1.022099E+00  1.640653E+01  1.108809E+00  1.658169E+01  1.135946E+00 -5.688863E-01 -8.568039E-02 -3.326818E-02 -5.047491E-03 -1.762745E-02 -2.951741E-03
  2.620  1.604147E+01  1.053032E+00  1.655237E+01  1.143971E+00  1.673100E+01  1.172410E+00 -5.799394E-01 -8.952931E-02 -3.391877E-02 -5.276119E-03 -1.800637E-02 -3.091445E-03
  2.640  1.618018E+01  1.085415E+00  1.670268E+01  1.180882E+00  1.688495E+01  1.210715E+00 -5.914664E-01 -9.362994E-02 -3.459744E-02 -5.519845E-03 -1.840232E-02 -3.240741E-03
  2.660  1.632303E+01  1.119348E+00  1.685769E+01  1.219671E+00  1.704375E+01  1.250999E+00 -6.034961E-01 -9.800456E-02 -3.530592E-02 -5.780018E-03 -1.881637E-02 -3.400517E-03
  2.680  1.647021E+01  1.154943E+00  1.701761E+01  1.260481E+00  1.720765E+01  1.293414E+00 -6.160593E-01 -1.026779E-01 -3.604605E-02 -6.058143E-03 -1.924967E-02 -3.571766E-03
  2.700  1.662193E+01  1.192321E+00  1.718268E+01  1.303468E+00  1.737688E+01  1.338131E+00 -6.291894E-01 -1.076777E-01 -3.681983E-02 -6.355896E-03 -1.970348E-02 -3.755601E-03
  2.720  1.677839E+01  1.231614E+00  1.735315E+01  1.348806E+00  1.755172E+01  1.385333E+00 -6.429226E-01 -1.130347E-01 -3.762940E-02 -6.675154E-03 -2.017914E-02 -3.953270E-03
  2.740  1.693982E+01  1.272970E+00  1.752930E+01  1.396688E+00  1.773245E+01  1.435228E+00 -6.572978E-01 -1.187834E-01 -3.847712E-02 -7.018020E-03 -2.067814E-02 -4.166178E-03
  2.760  1.710646E+01  1.316550E+00  1.771142E+01  1.447325E+00  1.791939E+01  1.488046E+00 -6.723573E-01 -1.249626E-01 -3.936549E-02 -7.386859E-03 -2.120206E-02 -4.395911E-03
  2.780  1.727857E+01  1.362533E+00  1.789982E+01  1.500955E+00  1.811285E+01  1.544042E+00 -6.881470E-01 -1.316159E-01 -4.029726E-02 -7.784333E-03 -2.175264E-02 -4.644263E-03
  2.800  1.745644E+01  1.411116E+00  1.809483E+01  1.557843E+00  1.831319E+01  1.603501E+00 -7.047164E-01 -1.387925E-01 -4.127541E-02 -8.213453E-03 -2.233174E-02 -4.913270E-03
  2.820  1.764035E+01  1.462519E+00  1.829683E+01  1.618283E+00  1.852079E+01  1.666744E+00 -7.221193E-01 -1.465480E-01 -4.230314E-02 -8.677630E-03 -2.294142E-02 -5.205249E-03
  2.840  1.783062E+01  1.516988E+00  1.850618E+01  1.682607E+00  1.873606E+01  1.734132E+00 -7.404144E-01 -1.549456E-01 -4.338396E-02 -9.180738E-03 -2.358389E-02 -5.522844E-03
  2.860  1.802760E+01  1.574794E+00  1.872332E+01  1.751189E+00  1.895943E+01  1.806070E+00 -7.596650E-01 -1.640571E-01 -4.452166E-02 -9.727195E-03 -2.426156E-02 -5.869085E-03
  2.880  1.823166E+01  1.636245E+00  1.894868E+01  1.824450E+00  1.919138E+01  1.883018E+00 -7.799401E-01 -1.739645E-01 -4.572036E-02 -1.032205E-02 -2.497704E-02 -6.247453E-03
  2.900  1.844318E+01  1.701684E+00  1.918275E+01  1.902867E+00  1.943240E+01  1.965498E+00 -8.013146E-01 -1.847616E-01 -4.698452E-02 -1.097111E-02 -2.573318E-02 -6.661960E-03
  2.920  1.866258E+01  1.771499E+00  1.942604E+01  1.986983E+00  1.968304E+01  2.054105E+00 -8.238696E-01 -1.965561E-01 -4.831899E-02 -1.168102E-02 -2.653305E-02 -7.117248E-03
  2.940  1.889034E+01  1.846128E+00  1.967911E+01  2.077416E+00  1.994389E+01  2.149519E+00 -8.476932E-01 -2.094723E-01 -4.972900E-02 -1.245951E-02 -2.737998E-02 -7.618708E-03
  2.960  1.912693E+01  1.926068E+00  1.994255E+01  2.174874E+00  2.021556E+01  2.252522E+00 -8.728806E-01 -2.236538E-01 -5.122019E-02 -1.331550E-02 -2.827755E-02 -8.172626E-03
  2.980  1.937288E+01  2.011885E+00  2.021701E+01  2.280172E+00  2.049871E+01  2.364013E+00 -8.995343E-01 -2.392674E-01 -5.279862E-02 -1.425937E-02 -2.922962E-02 -8.786358E-03
  3.000  1.962876E+01  2.104225E+00  2.050317E+01  2.394249E+00  2.079406E+01  2.485034E+00 -9.277648E-01 -2.565074E-01 -5.447077E-02 -1.530327E-02 -3.024029E-02 -9.468550E-03
  3.020  1.989517E+01  2.203830E+00  2.080174E+01  2.518193E+00  2.110234E+01  2.616796E+00 -9.576896E-01 -2.756008E-01 -5.624350E-02 -1.646143E-02 -3.131390E-02 -1.022941E-02
  3.040  2.017277E+01  2.311554E+00  2.111349E+01  2.653271E+00  2.142432E+01  2.760710E+00 -9.894335E-01 -2.968144E-01 -5.812398E-02 -1.775058E-02 -3.245497E-02 -1.108104E-02
  3.060  2.046223E+01  2.428384E+00  2.143922E+01  2.800961E+00  2.176079E+01  2.918427E+00 -1.023127E+00 -3.204623E-01 -6.011958E-02 -1.919052E-02 -3.366814E-02 -1.203787E-02
  3.080  2.076430E+01  2.555466E+00  2.177975E+01  2.962996E+00  2.211252E+01  3.091883E+00 -1.058903E+00 -3.469165E-01 -6.223770E-02 -2.080468E-02 -3.495801E-02 -1.311718E-02
  3.100  2.107974E+01  2.694137E+00  2.213590E+01  3.141416E+00  2.248029E+01  3.283357E+00 -1.096895E+00 -3.766181E-01 -6.448540E-02 -2.262098E-02 -3.632895E-02 -1.433981E-02
  3.120  2.140936E+01  2.845960E+00  2.250846E+01  3.338625E+00  2.286473E+01  3.495530E+00 -1.137231E+00 -4.100931E-01 -6.686894E-02 -2.467270E-02 -3.778470E-02 -1.573102E-02
  3.140  2.175396E+01  3.012775E+00  2.289815E+01  3.557471E+00  2.326637E+01  3.731549E+00 -1.180023E+00 -4.479697E-01 -6.939303E-02 -2.699962E-02 -3.932786E-02 -1.732169E-02
  3.160  2.211435E+01  3.196750E+00  2.330554E+01  3.801320E+00  2.368543E+01  3.995099E+00 -1.225351E+00 -4.910006E-01 -7.205969E-02 -2.964939E-02 -4.095893E-02 -1.914979E-02
  3.180  2.249130E+01  3.400451E+00  2.373094E+01  4.074150E+00  2.412173E+01  4.290445E+00 -1.273250E+00 -5.400884E-01 -7.486660E-02 -3.267894E-02 -4.267473E-02 -2.126248E-02
  3.200  2.288548E+01  3.626922E+00  2.417423E+01  4.380642E+00  2.457448E+01  4.622453E+00 -1.323667E+00 -5.963155E-01 -7.780466E-02 -3.615619E-02 -4.446583E-02 -2.371866E-02
  3.220  2.329735E+01  3.879781E+00  2.463470E+01  4.726252E+00  2.504204E+01  4.996526E+00 -1.376428E+00 -6.609766E-01 -8.085459E-02 -4.016156E-02 -4.631186E-02 -2.659211E-02
  3.240  2.372711E+01  4.163317E+00  2.511066E+01  5.117238E+00  2.552169E+01  5.418445E+00 -1.431164E+00 -7.356121E-01 -8.398212E-02 -4.478921E-02 -4.817369E-02 -2.997460E-02
  3.260  2.417441E+01  4.482605E+00  2.559915E+01  5.560594E+00  2.600949E+01  5.894081E+00 -1.487229E+00 -8.220372E-01 -8.713159E-02 -5.014739E-02 -4.998047E-02 -3.397698E-02
  3.280  2.463818E+01  4.843600E+00  2.609549E+01  6.063831E+00  2.650033E+01  6.429062E+00 -1.543577E+00 -9.223585E-01 -9.021775E-02 -5.635720E-02 -5.161047E-02 -3.872402E-02
  3.300  2.511618E+01  5.253184E+00  2.659294E+01  6.634567E+00  2.698831E+01  7.028630E+00 -1.598606E+00 -1.038969E+00 -9.311563E-02 -6.354849E-02 -5.286827E-02 -4.433553E-02
  3.320  2.560456E+01  5.719121E+00  2.708255E+01  7.279966E+00  2.746714E+01  7.698033E+00 -1.649975E+00 -1.174509E+00 -9.564906E-02 -7.185155E-02 -5.346902E-02 -5.088710E-02
  3.340  2.609718E+01  6.249816E+00  2.755335E+01  8.006250E+00  2.793002E+01  8.443631E+00 -1.694360E+00 -1.331791E+00 -9.757930E-02 -8.138201E-02 -5.304955E-02 -5.835489E-02
  3.360  2.658493E+01  6.853765E+00  2.799265E+01  8.818716E+00  2.836817E+01  9.274129E+00 -1.727151E+00 -1.513663E+00 -9.859808E-02 -9.221735E-02 -5.121918E-02 -6.657156E-02
  3.380  2.705508E+01  7.538560E+00  2.838580E+01  9.722433E+00  2.876776E+01  1.020056E+01 -1.741996E+00 -1.722747E+00 -9.833245E-02 -1.043669E-01 -4.762768E-02 -7.522904E-02
  3.400  2.749097E+01  8.309392E+00  2.871425E+01  1.072287E+01  2.910660E+01  1.123381E+01 -1.730185E+00 -1.960855E+00 -9.636642E-02 -1.177462E-01 -4.199246E-02 -8.392186E-02
  3.420  2.787244E+01  9.167186E+00  2.895183E+01  1.182434E+01  2.935226E+01  1.237958E+01 -1.680038E+00 -2.227728E+00 -9.227106E-02 -1.321704E-01 -3.406226E-02 -9.215257E-02
  3.440  2.817717E+01  1.010678E+01  2.906161E+01  1.302411E+01  2.946306E+01  1.363182E+01 -1.576912E+00 -2.518852E+00 -8.561892E-02 -1.473696E-01 -2.360790E-02 -9.922541E-02
  3.460  2.838295E+01  1.111569E+01  2.899739E+01  1.430275E+01  2.939314E+01  1.496600E+01 -1.404778E+00 -2.822667E+00 -7.596058E-02 -1.629991E-01 -1.059462E-02 -1.040947E-01
  3.480  2.847058E+01  1.217384E+01  2.871339E+01  1.561468E+01  2.910220E+01  1.633486E+01 -1.150193E+00 -3.118424E+00 -6.276944E-02 -1.785997E-01  4.428977E-03 -1.054049E-01
  3.500  2.842705E+01  1.325451E+01  2.818140E+01  1.688577E+01  2.856880E+01  1.767046E+01 -8.082369E-01 -3.376829E+00 -4.540593E-02 -1.934625E-01  1.996873E-02 -1.019494E-01
  3.520  2.824846E+01  1.432705E+01  2.740996E+01  1.802373E+01  2.780178E+01  1.889548E+01 -3.880672E-01 -3.565157E+00 -2.320656E-02 -2.063964E-01  3.369435E-02 -9.345947E-02
  3.540  2.794133E+01  1.536139E+01  2.645467E+01  1.894183E+01  2.684233E+01  1.994093E+01  8.572588E-02 -3.656184E+00  4.172919E-03 -2.155087E-01  4.325347E-02 -8.117648E-02
  3.560  2.752068E+01  1.633289E+01  2.541061E+01  1.958736E+01  2.575416E+01  2.076132E+01  5.785157E-01 -3.636817E+00  3.614030E-02 -2.182699E-01  4.738749E-02 -6.760636E-02
  3.580  2.700564E+01  1.722464E+01  2.438653E+01  1.996005E+01  2.460760E+01  2.133913E+01  1.056042E+00 -3.510982E+00  7.057229E-02 -2.121532E-01  4.653977E-02 -5.547528E-02
  3.600  2.641515E+01  1.802653E+01  2.347261E+01  2.010962E+01  2.346779E+01  2.167942E+01  1.493829E+00 -3.294442E+00  1.038182E-01 -1.957600E-01  4.252115E-02 -4.658847E-02
  3.620  2.576571E+01  1.873233E+01  2.271820E+01  2.011378E+01  2.239081E+01  2.180207E+01  1.879856E+00 -3.005071E+00  1.316228E-01 -1.697624E-01  3.753910E-02 -4.131011E-02
  3.640  2.507151E+01  1.933641E+01  2.212946E+01  2.004989E+01  2.142425E+01  2.173797E+01  2.209720E+00 -2.655135E+00  1.505341E-01 -1.369354E-01  3.327242E-02 -3.883289E-02
  3.660  2.434683E+01  1.983130E+01  2.168356E+01  1.997513E+01  2.060624E+01  2.152910E+01  2.478607E+00 -2.250009E+00  1.589148E-01 -1.012306E-01  3.046099E-02 -3.785743E-02
  3.680  2.361033E+01  2.020769E+01  2.134765E+01  1.992180E+01  1.996051E+01  2.122743E+01  2.675575E+00 -1.793044E+00  1.570492E-01 -6.656994E-02  2.898954E-02 -3.721045E-02
  3.700  2.288898E+01  2.045877E+01  2.109200E+01  1.990376E+01  1.949128E+01  2.088882E+01  2.783476E+00 -1.292900E+00  1.465958E-01 -3.606112E-02  2.821870E-02 -3.621965E-02
  3.720  2.221730E+01  2.058761E+01  2.089382E+01  1.992567E+01  1.918293E+01  2.056349E+01  2.784365E+00 -7.687768E-01  1.299763E-01 -1.176029E-02  2.740356E-02 -3.483853E-02
  3.740  2.163059E+01  2.061302E+01  2.073532E+01  1.998858E+01  1.900552E+01  2.028808E+01  2.667435E+00 -2.504332E-01  1.099735E-01  5.355841E-03  2.608356E-02 -3.353094E-02
  3.760  2.115501E+01  2.056901E+01  2.060098E+01  2.009107E+01  1.892303E+01  2.008238E+01  2.435219E+00  2.273984E-01  8.938763E-02  1.544040E-02  2.434654E-02 -3.295946E-02
  3.780  2.080004E+01  2.049814E+01  2.047694E+01  2.022834E+01  1.890076E+01  1.995038E+01  2.104593E+00  6.334803E-01  7.057750E-02  1.977014E-02  2.285662E-02 -3.352120E-02
  3.800  2.055641E+01  2.044177E+01  2.035202E+01  2.039148E+01  1.891072E+01  1.988346E+01  1.702135E+00  9.469092E-01  5.491190E-02  2.047388E-02  2.248436E-02 -3.493008E-02
  3.820  2.039931E+01  2.043125E+01  2.021987E+01  2.056771E+01  1.893541E+01  1.986456E+01  1.256937E+00  1.159147E+00  4.239015E-02  1.988133E-02  2.366665E-02 -3.624709E-02
  3.840  2.029550E+01  2.048213E+01  2.008135E+01  2.074233E+01  1.897049E+01  1.987363E+01  7.947766E-01  1.271612E+00  3.175175E-02  1.966897E-02  2.603101E-02 -3.645020E-02
  3.860  2.021201E+01  2.059263E+01  1.994598E+01  2.090270E+01  1.902475E+01  1.989483E+01  3.354264E-01  1.291347E+00  2.114853E-02  2.022867E-02  2.863726E-02 -3.506404E-02
  3.880  2.012438E+01  2.074658E+01  1.983024E+01  2.104336E+01  1.911564E+01  1.992331E+01 -1.071694E-01  1.226883E+00  9.089496E-03  2.061890E-02  3.057968E-02 -3.232197E-02
  3.900  2.002223E+01  2.091997E+01  1.975254E+01  2.116953E+01  1.926127E+01  1.996816E+01 -5.227080E-01  1.085524E+00 -4.816099E-03  1.914684E-02  3.141645E-02 -2.883034E-02
  3.920  1.991078E+01  2.108924E+01  1.972657E+01  2.129639E+01  1.947236E+01  2.005001E+01 -9.014818E-01  8.728725E-01 -1.970018E-02  1.426820E-02  3.117140E-02 -2.510841E-02
  3.940  1.980819E+01  2.123918E+01  1.975676E+01  2.144455E+01  1.974731E+01  2.019473E+01 -1.232163E+00  5.947051E-01 -3.388914E-02  5.304591E-03  3.003463E-02 -2.133120E-02
  3.960  1.973910E+01  2.136860E+01  1.983756E+01  2.163403E+01  2.007175E+01  2.042599E+01 -1.501944E+00  2.599431E-01 -4.562572E-02 -7.346973E-03  2.798673E-02 -1.737455E-02
  3.980  1.972581E+01  2.149182E+01  1.995598E+01  2.187966E+01  2.042181E+01  2.075929E+01 -1.699121E+00 -1.174642E-01 -5.364817E-02 -2.246825E-02  2.455662E-02 -1.316925E-02
  4.000  1.977977E+01  2.163478E+01  2.009558E+01  2.218894E+01  2.076961E+01  2.119870E+01 -1.816344E+00 -5.191799E-01 -5.743011E-02 -3.845091E-02  1.898542E-02 -9.209511E-03
  4.020  1.989661E+01  2.182665E+01  2.024022E+01  2.256212E+01  2.108915E+01  2.173671E+01 -1.852482E+00 -9.249810E-01 -5.717570E-02 -5.362949E-02  1.085193E-02 -6.757921E-03
  4.040  2.005720E+01  2.208957E+01  2.037677E+01  2.299328E+01  2.136134E+01  2.235654E+01 -1.812753E+00 -1.315304E+00 -5.381979E-02 -6.648682E-02  6.897292E-04 -7.411435E-03
  4.060  2.023542E+01  2.243082E+01  2.049791E+01  2.347184E+01  2.157773E+01  2.303641E+01 -1.708346E+00 -1.673165E+00 -4.911711E-02 -7.598202E-02 -9.950462E-03 -1.231658E-02
  4.080  2.040994E+01  2.284214E+01  2.060493E+01  2.398587E+01  2.174199E+01  2.375537E+01 -1.555949E+00 -1.986475E+00 -4.550350E-02 -8.219748E-02 -1.899035E-02 -2.159394E-02
  4.100  2.057341E+01  2.330791E+01  2.070829E+01  2.452809E+01  2.186831E+01  2.449955E+01 -1.375723E+00 -2.251088E+00 -4.526004E-02 -8.697714E-02 -2.451869E-02 -3.418500E-02
  4.120  2.073292E+01  2.381737E+01  2.082351E+01  2.510133E+01  2.197665E+01  2.526693E+01 -1.186646E+00 -2.472562E+00 -4.906850E-02 -9.373224E-02 -2.548824E-02 -4.809579E-02
  4.140  2.090189E+01  2.437308E+01  2.096457E+01  2.571997E+01  2.208629E+01  2.606937E+01 -1.000974E+00 -2.664227E+00 -5.495949E-02 -1.059574E-01 -2.222643E-02 -6.109459E-02
  4.160  2.108941E+01  2.499118E+01  2.113897E+01  2.640768E+01  2.220896E+01  2.693143E+01 -8.211472E-01 -2.841794E+00 -5.874886E-02 -1.252073E-01 -1.634730E-02 -7.174191E-02
  4.180  2.129298E+01  2.569548E+01  2.134494E+01  2.719495E+01  2.234297E+01  2.788634E+01 -6.409054E-01 -3.017377E+00 -5.588839E-02 -1.499715E-01 -9.837488E-03 -8.013904E-02
  4.200  2.149654E+01  2.650942E+01  2.156810E+01  2.811695E+01  2.246918E+01  2.896939E+01 -4.496677E-01 -3.195858E+00 -4.352857E-02 -1.761343E-01 -3.801336E-03 -8.773345E-02
  4.220  2.167309E+01  2.744895E+01  2.177723E+01  2.920871E+01  2.255029E+01  3.020939E+01 -2.376886E-01 -3.374859E+00 -2.173938E-02 -1.985458E-01  2.231523E-03 -9.623613E-02
  4.240  2.179072E+01  2.851828E+01  2.192273E+01  3.049641E+01  2.253454E+01  3.161996E+01  3.376049E-04 -3.547681E+00  6.398462E-03 -2.129333E-01  9.993139E-03 -1.064316E-01
  4.260  2.181991E+01  2.971049E+01  2.194079E+01  3.198791E+01  2.236407E+01  3.319340E+01  2.645559E-01 -3.707501E+00  3.580655E-02 -2.175964E-01  2.151390E-02 -1.175973E-01
  4.280  2.173809E+01  3.101270E+01  2.176259E+01  3.366660E+01  2.198575E+01  3.490005E+01  5.522045E-01 -3.850644E+00  6.137927E-02 -2.142571E-01  3.812598E-02 -1.276381E-01
  4.300  2.152894E+01  3.241252E+01  2.132531E+01  3.549068E+01  2.136038E+01  3.669372E+01  8.612993E-01 -3.977085E+00  8.023678E-02 -2.074335E-01  5.973628E-02 -1.336818E-01
  4.320  2.117747E+01  3.390127E+01  2.058229E+01  3.739732E+01  2.046706E+01  3.852077E+01  1.193178E+00 -4.088217E+00  9.310979E-02 -2.023759E-01  8.443659E-02 -1.330153E-01
  4.340  2.066459E+01  3.547259E+01  1.951056E+01  3.931110E+01  1.930174E+01  4.032907E+01  1.552672E+00 -4.183977E+00  1.040161E-01 -2.025011E-01  1.087169E-01 -1.243022E-01
  4.360  1.996404E+01  3.711751E+01  1.811375E+01  4.115553E+01  1.787191E+01  4.207369E+01  1.946959E+00 -4.260819E+00  1.182570E-01 -2.076213E-01  1.286158E-01 -1.085743E-01
  4.380  1.904343E+01  3.881812E+01  1.641874E+01  4.286496E+01  1.618995E+01  4.371831E+01  2.383919E+00 -4.310087E+00  1.396653E-01 -2.139829E-01  1.414744E-01 -8.914698E-02
  4.400  1.786963E+01  4.054298E+01  1.446604E+01  4.439329E+01  1.426784E+01  4.523281E+01  2.869117E+00 -4.316793E+00  1.686104E-01 -2.162172E-01  1.472021E-01 -7.021967E-02
  4.420  1.641603E+01  4.224734E+01  1.229639E+01  4.571573E+01  1.211470E+01  4.658837E+01  3.401497E+00 -4.260805E+00  2.019458E-01 -2.100919E-01  1.481731E-01 -5.498738E-02
  4.440  1.466712E+01  4.387742E+01  9.938027E+00  4.682131E+01  9.738127E+00  4.775221E+01  3.970749E+00 -4.121365E+00  2.348231E-01 -1.944058E-01  1.479207E-01 -4.444223E-02
  4.460  1.261893E+01  4.537451E+01  7.402131E+00  4.769724E+01  7.149396E+00  4.868407E+01  4.558782E+00 -3.882019E+00  2.631098E-01 -1.710727E-01  1.495811E-01 -3.736020E-02
  4.480  1.027902E+01  4.667604E+01  4.691833E+00  4.831344E+01  4.370662E+00  4.933769E+01  5.143494E+00 -3.532277E+00  2.850518E-01 -1.437038E-01  1.548573E-01 -3.109091E-02
  4.500  7.669085E+00  4.771651E+01  1.821103E+00  4.861827E+01  1.439402E+00  4.966793E+01  5.700764E+00 -3.066305E+00  3.016116E-01 -1.156301E-01  1.636414E-01 -2.258237E-02
  4.520  4.827817E+00  4.843177E+01 -1.168450E+00  4.854958E+01 -1.594465E+00  4.963902E+01  6.203487E+00 -2.482302E+00  3.155326E-01 -8.819100E-02  1.741571E-01 -9.326672E-03
  4.540  1.810626E+00  4.876454E+01 -4.202644E+00  4.805374E+01 -4.676427E+00  4.922630E+01  6.620475E+00 -1.784956E+00  3.294602E-01 -5.996205E-02  1.834520E-01  9.924535E-03
  4.560 -1.312615E+00  4.866793E+01 -7.181591E+00  4.710284E+01 -7.750954E+00  4.841003E+01  6.918425E+00 -9.894817E-01  3.438371E-01 -2.746748E-02  1.881113E-01  3.468797E-02
  4.580 -4.458148E+00  4.810761E+01 -9.993400E+00  4.570540E+01 -1.075473E+01  4.716999E+01  7.067315E+00 -1.238028E-01  3.557374E-01  1.263225E-02  1.852314E-01  6.257082E-02
  4.600 -7.527565E+00  4.706702E+01 -1.253149E+01  4.390990E+01 -1.360524E+01  4.549155E+01  7.046552E+00  7.732950E-01  3.596600E-01  6.091485E-02  1.735694E-01  8.972636E-02
  4.620 -1.041065E+01  4.555681E+01 -1.471222E+01  4.179910E+01 -1.619785E+01  4.338345E+01  6.848726E+00  1.657082E+00  3.501357E-01  1.138335E-01  1.542520E-01  1.121385E-01
  4.640 -1.299658E+01  4.362433E+01 -1.648721E+01  3.947574E+01 -1.841903E+01  4.089607E+01  6.480204E+00  2.482070E+00  3.246074E-01  1.646238E-01  1.303794E-01  1.271689E-01
  4.660 -1.519263E+01  4.135494E+01 -1.784590E+01  3.704472E+01 -2.017179E+01  3.812702E+01  5.960143E+00  3.205833E+00  2.848666E-01  2.059039E-01  1.056587E-01  1.343745E-01
  4.680 -1.694196E+01  3.886019E+01 -1.880907E+01  3.459793E+01 -2.140034E+01  3.520867E+01  5.319535E+00  3.791989E+00  2.364279E-01  2.324307E-01  8.298270E-02  1.351546E-01
  4.700 -1.823027E+01  3.625699E+01 -1.941687E+01  3.220569E+01 -2.210244E+01  3.228329E+01  4.600265E+00  4.213821E+00  1.864359E-01  2.426881E-01  6.376232E-02  1.316892E-01
  4.720 -1.907881E+01  3.364896E+01 -1.971617E+01  2.991643E+01 -2.232510E+01  2.947703E+01  3.852374E+00  4.459079E+00  1.412749E-01  2.388131E-01  4.810772E-02  1.259376E-01
  4.740 -1.953067E+01  3.111746E+01 -1.975249E+01  2.776224E+01 -2.214848E+01  2.688248E+01  3.127731E+00  4.533888E+00  1.049487E-01  2.252343E-01  3.544802E-02  1.191426E-01
  4.760 -1.963874E+01  2.872150E+01 -1.956814E+01  2.576496E+01 -2.166596E+01  2.455321E+01  2.471350E+00  4.462381E+00  7.868982E-02  2.069096E-01  2.513588E-02  1.118457E-01
  4.780 -1.945814E+01  2.650137E+01 -1.920316E+01  2.393909E+01 -2.096734E+01  2.250819E+01  1.914318E+00  4.281251E+00  6.154985E-02  1.879701E-01  1.678995E-02  1.041870E-01
  4.800 -1.904217E+01  2.448294E+01 -1.869544E+01  2.229219E+01 -2.012841E+01  2.074168E+01  1.471164E+00  4.031928E+00  5.138806E-02  1.710857E-01  1.035018E-02  9.624946E-02
  4.820 -1.844073E+01  2.268162E+01 -1.807946E+01  2.082583E+01 -1.920733E+01  1.923438E+01  1.141291E+00  3.753628E+00  4.579927E-02  1.574414E-01  5.929285E-03  8.830304E-02
  4.840 -1.770060E+01  2.110533E+01 -1.738569E+01  1.953768E+01 -1.824664E+01  1.796265E+01  9.126483E-01  3.478672E+00  4.277877E-02  1.471019E-01  3.562257E-03  8.087474E-02
  4.860 -1.686651E+01  1.975538E+01 -1.664165E+01  1.842334E+01 -1.727829E+01  1.690350E+01  7.661719E-01  3.230078E+00  4.102668E-02  1.395755E-01  2.982063E-03  7.461912E-02
  4.880 -1.598142E+01  1.862583E+01 -1.587371E+01  1.747645E+01 -1.632868E+01  1.603521E+01  6.801535E-01  3.021124E+00  3.985384E-02  1.343429E-01  3.557560E-03  7.005839E-02
  4.900 -1.508477E+01  1.770241E+01 -1.510790E+01  1.668721E+01 -1.542106E+01  1.533496E+01  6.339656E-01  2.856485E+00  3.883069E-02  1.311046E-01  4.435971E-03  6.735179E-02
  4.920 -1.420944E+01  1.696318E+01 -1.436877E+01  1.604036E+01 -1.457449E+01  1.477663E+01  6.107373E-01  2.734583E+00  3.746300E-02  1.296868E-01  4.796707E-03  6.622202E-02
  4.940 -1.337912E+01  1.638132E+01 -1.367650E+01  1.551468E+01 -1.380078E+01  1.433091E+01  5.985295E-01  2.650687E+00  3.511119E-02  1.297628E-01  4.082919E-03  6.604908E-02
  4.960 -1.260780E+01  1.592931E+01 -1.304381E+01  1.508466E+01 -1.310218E+01  1.396867E+01  5.896205E-01  2.599918E+00  3.118719E-02  1.306332E-01  2.129801E-03  6.606792E-02
  4.980 -1.190172E+01  1.558247E+01 -1.247437E+01  1.472411E+01 -1.247210E+01  1.366589E+01  5.782150E-01  2.578840E+00  2.548841E-02  1.312492E-01 -8.383196E-04  6.559491E-02
  5.000 -1.126253E+01  1.532040E+01 -1.196350E+01  1.441008E+01 -1.189944E+01  1.340709E+01  5.580455E-01  2.584790E+00  1.844275E-02  1.305039E-01 -4.337970E-03  6.420410E-02
  5.020 -1.069005E+01  1.512639E+01 -1.150084E+01  1.412575E+01 -1.137398E+01  1.318505E+01  5.216843E-01  2.613629E+00  1.110705E-02  1.276549E-01 -7.820127E-03  6.177671E-02
  5.040 -1.018356E+01  1.498575E+01 -1.107390E+01  1.386146E+01 -1.089009E+01  1.299730E+01  4.621378E-01  2.657875E+00  4.880870E-03  1.227100E-01 -1.081076E-02  5.842905E-02
  5.060 -9.741450E+00  1.488410E+01 -1.067147E+01  1.361364E+01 -1.044718E+01  1.284161E+01  3.754968E-01  2.706821E+00  9.574520E-04  1.165878E-01 -1.295109E-02  5.442543E-02
  5.080 -9.359670E+00  1.480687E+01 -1.028526E+01  1.338219E+01 -1.004739E+01  1.271259E+01  2.628042E-01  2.748562E+00 -3.019571E-04  1.108249E-01 -1.401054E-02  5.014133E-02
  5.100 -9.030100E+00  1.474042E+01 -9.909396E+00  1.316812E+01 -9.691846E+00  1.260062E+01  1.302363E-01  2.772688E+00  3.792454E-04  1.068193E-01 -1.392917E-02  4.603019E-02
  5.120 -8.740174E+00  1.467457E+01 -9.538773E+00  1.297287E+01 -9.377058E+00  1.249348E+01 -1.207135E-02  2.772490E+00  1.636279E-03  1.051026E-01 -1.285740E-02  4.255073E-02
  5.140 -8.474237E+00  1.460521E+01 -9.168161E+00  1.279948E+01 -9.093162E+00  1.238039E+01 -1.518718E-01  2.746390E+00  2.301791E-03  1.052378E-01 -1.116184E-02  4.007002E-02
  5.160 -8.216584E+00  1.453617E+01 -8.793116E+00  1.265413E+01 -8.825599E+00  1.225643E+01 -2.771169E-01  2.698682E+00  1.952382E-03  1.063884E-01 -9.390188E-03  3.874877E-02
  5.180 -7.955796E+00  1.447931E+01 -8.412406E+00  1.254640E+01 -8.559598E+00  1.212481E+01 -3.787008E-01  2.639280E+00  7.748805E-04  1.080188E-01 -8.154838E-03  3.842401E-02
  5.200 -7.689077E+00  1.445171E+01 -8.030389E+00  1.248742E+01 -8.285103E+00  1.199549E+01 -4.531006E-01  2.582048E+00 -1.033705E-03  1.101334E-01 -7.921586E-03  3.857794E-02
  5.220 -7.424487E+00  1.447034E+01 -7.657698E+00  1.248649E+01 -7.999587E+00  1.188103E+01 -5.040031E-01  2.541815E+00 -3.730637E-03  1.128996E-01 -8.804529E-03  3.846259E-02
  5.240 -7.179480E+00  1.454598E+01 -7.309538E+00  1.254794E+01 -7.707486E+00  1.179173E+01 -5.422829E-01  2.530794E+00 -7.917146E-03  1.160900E-01 -1.047393E-02  3.731885E-02
  5.260 -6.976101E+00  1.467920E+01 -7.002559E+00  1.266979E+01 -7.416828E+00  1.173265E+01 -5.842294E-01  2.555353E+00 -1.402914E-02  1.189073E-01 -1.217164E-02  3.460731E-02
  5.280 -6.835145E+00  1.486004E+01 -6.752199E+00  1.284468E+01 -7.135185E+00  1.170365E+01 -6.484057E-01  2.613952E+00 -2.193936E-02  1.202665E-01 -1.282805E-02  3.024692E-02
  5.300 -6.771871E+00  1.507063E+01 -6.571808E+00  1.306140E+01 -6.867303E+00  1.170191E+01 -7.519414E-01  2.696772E+00 -3.089990E-02  1.192019E-01 -1.134232E-02  2.480597E-02
  5.320 -6.794296E+00  1.528868E+01 -6.473021E+00  1.330528E+01 -6.615292E+00  1.172464E+01 -9.071127E-01  2.786937E+00 -3.969896E-02  1.151473E-01 -6.992018E-03  1.948779E-02
  5.340 -6.903095E+00  1.548997E+01 -6.465301E+00  1.355693E+01 -6.380306E+00  1.177021E+01 -1.118692E+00  2.862931E+00 -4.683976E-02  1.080764E-01  2.202873E-04  1.584302E-02
  5.360 -7.091272E+00  1.564989E+01 -6.553034E+00  1.379109E+01 -6.163836E+00  1.183758E+01 -1.382297E+00  2.901980E+00 -5.068522E-02  9.864935E-02  9.449331E-03  1.532194E-02
  5.380 -7.343013E+00  1.574565E+01 -6.730903E+00  1.397828E+01 -5.967570E+00  1.192528E+01 -1.684263E+00  2.884203E+00 -4.974554E-02  8.844271E-02  1.915107E-02  1.882734E-02
  5.400 -7.633522E+00  1.576059E+01 -6.980668E+00  1.409042E+01 -5.792374E+00  1.203144E+01 -2.003733E+00  2.796714E+00 -4.328315E-02  8.001239E-02  2.745355E-02  2.639866E-02
  5.420 -7.932088E+00  1.568891E+01 -7.272435E+00  1.410825E+01 -5.637939E+00  1.215514E+01 -2.316796E+00  2.636038E+00 -3.199286E-02  7.643396E-02  3.265850E-02  3.714775E-02
  5.440 -8.208113E+00  1.553781E+01 -7.570656E+00  1.402680E+01 -5.504064E+00  1.229771E+01 -2.601048E+00  2.407806E+00 -1.825520E-02  8.038699E-02  3.369345E-02  4.948785E-02
  5.460 -8.437082E+00  1.532566E+01 -7.842193E+00  1.385604E+01 -5.393061E+00  1.246257E+01 -2.838714E+00  2.124407E+00 -5.755162E-03  9.324511E-02  3.035267E-02  6.155894E-02
  5.480 -8.604003E+00  1.507787E+01 -8.062936E+00  1.361707E+01 -5.311550E+00  1.265287E+01 -3.017974E+00  1.802249E+00  1.323101E-03  1.145645E-01  2.327055E-02  7.169146E-02
  5.500 -8.704575E+00  1.482281E+01 -8.220873E+00  1.333578E+01 -5.270020E+00  1.286819E+01 -3.133278E+00  1.459391E+00 -8.245649E-04  1.420652E-01  1.365479E-02  7.875625E-02
  5.520 -8.745630E+00  1.458832E+01 -8.315379E+00  1.303663E+01 -5.280059E+00  1.310223E+01 -3.185092E+00  1.113321E+00 -1.491861E-02  1.719714E-01  2.897014E-03  8.226217E-02
  5.540 -8.745062E+00  1.439742E+01 -8.353867E+00  1.273826E+01 -5.350840E+00  1.334293E+01 -3.178766E+00  7.789588E-01 -4.213109E-02  1.995126E-01 -7.696574E-03  8.218024E-02
  5.560 -8.729646E+00  1.426320E+01 -8.347201E+00  1.245168E+01 -5.486735E+00  1.357450E+01 -3.122636E+00  4.675878E-01 -8.178218E-02  2.194656E-01 -1.686341E-02  7.874800E-02
  5.580 -8.729595E+00  1.418473E+01 -8.305275E+00  1.218102E+01 -5.686670E+00  1.377976E+01 -3.026298E+00  1.870246E-01 -1.310901E-01  2.267797E-01 -2.322773E-02  7.260152E-02
  5.600 -8.770854E+00  1.414651E+01 -8.234092E+00  1.192639E+01 -5.944271E+00  1.394168E+01 -2.899795E+00 -5.769841E-02 -1.850277E-01  2.174848E-01 -2.551452E-02  6.515016E-02
  5.620 -8.867964E+00  1.412268E+01 -8.135179E+00  1.168755E+01 -6.247530E+00  1.404444E+01 -2.753429E+00 -2.640407E-01 -2.366996E-01  1.899736E-01 -2.323424E-02  5.860102E-02
  5.640 -9.020544E+00  1.408470E+01 -8.007245E+00  1.146672E+01 -6.578225E+00  1.407575E+01 -2.597396E+00 -4.321328E-01 -2.787688E-01  1.461400E-01 -1.722752E-02  5.526730E-02
  5.660 -9.214904E+00  1.400951E+01 -7.848808E+00  1.126955E+01 -6.912948E+00  1.403033E+01 -2.440971E+00 -5.647892E-01 -3.057008E-01  9.127872E-02 -9.420722E-03  5.663216E-02
  5.680 -9.429706E+00  1.388478E+01 -7.660205E+00  1.110432E+01 -7.226847E+00  1.391271E+01 -2.291710E+00 -6.670118E-01 -3.154234E-01  3.227175E-02 -1.968089E-03  6.300013E-02
  5.700 -9.642693E+00  1.370984E+01 -7.444453E+00  1.098092E+01 -7.498792E+00  1.373714E+01 -2.155035E+00 -7.452906E-01 -3.091236E-01 -2.477446E-02  3.395075E-03  7.391756E-02
  5.720 -9.835909E+00  1.349334E+01 -7.207900E+00  1.091028E+01 -7.715374E+00  1.352453E+01 -2.033995E+00 -8.069936E-01 -2.896477E-01 -7.569882E-02  5.316993E-03  8.872898E-02
  5.740 -9.998566E+00  1.324944E+01 -6.961456E+00  1.090345E+01 -7.872373E+00  1.329822E+01 -1.929032E+00 -8.596768E-01 -2.601603E-01 -1.179472E-01  2.458786E-03  1.066565E-01
  5.760 -1.012797E+01  1.299382E+01 -6.721689E+00  1.096942E+01 -7.974163E+00  1.308024E+01 -1.837953E+00 -9.101056E-01 -2.238812E-01 -1.499067E-01 -6.608022E-03  1.264663E-01
  5.780 -1.022872E+01  1.273971E+01 -6.510403E+00  1.111192E+01 -8.032097E+00  1.288877E+01 -1.756487E+00 -9.632302E-01 -1.842547E-01 -1.708697E-01 -2.308455E-02  1.462038E-01
  5.800 -1.031009E+01  1.249482E+01 -6.352161E+00  1.132660E+01 -8.062536E+00  1.273640E+01 -1.679343E+00 -1.021625E+00 -1.446590E-01 -1.813570E-01 -4.750094E-02  1.632600E-01
  5.820 -1.038183E+01  1.226029E+01 -6.270538E+00  1.160005E+01 -8.084704E+00  1.262914E+01 -1.601271E+00 -1.085608E+00 -1.077015E-01 -1.829979E-01 -7.939569E-02  1.746690E-01
  5.840 -1.045054E+01  1.203256E+01 -6.284511E+00  1.191067E+01 -8.118588E+00  1.256610E+01 -1.517681E+00 -1.153753E+00 -7.483795E-02 -1.778159E-01 -1.171324E-01  1.774993E-01
  5.860 -1.051844E+01  1.180702E+01 -6.405940E+00  1.223081E+01 -8.182972E+00  1.253944E+01 -1.424825E+00 -1.223297E+00 -4.667709E-02 -1.675485E-01 -1.578265E-01  1.693396E-01
  5.880 -1.058513E+01  1.158076E+01 -6.637925E+00  1.252905E+01 -8.293284E+00  1.253465E+01 -1.319976E+00 -1.290210E+00 -2.356132E-02 -1.535308E-01 -1.974680E-01  1.489223E-01
  5.900 -1.065003E+01  1.135277E+01 -6.973335E+00  1.277285E+01 -8.458907E+00  1.253147E+01 -1.201991E+00 -1.349288E+00 -5.847357E-03 -1.370283E-01 -2.314551E-01  1.168103E-01
  5.920 -1.071374E+01  1.112254E+01 -7.393961E+00  1.293240E+01 -8.680582E+00  1.250651E+01 -1.072052E+00 -1.394799E+00  6.272160E-03 -1.195356E-01 -2.557102E-01  7.574013E-02
  5.940 -1.077755E+01  1.088849E+01 -7.871798E+00  1.298532E+01 -8.949501E+00  1.243750E+01 -9.339015E-01 -1.421764E+00  1.311759E-02 -1.027131E-01 -2.679777E-01  3.001204E-02
  5.960 -1.084229E+01  1.064734E+01 -8.372900E+00  1.292019E+01 -9.248861E+00  1.230719E+01 -7.931285E-01 -1.427217E+00  1.567222E-02 -8.802302E-02 -2.682875E-01 -1.598875E-02
  5.980 -1.090687E+01  1.039454E+01 -8.862281E+00  1.273759E+01 -9.556894E+00  1.210576E+01 -6.558179E-01 -1.410694E+00  1.541160E-02 -7.635508E-02 -2.581613E-01 -5.898888E-02
