# GW complex dielectric tensor (red. coord.) without local field effects 
# Scissor operator energy =  0.8000 [eV]
# Tolerance =  0.0200 0.0200
# npweps  = 59
# npwwfn  = 137
# nbands  = 6
# loband  = 2
# nkibz   = 512
# nkbz    = 512
# Lorentzian broadening =  0.1500 [eV]
# omega [eV] RE(eps_11) IM(eps_11) RE(eps_22)IM(eps_22) RE(eps_33) IM(eps_33) RE(eps_12) IM(eps_12)RE(eps_13) IM(eps_13) RE(eps_23) IM(eps_23))
  0.000  1.439128E+01  0.000000E+00  1.425768E+01  0.000000E+00  1.390997E+01  0.000000E+00  7.052810E+00  0.000000E+00  7.003320E+00  0.000000E+00  6.879257E+00  0.000000E+00
  0.020  1.439154E+01  4.008031E-03  1.425794E+01  3.925191E-03  1.391022E+01  3.732206E-03  7.052937E+00  1.923520E-03  7.003446E+00  1.897192E-03  6.879377E+00  1.819123E-03
  0.040  1.439234E+01  8.017144E-03  1.425872E+01  7.851427E-03  1.391096E+01  7.465379E-03  7.053320E+00  3.847549E-03  7.003824E+00  3.794881E-03  6.879739E+00  3.638709E-03
  0.060  1.439367E+01  1.202842E-02  1.426002E+01  1.177976E-02  1.391220E+01  1.120049E-02  7.053958E+00  5.772593E-03  7.004453E+00  5.693565E-03  6.880343E+00  5.459222E-03
  0.080  1.439553E+01  1.604295E-02  1.426184E+01  1.571122E-02  1.391394E+01  1.493850E-02  7.054852E+00  7.699164E-03  7.005335E+00  7.593742E-03  6.881188E+00  7.281125E-03
  0.100  1.439792E+01  2.006180E-02  1.426419E+01  1.964688E-02  1.391617E+01  1.868038E-02  7.056001E+00  9.627770E-03  7.006468E+00  9.495912E-03  6.882275E+00  9.104883E-03
  0.120  1.440085E+01  2.408609E-02  1.426706E+01  2.358778E-02  1.391889E+01  2.242712E-02  7.057407E+00  1.155892E-02  7.007854E+00  1.140058E-02  6.883605E+00  1.093096E-02
  0.140  1.440432E+01  2.811689E-02  1.427045E+01  2.753498E-02  1.392212E+01  2.617968E-02  7.059068E+00  1.349314E-02  7.009493E+00  1.330823E-02  6.885176E+00  1.275983E-02
  0.160  1.440831E+01  3.215530E-02  1.427436E+01  3.148954E-02  1.392584E+01  2.993904E-02  7.060987E+00  1.543093E-02  7.011386E+00  1.521939E-02  6.886991E+00  1.459196E-02
  0.180  1.441285E+01  3.620243E-02  1.427880E+01  3.545253E-02  1.393006E+01  3.370620E-02  7.063163E+00  1.737282E-02  7.013532E+00  1.713456E-02  6.889049E+00  1.642782E-02
  0.200  1.441792E+01  4.025940E-02  1.428377E+01  3.942502E-02  1.393479E+01  3.748214E-02  7.065597E+00  1.931932E-02  7.015933E+00  1.905425E-02  6.891351E+00  1.826789E-02
  0.220  1.442353E+01  4.432731E-02  1.428926E+01  4.340809E-02  1.394001E+01  4.126786E-02  7.068289E+00  2.127096E-02  7.018588E+00  2.097896E-02  6.893897E+00  2.011263E-02
  0.240  1.442968E+01  4.840729E-02  1.429529E+01  4.740282E-02  1.394574E+01  4.506437E-02  7.071241E+00  2.322827E-02  7.021499E+00  2.290923E-02  6.896689E+00  2.196255E-02
  0.260  1.443637E+01  5.250047E-02  1.430184E+01  5.141032E-02  1.395197E+01  4.887267E-02  7.074453E+00  2.519178E-02  7.024667E+00  2.484556E-02  6.899726E+00  2.381811E-02
  0.280  1.444361E+01  5.660801E-02  1.430893E+01  5.543168E-02  1.395871E+01  5.269380E-02  7.077925E+00  2.716203E-02  7.028092E+00  2.678848E-02  6.903010E+00  2.567980E-02
  0.300  1.445139E+01  6.073105E-02  1.431655E+01  5.946803E-02  1.396595E+01  5.652877E-02  7.081660E+00  2.913956E-02  7.031775E+00  2.873853E-02  6.906541E+00  2.754812E-02
  0.320  1.445972E+01  6.487076E-02  1.432471E+01  6.352049E-02  1.397371E+01  6.037862E-02  7.085657E+00  3.112492E-02  7.035718E+00  3.069624E-02  6.910320E+00  2.942357E-02
  0.340  1.446860E+01  6.902832E-02  1.433340E+01  6.759019E-02  1.398197E+01  6.424441E-02  7.089918E+00  3.311865E-02  7.039920E+00  3.266215E-02  6.914349E+00  3.130665E-02
  0.360  1.447803E+01  7.320492E-02  1.434264E+01  7.167829E-02  1.399075E+01  6.812720E-02  7.094444E+00  3.512132E-02  7.044384E+00  3.463680E-02  6.918628E+00  3.319786E-02
  0.380  1.448802E+01  7.740176E-02  1.435242E+01  7.578595E-02  1.400005E+01  7.202806E-02  7.099236E+00  3.713349E-02  7.049111E+00  3.662075E-02  6.923159E+00  3.509771E-02
  0.400  1.449857E+01  8.162008E-02  1.436274E+01  7.991436E-02  1.400987E+01  7.594807E-02  7.104296E+00  3.915574E-02  7.054101E+00  3.861455E-02  6.927942E+00  3.700673E-02
  0.420  1.450967E+01  8.586110E-02  1.437362E+01  8.406469E-02  1.402020E+01  7.988834E-02  7.109625E+00  4.118864E-02  7.059356E+00  4.061878E-02  6.932979E+00  3.892545E-02
  0.440  1.452134E+01  9.012608E-02  1.438505E+01  8.823817E-02  1.403106E+01  8.384998E-02  7.115224E+00  4.323278E-02  7.064878E+00  4.263401E-02  6.938272E+00  4.085438E-02
  0.460  1.453358E+01  9.441629E-02  1.439703E+01  9.243603E-02  1.404245E+01  8.783413E-02  7.121095E+00  4.528877E-02  7.070667E+00  4.466082E-02  6.943820E+00  4.279408E-02
  0.480  1.454639E+01  9.873303E-02  1.440957E+01  9.665950E-02  1.405437E+01  9.184192E-02  7.127239E+00  4.735719E-02  7.076727E+00  4.669980E-02  6.949627E+00  4.474509E-02
  0.500  1.455977E+01  1.030776E-01  1.442267E+01  1.009099E-01  1.406682E+01  9.587453E-02  7.133659E+00  4.943867E-02  7.083057E+00  4.875156E-02  6.955693E+00  4.670797E-02
  0.520  1.457373E+01  1.074514E-01  1.443634E+01  1.051884E-01  1.407981E+01  9.993313E-02  7.140355E+00  5.153384E-02  7.089661E+00  5.081669E-02  6.962021E+00  4.868328E-02
  0.540  1.458827E+01  1.118557E-01  1.445057E+01  1.094964E-01  1.409333E+01  1.040189E-01  7.147330E+00  5.364332E-02  7.096539E+00  5.289583E-02  6.968611E+00  5.067159E-02
  0.560  1.460340E+01  1.162919E-01  1.446538E+01  1.138352E-01  1.410740E+01  1.081332E-01  7.154585E+00  5.576776E-02  7.103694E+00  5.498961E-02  6.975466E+00  5.267348E-02
  0.580  1.461912E+01  1.207614E-01  1.448077E+01  1.182062E-01  1.412202E+01  1.122770E-01  7.162124E+00  5.790782E-02  7.111127E+00  5.709866E-02  6.982587E+00  5.468956E-02
  0.600  1.463543E+01  1.252656E-01  1.449674E+01  1.226107E-01  1.413719E+01  1.164519E-01  7.169946E+00  6.006417E-02  7.118841E+00  5.922363E-02  6.989976E+00  5.672042E-02
  0.620  1.465234E+01  1.298061E-01  1.451329E+01  1.270502E-01  1.415291E+01  1.206589E-01  7.178056E+00  6.223749E-02  7.126837E+00  6.136520E-02  6.997636E+00  5.876667E-02
  0.640  1.466986E+01  1.343843E-01  1.453044E+01  1.315261E-01  1.416920E+01  1.248995E-01  7.186455E+00  6.442848E-02  7.135119E+00  6.352405E-02  7.005568E+00  6.082895E-02
  0.660  1.468798E+01  1.390017E-01  1.454818E+01  1.360398E-01  1.418605E+01  1.291749E-01  7.195146E+00  6.663784E-02  7.143688E+00  6.570086E-02  7.013774E+00  6.290788E-02
  0.680  1.470672E+01  1.436599E-01  1.456652E+01  1.405929E-01  1.420347E+01  1.334866E-01  7.204130E+00  6.886630E-02  7.152546E+00  6.789634E-02  7.022257E+00  6.500413E-02
  0.700  1.472608E+01  1.483605E-01  1.458547E+01  1.451868E-01  1.422146E+01  1.378359E-01  7.213412E+00  7.111460E-02  7.161697E+00  7.011122E-02  7.031019E+00  6.711834E-02
  0.720  1.474607E+01  1.531050E-01  1.460503E+01  1.498232E-01  1.424003E+01  1.422243E-01  7.222992E+00  7.338349E-02  7.171143E+00  7.234622E-02  7.040063E+00  6.925122E-02
  0.740  1.476668E+01  1.578952E-01  1.462520E+01  1.545036E-01  1.425918E+01  1.466533E-01  7.232874E+00  7.567375E-02  7.180885E+00  7.460212E-02  7.049390E+00  7.140343E-02
  0.760  1.478794E+01  1.627327E-01  1.464600E+01  1.592296E-01  1.427893E+01  1.511242E-01  7.243062E+00  7.798617E-02  7.190929E+00  7.687966E-02  7.059004E+00  7.357569E-02
  0.780  1.480984E+01  1.676193E-01  1.466743E+01  1.640030E-01  1.429927E+01  1.556387E-01  7.253556E+00  8.032155E-02  7.201275E+00  7.917965E-02  7.068907E+00  7.576873E-02
  0.800  1.483238E+01  1.725568E-01  1.468949E+01  1.688254E-01  1.432021E+01  1.601982E-01  7.264362E+00  8.268073E-02  7.211928E+00  8.150289E-02  7.079102E+00  7.798328E-02
  0.820  1.485559E+01  1.775469E-01  1.471219E+01  1.736985E-01  1.434175E+01  1.648045E-01  7.275482E+00  8.506455E-02  7.222890E+00  8.385021E-02  7.089592E+00  8.022010E-02
  0.840  1.487946E+01  1.825916E-01  1.473555E+01  1.786243E-01  1.436391E+01  1.694591E-01  7.286919E+00  8.747387E-02  7.234164E+00  8.622244E-02  7.100379E+00  8.247997E-02
  0.860  1.490400E+01  1.876928E-01  1.475956E+01  1.836045E-01  1.438669E+01  1.741636E-01  7.298677E+00  8.990960E-02  7.245754E+00  8.862047E-02  7.111468E+00  8.476367E-02
  0.880  1.492922E+01  1.928524E-01  1.478423E+01  1.886409E-01  1.441010E+01  1.789199E-01  7.310759E+00  9.237263E-02  7.257663E+00  9.104518E-02  7.122860E+00  8.707203E-02
  0.900  1.495513E+01  1.980725E-01  1.480957E+01  1.937356E-01  1.443414E+01  1.837297E-01  7.323169E+00  9.486392E-02  7.269895E+00  9.349747E-02  7.134560E+00  8.940587E-02
  0.920  1.498173E+01  2.033550E-01  1.483559E+01  1.988906E-01  1.445882E+01  1.885948E-01  7.335911E+00  9.738443E-02  7.282454E+00  9.597830E-02  7.146571E+00  9.176605E-02
  0.940  1.500903E+01  2.087023E-01  1.486230E+01  2.041078E-01  1.448415E+01  1.935170E-01  7.348988E+00  9.993513E-02  7.295343E+00  9.848862E-02  7.158896E+00  9.415345E-02
  0.960  1.503705E+01  2.141164E-01  1.488970E+01  2.093894E-01  1.451013E+01  1.984982E-01  7.362405E+00  1.025171E-01  7.308566E+00  1.010294E-01  7.171539E+00  9.656897E-02
  0.980  1.506579E+01  2.195996E-01  1.491781E+01  2.147375E-01  1.453678E+01  2.035405E-01  7.376166E+00  1.051312E-01  7.322128E+00  1.036017E-01  7.184503E+00  9.901353E-02
  1.000  1.509525E+01  2.251543E-01  1.494662E+01  2.201544E-01  1.456409E+01  2.086458E-01  7.390274E+00  1.077788E-01  7.336031E+00  1.062066E-01  7.197793E+00  1.014881E-01
  1.020  1.512546E+01  2.307828E-01  1.497616E+01  2.256423E-01  1.459209E+01  2.138162E-01  7.404736E+00  1.104607E-01  7.350282E+00  1.088450E-01  7.211413E+00  1.039936E-01
  1.040  1.515642E+01  2.364875E-01  1.500643E+01  2.312036E-01  1.462078E+01  2.190537E-01  7.419554E+00  1.131783E-01  7.364884E+00  1.115182E-01  7.225366E+00  1.065311E-01
  1.060  1.518813E+01  2.422711E-01  1.503744E+01  2.368407E-01  1.465016E+01  2.243608E-01  7.434734E+00  1.159326E-01  7.379842E+00  1.142273E-01  7.239657E+00  1.091016E-01
  1.080  1.522062E+01  2.481361E-01  1.506920E+01  2.425562E-01  1.468025E+01  2.297394E-01  7.450280E+00  1.187248E-01  7.395160E+00  1.169733E-01  7.254290E+00  1.117062E-01
  1.100  1.525388E+01  2.540853E-01  1.510172E+01  2.483525E-01  1.471106E+01  2.351921E-01  7.466199E+00  1.215563E-01  7.410845E+00  1.197577E-01  7.269270E+00  1.143459E-01
  1.120  1.528794E+01  2.601214E-01  1.513501E+01  2.542324E-01  1.474259E+01  2.407211E-01  7.482494E+00  1.244282E-01  7.426899E+00  1.225815E-01  7.284602E+00  1.170219E-01
  1.140  1.532280E+01  2.662472E-01  1.516908E+01  2.601986E-01  1.477486E+01  2.463290E-01  7.499171E+00  1.273420E-01  7.443330E+00  1.254461E-01  7.300290E+00  1.197354E-01
  1.160  1.535848E+01  2.724658E-01  1.520395E+01  2.662539E-01  1.480787E+01  2.520184E-01  7.516237E+00  1.302989E-01  7.460142E+00  1.283528E-01  7.316339E+00  1.224875E-01
  1.180  1.539498E+01  2.787802E-01  1.523963E+01  2.724012E-01  1.484164E+01  2.577917E-01  7.533696E+00  1.333005E-01  7.477341E+00  1.313029E-01  7.332755E+00  1.252796E-01
  1.200  1.543233E+01  2.851936E-01  1.527612E+01  2.786436E-01  1.487618E+01  2.636518E-01  7.551555E+00  1.363480E-01  7.494933E+00  1.342980E-01  7.349542E+00  1.281127E-01
  1.220  1.547052E+01  2.917093E-01  1.531344E+01  2.849842E-01  1.491150E+01  2.696014E-01  7.569819E+00  1.394432E-01  7.512923E+00  1.373394E-01  7.366707E+00  1.309884E-01
  1.240  1.550959E+01  2.983305E-01  1.535161E+01  2.914262E-01  1.494762E+01  2.756435E-01  7.588495E+00  1.425874E-01  7.531319E+00  1.404287E-01  7.384254E+00  1.339078E-01
  1.260  1.554954E+01  3.050609E-01  1.539063E+01  2.979729E-01  1.498453E+01  2.817810E-01  7.607590E+00  1.457823E-01  7.550125E+00  1.435673E-01  7.402191E+00  1.368725E-01
  1.280  1.559038E+01  3.119041E-01  1.543053E+01  3.046278E-01  1.502227E+01  2.880171E-01  7.627110E+00  1.490297E-01  7.569349E+00  1.467570E-01  7.420522E+00  1.398839E-01
  1.300  1.563213E+01  3.188638E-01  1.547131E+01  3.113944E-01  1.506083E+01  2.943548E-01  7.647062E+00  1.523311E-01  7.588998E+00  1.499995E-01  7.439253E+00  1.429434E-01
  1.320  1.567481E+01  3.259439E-01  1.551299E+01  3.182766E-01  1.510024E+01  3.007976E-01  7.667453E+00  1.556884E-01  7.609078E+00  1.532963E-01  7.458392E+00  1.460527E-01
  1.340  1.571843E+01  3.331484E-01  1.555559E+01  3.252780E-01  1.514051E+01  3.073489E-01  7.688291E+00  1.591035E-01  7.629597E+00  1.566494E-01  7.477945E+00  1.492132E-01
  1.360  1.576301E+01  3.404816E-01  1.559912E+01  3.324027E-01  1.518164E+01  3.140121E-01  7.709584E+00  1.625782E-01  7.650562E+00  1.600605E-01  7.497919E+00  1.524268E-01
  1.380  1.580856E+01  3.479477E-01  1.564360E+01  3.396548E-01  1.522367E+01  3.207910E-01  7.731338E+00  1.661146E-01  7.671981E+00  1.635316E-01  7.518320E+00  1.556950E-01
  1.400  1.585511E+01  3.555513E-01  1.568904E+01  3.470385E-01  1.526659E+01  3.276894E-01  7.753564E+00  1.697146E-01  7.693862E+00  1.670647E-01  7.539157E+00  1.590197E-01
  1.420  1.590267E+01  3.632971E-01  1.573546E+01  3.545584E-01  1.531044E+01  3.347113E-01  7.776268E+00  1.733805E-01  7.716213E+00  1.706619E-01  7.560435E+00  1.624026E-01
  1.440  1.595126E+01  3.711899E-01  1.578289E+01  3.622189E-01  1.535521E+01  3.418606E-01  7.799459E+00  1.771145E-01  7.739042E+00  1.743253E-01  7.582164E+00  1.658458E-01
  1.460  1.600089E+01  3.792347E-01  1.583133E+01  3.700250E-01  1.540094E+01  3.491418E-01  7.823148E+00  1.809188E-01  7.762359E+00  1.780571E-01  7.604351E+00  1.693512E-01
  1.480  1.605160E+01  3.874368E-01  1.588081E+01  3.779815E-01  1.544764E+01  3.565591E-01  7.847342E+00  1.847959E-01  7.786172E+00  1.818597E-01  7.627005E+00  1.729208E-01
  1.500  1.610340E+01  3.958016E-01  1.593135E+01  3.860937E-01  1.549532E+01  3.641172E-01  7.872052E+00  1.887482E-01  7.810490E+00  1.857354E-01  7.650133E+00  1.765567E-01
  1.520  1.615631E+01  4.043350E-01  1.598297E+01  3.943668E-01  1.554401E+01  3.718209E-01  7.897287E+00  1.927784E-01  7.835324E+00  1.896867E-01  7.673745E+00  1.802613E-01
  1.540  1.621035E+01  4.130427E-01  1.603569E+01  4.028066E-01  1.559373E+01  3.796750E-01  7.923058E+00  1.968891E-01  7.860684E+00  1.937163E-01  7.697850E+00  1.840366E-01
  1.560  1.626555E+01  4.219309E-01  1.608952E+01  4.114189E-01  1.564448E+01  3.876847E-01  7.949376E+00  2.010831E-01  7.886579E+00  1.978269E-01  7.722457E+00  1.878852E-01
  1.580  1.632194E+01  4.310060E-01  1.614451E+01  4.202096E-01  1.569631E+01  3.958554E-01  7.976251E+00  2.053634E-01  7.913020E+00  2.020213E-01  7.747575E+00  1.918096E-01
  1.600  1.637952E+01  4.402748E-01  1.620066E+01  4.291852E-01  1.574922E+01  4.041927E-01  8.003694E+00  2.097330E-01  7.940019E+00  2.063023E-01  7.773216E+00  1.958122E-01
  1.620  1.643834E+01  4.497443E-01  1.625800E+01  4.383522E-01  1.580323E+01  4.127023E-01  8.031718E+00  2.141951E-01  7.967587E+00  2.106731E-01  7.799389E+00  1.998958E-01
  1.640  1.649842E+01  4.594216E-01  1.631656E+01  4.477174E-01  1.585838E+01  4.213904E-01  8.060336E+00  2.187529E-01  7.995735E+00  2.151369E-01  7.826104E+00  2.040632E-01
  1.660  1.655978E+01  4.693145E-01  1.637637E+01  4.572882E-01  1.591468E+01  4.302631E-01  8.089558E+00  2.234100E-01  8.024477E+00  2.196969E-01  7.853374E+00  2.083172E-01
  1.680  1.662246E+01  4.794309E-01  1.643745E+01  4.670719E-01  1.597216E+01  4.393271E-01  8.119399E+00  2.281698E-01  8.053824E+00  2.243566E-01  7.881208E+00  2.126609E-01
  1.700  1.668647E+01  4.897791E-01  1.649982E+01  4.770764E-01  1.603085E+01  4.485893E-01  8.149872E+00  2.330363E-01  8.083790E+00  2.291198E-01  7.909620E+00  2.170975E-01
  1.720  1.675186E+01  5.003678E-01  1.656352E+01  4.873099E-01  1.609076E+01  4.580567E-01  8.180991E+00  2.380133E-01  8.114388E+00  2.339900E-01  7.938622E+00  2.216302E-01
  1.740  1.681866E+01  5.112060E-01  1.662859E+01  4.977809E-01  1.615194E+01  4.677369E-01  8.212770E+00  2.431050E-01  8.145633E+00  2.389713E-01  7.968226E+00  2.262624E-01
  1.760  1.688689E+01  5.223034E-01  1.669504E+01  5.084984E-01  1.621439E+01  4.776377E-01  8.245225E+00  2.483155E-01  8.177539E+00  2.440679E-01  7.998444E+00  2.309978E-01
  1.780  1.695660E+01  5.336699E-01  1.676291E+01  5.194717E-01  1.627817E+01  4.877672E-01  8.278372E+00  2.536495E-01  8.210122E+00  2.492840E-01  8.029292E+00  2.358401E-01
  1.800  1.702781E+01  5.453159E-01  1.683224E+01  5.307107E-01  1.634328E+01  4.981340E-01  8.312226E+00  2.591116E-01  8.243396E+00  2.546242E-01  8.060783E+00  2.407932E-01
  1.820  1.710056E+01  5.572524E-01  1.690305E+01  5.422255E-01  1.640977E+01  5.087470E-01  8.346804E+00  2.647068E-01  8.277379E+00  2.600931E-01  8.092931E+00  2.458611E-01
  1.840  1.717490E+01  5.694910E-01  1.697540E+01  5.540271E-01  1.647767E+01  5.196155E-01  8.382124E+00  2.704403E-01  8.312086E+00  2.656958E-01  8.125751E+00  2.510482E-01
  1.860  1.725086E+01  5.820436E-01  1.704931E+01  5.661268E-01  1.654701E+01  5.307494E-01  8.418204E+00  2.763174E-01  8.347537E+00  2.714375E-01  8.159260E+00  2.563589E-01
  1.880  1.732848E+01  5.949230E-01  1.712482E+01  5.785363E-01  1.661783E+01  5.421590E-01  8.455063E+00  2.823439E-01  8.383749E+00  2.773237E-01  8.193474E+00  2.617978E-01
  1.900  1.740781E+01  6.081426E-01  1.720197E+01  5.912681E-01  1.669016E+01  5.538549E-01  8.492720E+00  2.885258E-01  8.420740E+00  2.833599E-01  8.228408E+00  2.673700E-01
  1.920  1.748888E+01  6.217162E-01  1.728081E+01  6.043355E-01  1.676404E+01  5.658486E-01  8.531196E+00  2.948694E-01  8.458531E+00  2.895524E-01  8.264082E+00  2.730804E-01
  1.940  1.757175E+01  6.356589E-01  1.736138E+01  6.177520E-01  1.683951E+01  5.781519E-01  8.570511E+00  3.013812E-01  8.497143E+00  2.959073E-01  8.300513E+00  2.789346E-01
  1.960  1.765647E+01  6.499860E-01  1.744373E+01  6.315324E-01  1.691660E+01  5.907772E-01  8.610688E+00  3.080682E-01  8.536595E+00  3.024315E-01  8.337719E+00  2.849380E-01
  1.980  1.774308E+01  6.647139E-01  1.752790E+01  6.456918E-01  1.699537E+01  6.037377E-01  8.651750E+00  3.149378E-01  8.576911E+00  3.091317E-01  8.375721E+00  2.910968E-01
  2.000  1.783164E+01  6.798601E-01  1.761394E+01  6.602464E-01  1.707586E+01  6.170473E-01  8.693721E+00  3.219976E-01  8.618113E+00  3.160155E-01  8.414538E+00  2.974171E-01
  2.020  1.792219E+01  6.954426E-01  1.770190E+01  6.752131E-01  1.715810E+01  6.307203E-01  8.736624E+00  3.292559E-01  8.660225E+00  3.230907E-01  8.454192E+00  3.039054E-01
  2.040  1.801481E+01  7.114809E-01  1.779184E+01  6.906098E-01  1.724216E+01  6.447722E-01  8.780487E+00  3.367212E-01  8.703273E+00  3.303653E-01  8.494706E+00  3.105687E-01
  2.060  1.810954E+01  7.279952E-01  1.788382E+01  7.064556E-01  1.732807E+01  6.592191E-01  8.825335E+00  3.444026E-01  8.747282E+00  3.378480E-01  8.536100E+00  3.174141E-01
  2.080  1.820645E+01  7.450072E-01  1.797789E+01  7.227703E-01  1.741589E+01  6.740779E-01  8.871198E+00  3.523096E-01  8.792279E+00  3.455480E-01  8.578400E+00  3.244494E-01
  2.100  1.830560E+01  7.625397E-01  1.807410E+01  7.395751E-01  1.750567E+01  6.893667E-01  8.918104E+00  3.604524E-01  8.838292E+00  3.534749E-01  8.621631E+00  3.316826E-01
  2.120  1.840706E+01  7.806168E-01  1.817254E+01  7.568925E-01  1.759747E+01  7.051044E-01  8.966085E+00  3.688418E-01  8.885352E+00  3.616390E-01  8.665817E+00  3.391221E-01
  2.140  1.851091E+01  7.992642E-01  1.827326E+01  7.747462E-01  1.769135E+01  7.213112E-01  9.015171E+00  3.774891E-01  8.933488E+00  3.700510E-01  8.710986E+00  3.467769E-01
  2.160  1.861721E+01  8.185092E-01  1.837633E+01  7.931612E-01  1.778737E+01  7.380082E-01  9.065396E+00  3.864063E-01  8.982733E+00  3.787223E-01  8.757167E+00  3.546565E-01
  2.180  1.872604E+01  8.383806E-01  1.848182E+01  8.121644E-01  1.788558E+01  7.552180E-01  9.116795E+00  3.956063E-01  9.033120E+00  3.876652E-01  8.804387E+00  3.627709E-01
  2.200  1.883748E+01  8.589092E-01  1.858981E+01  8.317841E-01  1.798607E+01  7.729644E-01  9.169406E+00  4.051025E-01  9.084685E+00  3.968924E-01  8.852677E+00  3.711306E-01
  2.220  1.895162E+01  8.801277E-01  1.870039E+01  8.520504E-01  1.808889E+01  7.912727E-01  9.223264E+00  4.149096E-01  9.137464E+00  4.064177E-01  8.902070E+00  3.797468E-01
  2.240  1.906854E+01  9.020710E-01  1.881362E+01  8.729953E-01  1.819413E+01  8.101697E-01  9.278412E+00  4.250427E-01  9.191495E+00  4.162556E-01  8.952599E+00  3.886315E-01
  2.260  1.918834E+01  9.247762E-01  1.892961E+01  8.946532E-01  1.830184E+01  8.296840E-01  9.334890E+00  4.355183E-01  9.246820E+00  4.264216E-01  9.004298E+00  3.977971E-01
  2.280  1.931112E+01  9.482831E-01  1.904843E+01  9.170603E-01  1.841213E+01  8.498460E-01  9.392743E+00  4.463538E-01  9.303478E+00  4.369321E-01  9.057203E+00  4.072570E-01
  2.300  1.943698E+01  9.726340E-01  1.917020E+01  9.402555E-01  1.852506E+01  8.706879E-01  9.452017E+00  4.575679E-01  9.361516E+00  4.478048E-01  9.111353E+00  4.170254E-01
  2.320  1.956602E+01  9.978743E-01  1.929500E+01  9.642805E-01  1.864072E+01  8.922443E-01  9.512759E+00  4.691803E-01  9.420980E+00  4.590584E-01  9.166787E+00  4.271174E-01
  2.340  1.969836E+01  1.024053E+00  1.942294E+01  9.891795E-01  1.875922E+01  9.145518E-01  9.575021E+00  4.812125E-01  9.481917E+00  4.707128E-01  9.223547E+00  4.375490E-01
  2.360  1.983411E+01  1.051221E+00  1.955414E+01  1.015000E+00  1.888063E+01  9.376496E-01  9.638857E+00  4.936871E-01  9.544379E+00  4.827897E-01  9.281677E+00  4.483373E-01
  2.380  1.997341E+01  1.079435E+00  1.968871E+01  1.041794E+00  1.900507E+01  9.615799E-01  9.704321E+00  5.066286E-01  9.608421E+00  4.953119E-01  9.341222E+00  4.595004E-01
  2.400  2.011639E+01  1.108756E+00  1.982678E+01  1.069615E+00  1.913264E+01  9.863874E-01  9.771474E+00  5.200631E-01  9.674097E+00  5.083040E-01  9.402229E+00  4.710579E-01
  2.420  2.026318E+01  1.139247E+00  1.996847E+01  1.098522E+00  1.926345E+01  1.012120E+00  9.840378E+00  5.340189E-01  9.741468E+00  5.217925E-01  9.464751E+00  4.830305E-01
  2.440  2.041393E+01  1.170979E+00  2.011392E+01  1.128578E+00  1.939762E+01  1.038830E+00  9.911098E+00  5.485263E-01  9.810597E+00  5.358059E-01  9.528839E+00  4.954404E-01
  2.460  2.056880E+01  1.204027E+00  2.026328E+01  1.159852E+00  1.953527E+01  1.066573E+00  9.983704E+00  5.636179E-01  9.881549E+00  5.503746E-01  9.594549E+00  5.083114E-01
  2.480  2.072794E+01  1.238471E+00  2.041670E+01  1.192418E+00  1.967653E+01  1.095408E+00  1.005827E+01  5.793291E-01  9.954395E+00  5.655316E-01  9.661939E+00  5.216690E-01
  2.500  2.089154E+01  1.274401E+00  2.057433E+01  1.226354E+00  1.982154E+01  1.125399E+00  1.013487E+01  5.956978E-01  1.002921E+01  5.813125E-01  9.731072E+00  5.355406E-01
  2.520  2.105978E+01  1.311911E+00  2.073636E+01  1.261748E+00  1.997045E+01  1.156616E+00  1.021359E+01  6.127654E-01  1.010606E+01  5.977558E-01  9.802012E+00  5.499557E-01
  2.540  2.123285E+01  1.351105E+00  2.090295E+01  1.298691E+00  2.012340E+01  1.189134E+00  1.029451E+01  6.305766E-01  1.018505E+01  6.149031E-01  9.874827E+00  5.649458E-01
  2.560  2.141096E+01  1.392095E+00  2.107431E+01  1.337286E+00  2.028057E+01  1.223034E+00  1.037773E+01  6.491799E-01  1.026625E+01  6.327995E-01  9.949590E+00  5.805451E-01
  2.580  2.159433E+01  1.435005E+00  2.125063E+01  1.377642E+00  2.044211E+01  1.258403E+00  1.046334E+01  6.686281E-01  1.034975E+01  6.514941E-01  1.002638E+01  5.967904E-01
  2.600  2.178320E+01  1.479968E+00  2.143213E+01  1.419879E+00  2.060821E+01  1.295337E+00  1.055144E+01  6.889789E-01  1.043566E+01  6.710403E-01  1.010527E+01  6.137216E-01
  2.620  2.197780E+01  1.527131E+00  2.161904E+01  1.464129E+00  2.077907E+01  1.333940E+00  1.064216E+01  7.102951E-01  1.052407E+01  6.914961E-01  1.018635E+01  6.313816E-01
  2.640  2.217840E+01  1.576654E+00  2.181160E+01  1.510533E+00  2.095489E+01  1.374324E+00  1.073559E+01  7.326454E-01  1.061511E+01  7.129250E-01  1.026971E+01  6.498173E-01
  2.660  2.238530E+01  1.628713E+00  2.201007E+01  1.559250E+00  2.113588E+01  1.416613E+00  1.083187E+01  7.561053E-01  1.070888E+01  7.353966E-01  1.035545E+01  6.690791E-01
  2.680  2.259878E+01  1.683502E+00  2.221472E+01  1.610450E+00  2.132228E+01  1.460941E+00  1.093113E+01  7.807575E-01  1.080551E+01  7.589870E-01  1.044366E+01  6.892224E-01
  2.700  2.281916E+01  1.741234E+00  2.242586E+01  1.664324E+00  2.151432E+01  1.507455E+00  1.103351E+01  8.066932E-01  1.090514E+01  7.837799E-01  1.053446E+01  7.103071E-01
  2.720  2.304680E+01  1.802146E+00  2.264379E+01  1.721079E+00  2.171228E+01  1.556318E+00  1.113916E+01  8.340131E-01  1.100790E+01  8.098675E-01  1.062796E+01  7.323989E-01
  2.740  2.328205E+01  1.866499E+00  2.286885E+01  1.780947E+00  2.191643E+01  1.607707E+00  1.124824E+01  8.628283E-01  1.111395E+01  8.373514E-01  1.072428E+01  7.555694E-01
  2.760  2.352532E+01  1.934583E+00  2.310141E+01  1.844182E+00  2.212707E+01  1.661819E+00  1.136092E+01  8.932624E-01  1.122345E+01  8.663443E-01  1.082354E+01  7.798971E-01
  2.780  2.377702E+01  2.006722E+00  2.334183E+01  1.911068E+00  2.234450E+01  1.718871E+00  1.147739E+01  9.254526E-01  1.133657E+01  8.969710E-01  1.092590E+01  8.054685E-01
  2.800  2.403760E+01  2.083276E+00  2.359055E+01  1.981920E+00  2.256909E+01  1.779103E+00  1.159784E+01  9.595520E-01  1.145350E+01  9.293702E-01  1.103149E+01  8.323782E-01
  2.820  2.430755E+01  2.164649E+00  2.384800E+01  2.057093E+00  2.280118E+01  1.842782E+00  1.172249E+01  9.957318E-01  1.157444E+01  9.636969E-01  1.114048E+01  8.607312E-01
  2.840  2.458740E+01  2.251296E+00  2.411465E+01  2.136979E+00  2.304116E+01  1.910207E+00  1.185156E+01  1.034184E+00  1.169960E+01  1.000124E+00  1.125303E+01  8.906432E-01
  2.860  2.487769E+01  2.343728E+00  2.439101E+01  2.222023E+00  2.328946E+01  1.981708E+00  1.198529E+01  1.075125E+00  1.182921E+01  1.038847E+00  1.136931E+01  9.222423E-01
  2.880  2.517904E+01  2.442521E+00  2.467764E+01  2.312723E+00  2.354651E+01  2.057660E+00  1.212394E+01  1.118798E+00  1.196351E+01  1.080082E+00  1.148953E+01  9.556713E-01
  2.900  2.549210E+01  2.548333E+00  2.497511E+01  2.409646E+00  2.381280E+01  2.138480E+00  1.226780E+01  1.165480E+00  1.210277E+01  1.124079E+00  1.161389E+01  9.910888E-01
  2.920  2.581755E+01  2.661907E+00  2.528407E+01  2.513430E+00  2.408884E+01  2.224641E+00  1.241717E+01  1.215486E+00  1.224728E+01  1.171116E+00  1.174261E+01  1.028672E+00
  2.940  2.615615E+01  2.784096E+00  2.560519E+01  2.624806E+00  2.437519E+01  2.316677E+00  1.257236E+01  1.269174E+00  1.239733E+01  1.221511E+00  1.187592E+01  1.068621E+00
  2.960  2.650869E+01  2.915876E+00  2.593920E+01  2.744607E+00  2.467244E+01  2.415195E+00  1.273371E+01  1.326956E+00  1.255325E+01  1.275628E+00  1.201409E+01  1.111158E+00
  2.980  2.687604E+01  3.058371E+00  2.628688E+01  2.873787E+00  2.498121E+01  2.520887E+00  1.290160E+01  1.389305E+00  1.271538E+01  1.333883E+00  1.215738E+01  1.156535E+00
  3.000  2.725910E+01  3.212878E+00  2.664905E+01  3.013447E+00  2.530219E+01  2.634544E+00  1.307640E+01  1.456768E+00  1.288411E+01  1.396755E+00  1.230609E+01  1.205038E+00
  3.020  2.765883E+01  3.380904E+00  2.702660E+01  3.164859E+00  2.563610E+01  2.757076E+00  1.325852E+01  1.529978E+00  1.305981E+01  1.464797E+00  1.246054E+01  1.256991E+00
  3.040  2.807624E+01  3.564203E+00  2.742045E+01  3.329497E+00  2.598372E+01  2.889531E+00  1.344838E+01  1.609672E+00  1.324291E+01  1.538651E+00  1.262105E+01  1.312762E+00
  3.060  2.851238E+01  3.764823E+00  2.783158E+01  3.509079E+00  2.634584E+01  3.033125E+00  1.364640E+01  1.696713E+00  1.343384E+01  1.619063E+00  1.278801E+01  1.372775E+00
  3.080  2.896829E+01  3.985169E+00  2.826097E+01  3.705612E+00  2.672333E+01  3.189268E+00  1.385301E+01  1.792106E+00  1.363304E+01  1.706907E+00  1.296179E+01  1.437514E+00
  3.100  2.944501E+01  4.228067E+00  2.870962E+01  3.921450E+00  2.711704E+01  3.359609E+00  1.406861E+01  1.897035E+00  1.384096E+01  1.803206E+00  1.314280E+01  1.507538E+00
  3.120  2.994350E+01  4.496845E+00  2.917849E+01  4.159353E+00  2.752788E+01  3.546077E+00  1.429354E+01  2.012885E+00  1.405804E+01  1.909166E+00  1.333148E+01  1.583495E+00
  3.140  3.046455E+01  4.795426E+00  2.966845E+01  4.422565E+00  2.795670E+01  3.750938E+00  1.452807E+01  2.141276E+00  1.428466E+01  2.026203E+00  1.352830E+01  1.666138E+00
  3.160  3.100871E+01  5.128419E+00  3.018017E+01  4.714893E+00  2.840431E+01  3.976856E+00  1.477228E+01  2.284087E+00  1.452116E+01  2.155992E+00  1.373373E+01  1.756348E+00
  3.180  3.157606E+01  5.501212E+00  3.071405E+01  5.040778E+00  2.887136E+01  4.226963E+00  1.502604E+01  2.443474E+00  1.476771E+01  2.300495E+00  1.394826E+01  1.855154E+00
  3.200  3.216601E+01  5.920038E+00  3.127002E+01  5.405357E+00  2.935831E+01  4.504937E+00  1.528887E+01  2.621854E+00  1.502429E+01  2.462008E+00  1.417237E+01  1.963770E+00
  3.220  3.277703E+01  6.391978E+00  3.184733E+01  5.814488E+00  2.986521E+01  4.815061E+00  1.555983E+01  2.821840E+00  1.529056E+01  2.643179E+00  1.440652E+01  2.083628E+00
  3.240  3.340627E+01  6.924869E+00  3.244434E+01  6.274703E+00  3.039155E+01  5.162272E+00  1.583742E+01  3.046113E+00  1.556571E+01  2.847004E+00  1.465113E+01  2.216424E+00
  3.260  3.404924E+01  7.527066E+00  3.305832E+01  6.793095E+00  3.093603E+01  5.552149E+00  1.611953E+01  3.297209E+00  1.584828E+01  3.076761E+00  1.490647E+01  2.364169E+00
  3.280  3.469965E+01  8.207093E+00  3.368527E+01  7.377160E+00  3.149620E+01  5.990807E+00  1.640363E+01  3.577293E+00  1.613601E+01  3.335861E+00  1.517268E+01  2.529241E+00
  3.300  3.534939E+01  8.973291E+00  3.431999E+01  8.034741E+00  3.206826E+01  6.484669E+00  1.668708E+01  3.888084E+00  1.642573E+01  3.627593E+00  1.544953E+01  2.714445E+00
  3.320  3.598878E+01  9.833764E+00  3.495600E+01  8.774268E+00  3.264684E+01  7.040110E+00  1.696758E+01  4.231168E+00  1.671335E+01  3.954810E+00  1.573634E+01  2.923030E+00
  3.340  3.660653E+01  1.079686E+01  3.558508E+01  9.605347E+00  3.322501E+01  7.663084E+00  1.724322E+01  4.608832E+00  1.699423E+01  4.319706E+00  1.603164E+01  3.158634E+00
  3.360  3.718898E+01  1.187206E+01  3.619578E+01  1.053925E+01  3.379448E+01  8.358941E+00  1.751171E+01  5.025005E+00  1.726348E+01  4.723959E+00  1.633292E+01  3.425050E+00
  3.380  3.771776E+01  1.307042E+01  3.677106E+01  1.158827E+01  3.434553E+01  9.132583E+00  1.776860E+01  5.485447E+00  1.751611E+01  5.169384E+00  1.663645E+01  3.725759E+00
  3.400  3.816632E+01  1.440327E+01  3.728580E+01  1.276315E+01  3.486640E+01  9.988664E+00  1.800542E+01  5.996477E+00  1.774606E+01  5.658724E+00  1.693742E+01  4.063320E+00
  3.420  3.849625E+01  1.587790E+01  3.770577E+01  1.406852E+01  3.534192E+01  1.093098E+01  1.820891E+01  6.562487E+00  1.794421E+01  6.195446E+00  1.723069E+01  4.438966E+00
  3.440  3.865588E+01  1.748942E+01  3.798924E+01  1.549731E+01  3.575226E+01  1.196030E+01  1.836163E+01  7.183095E+00  1.809625E+01  6.781375E+00  1.751160E+01  4.852908E+00
  3.460  3.858441E+01  1.921016E+01  3.809182E+01  1.702552E+01  3.607342E+01  1.307079E+01  1.844418E+01  7.850657E+00  1.818258E+01  7.412220E+00  1.777640E+01  5.305454E+00
  3.480  3.822421E+01  2.098054E+01  3.797486E+01  1.860924E+01  3.628019E+01  1.424650E+01  1.843880E+01  8.548842E+00  1.818178E+01  8.072775E+00  1.802128E+01  5.798247E+00
  3.500  3.754050E+01  2.270823E+01  3.761645E+01  2.018684E+01  3.635184E+01  1.545947E+01  1.833400E+01  9.253370E+00  1.807792E+01  8.734661E+00  1.824030E+01  6.334257E+00
  3.520  3.654166E+01  2.428147E+01  3.702071E+01  2.168851E+01  3.627933E+01  1.667171E+01  1.812846E+01  9.935723E+00  1.786946E+01  9.359463E+00  1.842374E+01  6.915813E+00
  3.540  3.528858E+01  2.559569E+01  3.621965E+01  2.305129E+01  3.607121E+01  1.784201E+01  1.783185E+01  1.056873E+01  1.757559E+01  9.908285E+00  1.855832E+01  7.541480E+00
  3.560  3.388456E+01  2.658266E+01  3.526452E+01  2.423215E+01  3.575449E+01  1.893653E+01  1.746214E+01  1.113099E+01  1.723504E+01  1.035495E+01  1.862988E+01  8.203623E+00
  3.580  3.244856E+01  2.722703E+01  3.421167E+01  2.521167E+01  3.536840E+01  1.993874E+01  1.704208E+01  1.160819E+01  1.689595E+01  1.069656E+01  1.862728E+01  8.888347E+00
  3.600  3.108565E+01  2.756259E+01  3.311183E+01  2.598837E+01  3.495271E+01  2.085397E+01  1.659734E+01  1.199298E+01  1.660052E+01  1.095529E+01  1.854566E+01  9.578282E+00
  3.620  2.986844E+01  2.765339E+01  3.200735E+01  2.657037E+01  3.453507E+01  2.170585E+01  1.615568E+01  1.228602E+01  1.637210E+01  1.117000E+01  1.838662E+01  1.025680E+01
  3.640  2.883469E+01  2.757206E+01  3.093453E+01  2.697073E+01  3.412311E+01  2.252558E+01  1.574448E+01  1.249831E+01  1.621065E+01  1.138242E+01  1.815546E+01  1.091078E+01
  3.660  2.799547E+01  2.738586E+01  2.992582E+01  2.720700E+01  3.370479E+01  2.333892E+01  1.538516E+01  1.265229E+01  1.609732E+01  1.162505E+01  1.785784E+01  1.152998E+01
  3.680  2.734463E+01  2.715205E+01  2.900965E+01  2.730222E+01  3.325630E+01  2.415661E+01  1.508631E+01  1.277828E+01  1.600327E+01  1.191521E+01  1.749899E+01  1.210420E+01
  3.700  2.686443E+01  2.691760E+01  2.820881E+01  2.728469E+01  3.275311E+01  2.497189E+01  1.484004E+01  1.290588E+01  1.589818E+01  1.225473E+01  1.708605E+01  1.262160E+01
  3.720  2.652852E+01  2.671885E+01  2.753900E+01  2.718693E+01  3.217928E+01  2.576448E+01  1.462527E+01  1.305427E+01  1.575624E+01  1.263265E+01  1.663111E+01  1.307022E+01
  3.740  2.630473E+01  2.658011E+01  2.700745E+01  2.704430E+01  3.153207E+01  2.650815E+01  1.441661E+01  1.322704E+01  1.556007E+01  1.302906E+01  1.615188E+01  1.344184E+01
  3.760  2.615910E+01  2.651264E+01  2.661132E+01  2.689257E+01  3.082189E+01  2.717854E+01  1.419382E+01  1.341397E+01  1.530301E+01  1.341972E+01  1.566924E+01  1.373566E+01
  3.780  2.606041E+01  2.651538E+01  2.633709E+01  2.676418E+01  3.006813E+01  2.775930E+01  1.394712E+01  1.359764E+01  1.498904E+01  1.378139E+01  1.520262E+01  1.395973E+01
  3.800  2.598393E+01  2.657712E+01  2.616191E+01  2.668362E+01  2.929242E+01  2.824425E+01  1.367706E+01  1.376013E+01  1.462982E+01  1.409595E+01  1.476492E+01  1.412919E+01
  3.820  2.591446E+01  2.667939E+01  2.605783E+01  2.666339E+01  2.851263E+01  2.863439E+01  1.339160E+01  1.388667E+01  1.424067E+01  1.435148E+01  1.435929E+01  1.426127E+01
  3.840  2.584921E+01  2.680054E+01  2.599833E+01  2.670273E+01  2.774143E+01  2.893215E+01  1.310381E+01  1.396673E+01  1.383813E+01  1.454098E+01  1.397969E+01  1.436898E+01
  3.860  2.579903E+01  2.692239E+01  2.596499E+01  2.679053E+01  2.698945E+01  2.913729E+01  1.283074E+01  1.399508E+01  1.343971E+01  1.466132E+01  1.361556E+01  1.445636E+01
  3.880  2.578517E+01  2.703783E+01  2.595120E+01  2.691164E+01  2.626988E+01  2.924682E+01  1.259156E+01  1.397336E+01  1.306394E+01  1.471377E+01  1.325838E+01  1.451758E+01
  3.900  2.583118E+01  2.715550E+01  2.596156E+01  2.705396E+01  2.560161E+01  2.925795E+01  1.240451E+01  1.391090E+01  1.272925E+01  1.470506E+01  1.290753E+01  1.454009E+01
  3.920  2.595323E+01  2.729839E+01  2.600775E+01  2.721351E+01  2.501000E+01  2.917256E+01  1.228366E+01  1.382368E+01  1.245170E+01  1.464758E+01  1.257347E+01  1.451065E+01
  3.940  2.615344E+01  2.749698E+01  2.610292E+01  2.739644E+01  2.452496E+01  2.900185E+01  1.223669E+01  1.373203E+01  1.224293E+01  1.455821E+01  1.227693E+01  1.442245E+01
  3.960  2.641861E+01  2.778034E+01  2.625620E+01  2.761814E+01  2.417603E+01  2.877008E+01  1.226370E+01  1.365787E+01  1.210890E+01  1.445642E+01  1.204381E+01  1.428097E+01
  3.980  2.672376E+01  2.816860E+01  2.646821E+01  2.789993E+01  2.398484E+01  2.851494E+01  1.235719E+01  1.362149E+01  1.204927E+01  1.436210E+01  1.189711E+01  1.410573E+01
  4.000  2.703858E+01  2.866875E+01  2.672879E+01  2.826377E+01  2.395781E+01  2.828279E+01  1.250343E+01  1.363846E+01  1.205788E+01  1.429305E+01  1.184911E+01  1.392673E+01
  4.020  2.733467E+01  2.927432E+01  2.701759E+01  2.872617E+01  2.408288E+01  2.811981E+01  1.268556E+01  1.371744E+01  1.212439E+01  1.426307E+01  1.189725E+01  1.377690E+01
  4.040  2.759143E+01  2.996820E+01  2.730811E+01  2.929271E+01  2.433183E+01  2.806259E+01  1.288725E+01  1.386022E+01  1.223642E+01  1.428114E+01  1.202517E+01  1.368375E+01
  4.060  2.780048E+01  3.072748E+01  2.757518E+01  2.995515E+01  2.466775E+01  2.813139E+01  1.309539E+01  1.406357E+01  1.238159E+01  1.435140E+01  1.220807E+01  1.366325E+01
  4.080  2.796786E+01  3.153027E+01  2.780391E+01  3.069409E+01  2.505534E+01  2.832887E+01  1.330113E+01  1.432148E+01  1.254948E+01  1.447385E+01  1.242059E+01  1.371780E+01
  4.100  2.811238E+01  3.236398E+01  2.799579E+01  3.148760E+01  2.547000E+01  2.864534E+01  1.350027E+01  1.462701E+01  1.273345E+01  1.464587E+01  1.264429E+01  1.383928E+01
  4.120  2.825888E+01  3.323180E+01  2.816782E+01  3.232271E+01  2.590158E+01  2.906825E+01  1.369372E+01  1.497421E+01  1.293145E+01  1.486474E+01  1.287157E+01  1.401600E+01
  4.140  2.842891E+01  3.415400E+01  2.834420E+01  3.320434E+01  2.635200E+01  2.959114E+01  1.388719E+01  1.536128E+01  1.314569E+01  1.513032E+01  1.310426E+01  1.423997E+01
  4.160  2.863306E+01  3.516438E+01  2.854424E+01  3.415733E+01  2.682899E+01  3.021957E+01  1.408854E+01  1.579399E+01  1.338123E+01  1.544778E+01  1.334847E+01  1.451141E+01
  4.180  2.886640E+01  3.630493E+01  2.877117E+01  3.522140E+01  2.733800E+01  3.097343E+01  1.430246E+01  1.628724E+01  1.364273E+01  1.583021E+01  1.360838E+01  1.483900E+01
  4.200  2.910533E+01  3.762031E+01  2.900551E+01  3.644079E+01  2.787291E+01  3.188499E+01  1.452447E+01  1.686288E+01  1.392882E+01  1.629939E+01  1.388152E+01  1.523675E+01
  4.220  2.930517E+01  3.915045E+01  2.920463E+01  3.785192E+01  2.840811E+01  3.299109E+01  1.473660E+01  1.754381E+01  1.422558E+01  1.688232E+01  1.415674E+01  1.571905E+01
  4.240  2.940120E+01  4.092063E+01  2.930918E+01  3.947220E+01  2.889674E+01  3.432070E+01  1.490727E+01  1.834576E+01  1.450284E+01  1.760305E+01  1.441558E+01  1.629543E+01
  4.260  2.931569E+01  4.293191E+01  2.925467E+01  4.129424E+01  2.927729E+01  3.588344E+01  1.499630E+01  1.926975E+01  1.471649E+01  1.847287E+01  1.463658E+01  1.696741E+01
  4.280  2.896976E+01  4.515648E+01  2.898431E+01  4.328763E+01  2.948570E+01  3.766469E+01  1.496424E+01  2.029886E+01  1.481673E+01  1.948350E+01  1.480053E+01  1.772917E+01
  4.300  2.829588E+01  4.753996E+01  2.845759E+01  4.540767E+01  2.946703E+01  3.962865E+01  1.478192E+01  2.140148E+01  1.475874E+01  2.060622E+01  1.489335E+01  1.857144E+01
  4.320  2.724685E+01  5.000896E+01  2.765176E+01  4.760623E+01  2.918230E+01  4.172620E+01  1.443563E+01  2.253955E+01  1.451180E+01  2.179691E+01  1.490524E+01  1.948588E+01
  4.340  2.580018E+01  5.248092E+01  2.655682E+01  4.984013E+01  2.861009E+01  4.390339E+01  1.392621E+01  2.367729E+01  1.406424E+01  2.300437E+01  1.482710E+01  2.046696E+01
  4.360  2.395796E+01  5.487421E+01  2.516738E+01  5.207397E+01  2.774494E+01  4.610839E+01  1.326423E+01  2.478676E+01  1.342411E+01  2.417982E+01  1.464722E+01  2.151053E+01
  4.380  2.174265E+01  5.711706E+01  2.347528E+01  5.427689E+01  2.659360E+01  4.829743E+01  1.246389E+01  2.584999E+01  1.261513E+01  2.528590E+01  1.435016E+01  2.261077E+01
  4.400  1.918883E+01  5.915351E+01  2.146703E+01  5.641528E+01  2.516833E+01  5.043905E+01  1.153696E+01  2.685773E+01  1.166798E+01  2.630278E+01  1.391788E+01  2.375758E+01
  4.420  1.633258E+01  6.094391E+01  1.912691E+01  5.844611E+01  2.347707E+01  5.251390E+01  1.048825E+01  2.780494E+01  1.060836E+01  2.722809E+01  1.333160E+01  2.493535E+01
  4.440  1.320227E+01  6.245802E+01  1.644327E+01  6.031373E+01  2.151460E+01  5.450663E+01  9.315110E+00  2.868380E+01  9.447252E+00  2.806844E+01  1.257336E+01  2.612241E+01
  4.460  9.816885E+00  6.366241E+01  1.341549E+01  6.195022E+01  1.926177E+01  5.639173E+01  8.012366E+00  2.947812E+01  8.179434E+00  2.882579E+01  1.162794E+01  2.729037E+01
  4.480  6.195395E+00  6.451010E+01  1.006087E+01  6.327883E+01  1.669642E+01  5.812180E+01  6.580025E+00  3.016362E+01  6.792332E+00  2.948655E+01  1.048568E+01  2.840416E+01
  4.500  2.371668E+00  6.494115E+01  6.419819E+00  6.422204E+01  1.381024E+01  5.962715E+01  5.027479E+00  3.071413E+01  5.279798E+00  3.002026E+01  9.145541E+00  2.942416E+01
  4.520 -1.596145E+00  6.489416E+01  2.554530E+00  6.471202E+01  1.062048E+01  6.082665E+01  3.370447E+00  3.110796E+01  3.652060E+00  3.038780E+01  7.615826E+00  3.030992E+01
  4.540 -5.626874E+00  6.431902E+01 -1.458834E+00  6.469649E+01  7.171566E+00  6.164081E+01  1.624146E+00  3.132750E+01  1.937335E+00  3.055239E+01  5.912341E+00  3.102226E+01
  4.560 -9.622297E+00  6.318359E+01 -5.536793E+00  6.413600E+01  3.531696E+00  6.200004E+01 -1.986957E-01  3.135161E+01  1.776757E-01  3.048750E+01  4.057297E+00  3.152208E+01
  4.580 -1.347043E+01  6.147698E+01 -9.585992E+00  6.299891E+01 -2.094948E-01  6.185038E+01 -2.079923E+00  3.114908E+01 -1.576655E+00  3.018093E+01  2.082363E+00  3.176888E+01
  4.600 -1.704792E+01  5.921647E+01 -1.349411E+01  6.126535E+01 -3.943723E+00  6.116164E+01 -3.983066E+00  3.068245E+01 -3.273269E+00  2.963691E+01  3.451701E-02  3.172389E+01
  4.620 -2.022883E+01  5.645724E+01 -1.712635E+01  5.894347E+01 -7.552648E+00  5.993645E+01 -5.846712E+00  2.992292E+01 -4.864657E+00  2.887560E+01 -2.021151E+00  3.135960E+01
  4.640 -2.290201E+01  5.329703E+01 -2.033779E+01  5.608892E+01 -1.092260E+01  5.821387E+01 -7.591265E+00  2.886753E+01 -6.314259E+00  2.792863E+01 -4.006816E+00  3.067101E+01
  4.660 -2.499148E+01  4.986910E+01 -2.300064E+01  5.281289E+01 -1.395998E+01  5.606359E+01 -9.136297E+00  2.754756E+01 -7.598794E+00  2.683212E+01 -5.844880E+00  2.968134E+01
  4.680 -2.647028E+01  4.632356E+01 -2.503318E+01  4.926969E+01 -1.659998E+01  5.357198E+01 -1.041890E+01  2.602394E+01 -8.705967E+00  2.562022E+01 -7.471730E+00  2.843774E+01
  4.700 -2.736158E+01  4.280383E+01 -2.641501E+01  4.562865E+01 -1.880432E+01  5.082750E+01 -1.140423E+01  2.437349E+01 -9.628963E+00  2.432219E+01 -8.844573E+00  2.700026E+01
  4.720 -2.772731E+01  3.942789E+01 -2.718282E+01  4.204446E+01 -2.055185E+01  4.791445E+01 -1.208600E+01  2.267420E+01 -1.036140E+01  2.296467E+01 -9.940077E+00  2.543201E+01
  4.740 -2.765131E+01  3.627980E+01 -2.741279E+01  3.863799E+01 -2.183259E+01  4.491592E+01 -1.248065E+01  2.099509E+01 -1.089681E+01  2.157664E+01 -1.075017E+01  2.379457E+01
  4.760 -2.722411E+01  3.341014E+01 -2.719998E+01  3.549021E+01 -2.264995E+01  4.191729E+01 -1.261975E+01  1.939115E+01 -1.123301E+01  2.019216E+01 -1.127968E+01  2.214655E+01
  4.780 -2.653207E+01  3.084121E+01 -2.664144E+01  3.264574E+01 -2.302575E+01  3.900326E+01 -1.254300E+01  1.790199E+01 -1.137681E+01  1.884787E+01 -1.154536E+01  2.054164E+01
  4.800 -2.565039E+01  2.857431E+01 -2.582534E+01  3.012142E+01 -2.300104E+01  3.625070E+01 -1.229235E+01  1.655304E+01 -1.134511E+01  1.757798E+01 -1.157431E+01  1.902616E+01
  4.820 -2.464018E+01  2.659810E+01 -2.482629E+01  2.791626E+01 -2.263239E+01  3.372271E+01 -1.190816E+01  1.535842E+01 -1.116259E+01  1.641043E+01 -1.140141E+01  1.763718E+01
  4.840 -2.354965E+01  2.489610E+01 -2.370597E+01  2.601994E+01 -2.198681E+01  3.146569E+01 -1.142781E+01  1.432425E+01 -1.085869E+01  1.536541E+01 -1.106686E+01  1.640168E+01
  4.860 -2.241846E+01  2.345107E+01 -2.251680E+01  2.441748E+01 -2.113726E+01  2.950804E+01 -1.088606E+01  1.345067E+01 -1.046522E+01  1.445534E+01 -1.061386E+01  1.533588E+01
  4.880 -2.128233E+01  2.224514E+01 -2.130555E+01  2.308991E+01 -2.015827E+01  2.785918E+01 -1.031559E+01  1.273209E+01 -1.001483E+01  1.368482E+01 -1.008604E+01  1.444460E+01
  4.900 -2.017496E+01  2.125695E+01 -2.011420E+01  2.201232E+01 -1.912038E+01  2.650938E+01 -9.746244E+00  1.215644E+01 -9.539232E+00  1.305033E+01 -9.523943E+00  1.372142E+01
  4.920 -1.912628E+01  2.045879E+01 -1.897777E+01  2.115271E+01 -1.808387E+01  2.543196E+01 -9.202648E+00  1.170510E+01 -9.066660E+00  1.254047E+01 -8.961337E+00  1.315049E+01
  4.940 -1.815816E+01  1.981642E+01 -1.792056E+01  2.047354E+01 -1.709352E+01  2.458891E+01 -8.701296E+00  1.135493E+01 -8.619140E+00  1.213745E+01 -8.422562E+00  1.271034E+01
  4.960 -1.728070E+01  1.929273E+01 -1.695407E+01  1.993643E+01 -1.617719E+01  2.393874E+01 -8.249264E+00  1.108251E+01 -8.210682E+00  1.182022E+01 -7.922464E+00  1.237857E+01
  4.980 -1.649170E+01  1.885362E+01 -1.607834E+01  1.950783E+01 -1.534910E+01  2.344326E+01 -7.846027E+00  1.086852E+01 -7.847527E+00  1.156805E+01 -7.468981E+00  1.213546E+01
  5.000 -1.578007E+01  1.847312E+01 -1.528658E+01  1.916253E+01 -1.461553E+01  2.307030E+01 -7.487777E+00  1.069997E+01 -7.530128E+00  1.136298E+01 -7.066756E+00  1.196474E+01
  5.020 -1.513148E+01  1.813517E+01 -1.457050E+01  1.888374E+01 -1.397933E+01  2.279223E+01 -7.171616E+00  1.056876E+01 -7.255474E+00  1.119060E+01 -6.719514E+00  1.185207E+01
  5.040 -1.453335E+01  1.783193E+01 -1.392405E+01  1.866012E+01 -1.344103E+01  2.258305E+01 -6.897205E+00  1.046842E+01 -7.018709E+00  1.103966E+01 -6.430158E+00  1.178286E+01
  5.060 -1.397738E+01  1.755990E+01 -1.334421E+01  1.848191E+01 -1.299730E+01  2.241675E+01 -6.665705E+00  1.039116E+01 -6.813970E+00  1.090151E+01 -6.199188E+00  1.174133E+01
  5.080 -1.345920E+01  1.731596E+01 -1.282922E+01  1.833795E+01 -1.263862E+01  2.226788E+01 -6.477451E+00  1.032683E+01 -6.634698E+00  1.076946E+01 -6.022844E+00  1.171123E+01
  5.100 -1.297560E+01  1.709500E+01 -1.237543E+01  1.821472E+01 -1.234756E+01  2.211434E+01 -6.329554E+00  1.026340E+01 -6.473363E+00  1.063853E+01 -5.892113E+00  1.167789E+01
  5.120 -1.252110E+01  1.689051E+01 -1.197403E+01  1.809810E+01 -1.209906E+01  2.194149E+01 -6.213998E+00  1.018901E+01 -6.320898E+00  1.050590E+01 -5.792993E+00  1.163079E+01
  5.140 -1.208620E+01  1.669785E+01 -1.160969E+01  1.797767E+01 -1.186310E+01  2.174651E+01 -6.117184E+00  1.009545E+01 -6.166762E+00  1.037248E+01 -5.708051E+00  1.156614E+01
  5.160 -1.165907E+01  1.651808E+01 -1.126297E+01  1.785161E+01 -1.161044E+01  2.154172E+01 -6.022167E+00  9.981853E+00 -6.000694E+00  1.024475E+01 -5.619584E+00  1.148885E+01
  5.180 -1.122994E+01  1.635943E+01 -1.091629E+01  1.772917E+01 -1.132069E+01  2.135438E+01 -5.913442E+00  9.856440E+00 -5.816142E+00  1.013513E+01 -5.514306E+00  1.141286E+01
  5.200 -1.079565E+01  1.623516E+01 -1.056092E+01  1.762823E+01 -1.099021E+01  2.122149E+01 -5.782213E+00  9.734623E+00 -5.613837E+00  1.005981E+01 -5.388217E+00  1.135828E+01
  5.220 -1.036172E+01  1.615873E+01 -1.020085E+01  1.756854E+01 -1.063624E+01  2.118000E+01 -5.629491E+00  9.634116E+00 -5.403489E+00  1.003435E+01 -5.249327E+00  1.134576E+01
  5.240 -9.940685E+00  1.613881E+01 -9.851331E+00  1.756373E+01 -1.029475E+01  2.125604E+01 -5.465576E+00  9.569156E+00 -5.202517E+00  1.006904E+01 -5.116543E+00  1.138982E+01
  5.260 -9.547869E+00  1.617672E+01 -9.532834E+00  1.761647E+01 -1.001284E+01  2.145712E+01 -5.306330E+00  9.546404E+00 -5.032483E+00  1.016589E+01 -5.014993E+00  1.149419E+01
  5.280 -9.197061E+00  1.626739E+01 -9.263938E+00  1.771864E+01 -9.839007E+00  2.176975E+01 -5.168239E+00  9.563989E+00 -4.915070E+00  1.031826E+01 -4.969901E+00  1.165048E+01
  5.300 -8.898772E+00  1.640231E+01 -9.056878E+00  1.785529E+01 -9.814817E+00  2.216171E+01 -5.064541E+00  9.613287E+00 -4.869208E+00  1.051196E+01 -5.001457E+00  1.184014E+01
  5.320 -8.661129E+00  1.657151E+01 -8.916745E+00  1.800909E+01 -9.969487E+00  2.258627E+01 -5.003467E+00  9.681717E+00 -4.909420E+00  1.072658E+01 -5.121795E+00  1.203769E+01
  5.340 -8.491155E+00  1.676317E+01 -8.842771E+00  1.816293E+01 -1.031603E+01  2.298615E+01 -4.987947E+00  9.754991E+00 -5.044132E+00  1.093608E+01 -5.333531E+00  1.221390E+01
  5.360 -8.393854E+00  1.696181E+01 -8.829152E+00  1.830071E+01 -1.084692E+01  2.329828E+01 -5.015546E+00  9.818762E+00 -5.272821E+00  1.111011E+01 -5.628617E+00  1.233885E+01
  5.380 -8.368866E+00  1.714816E+01 -8.864582E+00  1.840849E+01 -1.153013E+01  2.346182E+01 -5.078384E+00  9.860554E+00 -5.582977E+00  1.121767E+01 -5.987606E+00  1.238597E+01
  5.400 -8.407183E+00  1.730247E+01 -8.932264E+00  1.847740E+01 -1.230964E+01  2.343016E+01 -5.163994E+00  9.872332E+00 -5.949503E+00  1.123340E+01 -6.381065E+00  1.233745E+01
  5.420 -8.491083E+00  1.741024E+01 -9.012613E+00  1.850705E+01 -1.311377E+01  2.318213E+01 -5.257950E+00  9.852627E+00 -6.338415E+00  1.114371E+01 -6.774472E+00  1.218859E+01
  5.440 -8.598354E+00  1.746695E+01 -9.088418E+00  1.850664E+01 -1.386917E+01  2.272666E+01 -5.347589E+00  9.806770E+00 -6.713687E+00  1.094976E+01 -7.135071E+00  1.194860E+01
  5.460 -8.708890E+00  1.747901E+01 -9.149872E+00  1.849238E+01 -1.451424E+01  2.209887E+01 -5.425264E+00  9.744889E+00 -7.044236E+00  1.066603E+01 -7.437480E+00  1.163751E+01
  5.480 -8.810291E+00  1.746024E+01 -9.196974E+00  1.848256E+01 -1.500749E+01  2.135119E+01 -5.489883E+00  9.678522E+00 -7.308656E+00  1.031590E+01 -7.666322E+00  1.128154E+01
  5.500 -8.899953E+00  1.742597E+01 -9.238842E+00  1.849265E+01 -1.533082E+01  2.054335E+01 -5.546426E+00  9.617064E+00 -7.497055E+00  9.926158E+00 -7.816800E+00  1.090914E+01
  5.520 -8.983284E+00  1.738756E+01 -9.291250E+00  1.853189E+01 -1.548893E+01  1.973306E+01 -5.603742E+00  9.565093E+00 -7.610206E+00  9.521725E+00 -7.894619E+00  1.054745E+01
  5.540 -9.069521E+00  1.734933E+01 -9.373641E+00  1.860122E+01 -1.550564E+01  1.896758E+01 -5.671340E+00  9.521327E+00 -7.656458E+00  9.121616E+00 -7.915053E+00  1.021839E+01
  5.560 -9.167066E+00  1.730843E+01 -9.505705E+00  1.869195E+01 -1.541683E+01  1.827776E+01 -5.756338E+00  9.479495E+00 -7.647218E+00  8.737268E+00 -7.900029E+00  9.934755E+00
  5.580 -9.279930E+00  1.725707E+01 -9.703024E+00  1.878544E+01 -1.526172E+01  1.767605E+01 -5.861622E+00  9.430495E+00 -7.592622E+00  8.373660E+00 -7.873114E+00  9.698192E+00
  5.600 -9.406183E+00  1.718593E+01 -9.971892E+00  1.885492E+01 -1.507469E+01  1.715892E+01 -5.985449E+00  9.364684E+00 -7.499110E+00  8.032500E+00 -7.853930E+00  9.500089E+00
  5.620 -9.538249E+00  1.708732E+01 -1.030487E+01  1.887073E+01 -1.487999E+01  1.671249E+01 -6.121811E+00  9.273698E+00 -7.369621E+00  7.715701E+00 -7.854020E+00  9.325421E+00
  5.640 -9.664340E+00  1.695764E+01 -1.067995E+01  1.880837E+01 -1.468999E+01  1.631918E+01 -6.261108E+00  9.152103E+00 -7.205746E+00  7.427433E+00 -7.875576E+00  9.158019E+00
  5.660 -9.770551E+00  1.679908E+01 -1.106530E+01  1.865611E+01 -1.450693E+01  1.596375E+01 -6.391612E+00  8.999024E+00 -7.010252E+00  7.174041E+00 -7.913295E+00  8.985261E+00
  5.680 -9.843523E+00  1.662052E+01 -1.142764E+01  1.841789E+01 -1.432692E+01  1.563693E+01 -6.501945E+00  8.818900E+00 -6.788412E+00  6.962446E+00 -7.958121E+00  8.800437E+00
  5.700 -9.873578E+00  1.643733E+01 -1.173988E+01  1.811077E+01 -1.414439E+01  1.533622E+01 -6.583654E+00  8.620603E+00 -6.547734E+00  6.798637E+00 -8.000856E+00  8.602556E+00
  5.720 -9.857836E+00  1.626967E+01 -1.198502E+01  1.775978E+01 -1.395572E+01  1.506483E+01 -6.632667E+00  8.415402E+00 -6.297207E+00  6.687279E+00 -8.034423E+00  8.394781E+00
  5.740 -9.802488E+00  1.613925E+01 -1.215734E+01  1.739310E+01 -1.376157E+01  1.482944E+01 -6.649462E+00  8.214895E+00 -6.047310E+00  6.631861E+00 -8.054958E+00  8.182655E+00
  5.760 -9.723267E+00  1.606496E+01 -1.226220E+01  1.703778E+01 -1.356820E+01  1.463740E+01 -6.638553E+00  8.029436E+00 -5.810620E+00  6.634105E+00 -8.062302E+00  7.972310E+00
  5.780 -9.643679E+00  1.605868E+01 -1.231471E+01  1.671552E+01 -1.338743E+01  1.449339E+01 -6.607695E+00  7.866941E+00 -5.601796E+00  6.692372E+00 -8.059751E+00  7.768406E+00
  5.800 -9.591476E+00  1.612243E+01 -1.233627E+01  1.643905E+01 -1.323462E+01  1.439622E+01 -6.566787E+00  7.731959E+00 -5.436162E+00  6.800031E+00 -8.052506E+00  7.572268E+00
  5.820 -9.594341E+00  1.624737E+01 -1.234949E+01  1.621095E+01 -1.312487E+01  1.433736E+01 -6.526485E+00  7.625221E+00 -5.327251E+00  6.944953E+00 -8.044977E+00  7.381394E+00
  5.840 -9.675868E+00  1.641477E+01 -1.237386E+01  1.602558E+01 -1.306901E+01  1.430206E+01 -6.496849E+00  7.543795E+00 -5.284453E+00  7.110533E+00 -8.038360E+00  7.191104E+00
  5.860 -9.852498E+00  1.659798E+01 -1.242408E+01  1.587245E+01 -1.307141E+01  1.427265E+01 -6.486313E+00  7.481597E+00 -5.311626E+00  7.277577E+00 -8.030151E+00  6.997439E+00
  5.880 -1.013118E+01  1.676497E+01 -1.251052E+01  1.573825E+01 -1.313022E+01  1.423176E+01 -6.500848E+00  7.429969E+00 -5.406592E+00  7.426261E+00 -8.015847E+00  6.799406E+00
  5.900 -1.050731E+01  1.688157E+01 -1.263948E+01  1.560725E+01 -1.323886E+01  1.416411E+01 -6.543096E+00  7.378490E+00 -5.561075E+00  7.538052E+00 -7.991517E+00  6.599328E+00
  5.920 -1.096397E+01  1.691625E+01 -1.281211E+01  1.546169E+01 -1.338723E+01  1.405722E+01 -6.611760E+00  7.316325E+00 -5.761253E+00  7.597854E+00 -7.955754E+00  6.401468E+00
  5.940 -1.147382E+01  1.684515E+01 -1.302301E+01  1.528359E+01 -1.356264E+01  1.390183E+01 -6.701787E+00  7.233770E+00 -5.989383E+00  7.595900E+00 -7.910201E+00  6.209815E+00
  5.960 -1.200337E+01  1.665514E+01 -1.326031E+01  1.505747E+01 -1.375057E+01  1.369216E+01 -6.805135E+00  7.123332E+00 -6.226091E+00  7.528544E+00 -7.858455E+00  6.026107E+00
  5.980 -1.251710E+01  1.634444E+01 -1.350697E+01  1.477263E+01 -1.393522E+01  1.342619E+01 -6.911468E+00  6.980390E+00 -6.452301E+00  7.398051E+00 -7.803852E+00  5.849203E+00
