# RPA complex dielectric tensor (red. coord.) without local fields
# Tolerance =  0.0200 0.0200
# npweps  = 59
# npwwfn  = 137
# nbands  = 6
# loband  = 2
# nkibz   = 512
# nkbz    = 512
# Lorentzian broadening =  0.1500 [eV]
# omega [eV] RE(eps_11) IM(eps_11) RE(eps_22)IM(eps_22) RE(eps_33) IM(eps_33) RE(eps_12) IM(eps_12)RE(eps_13) IM(eps_13) RE(eps_23) IM(eps_23))
  0.000  1.724137E+01  0.000000E+00  1.706121E+01  0.000000E+00  1.660139E+01  0.000000E+00  8.431248E+00  0.000000E+00  8.366316E+00  0.000000E+00  8.198563E+00  0.000000E+00
  0.020  1.724186E+01  7.527910E-03  1.706170E+01  7.338719E-03  1.660185E+01  6.911095E-03  8.431485E+00  3.585702E-03  8.366550E+00  3.527233E-03  8.198785E+00  3.348316E-03
  0.040  1.724336E+01  1.505907E-02  1.706316E+01  1.468055E-02  1.660322E+01  1.382501E-02  8.432196E+00  7.172910E-03  8.367250E+00  7.055930E-03  8.199449E+00  6.697968E-03
  0.060  1.724585E+01  2.259672E-02  1.706558E+01  2.202860E-02  1.660551E+01  2.074459E-02  8.433383E+00  1.076313E-02  8.368417E+00  1.058756E-02  8.200558E+00  1.005029E-02
  0.080  1.724934E+01  3.014413E-02  1.706898E+01  2.938600E-02  1.660871E+01  2.767265E-02  8.435044E+00  1.435787E-02  8.370051E+00  1.412359E-02  8.202110E+00  1.340663E-02
  0.100  1.725382E+01  3.770456E-02  1.707336E+01  3.675589E-02  1.661283E+01  3.461204E-02  8.437181E+00  1.795865E-02  8.372154E+00  1.766550E-02  8.204106E+00  1.676832E-02
  0.120  1.725931E+01  4.528131E-02  1.707871E+01  4.414139E-02  1.661787E+01  4.156561E-02  8.439795E+00  2.156698E-02  8.374725E+00  2.121476E-02  8.206548E+00  2.013672E-02
  0.140  1.726580E+01  5.287766E-02  1.708503E+01  5.154569E-02  1.662383E+01  4.853625E-02  8.442887E+00  2.518441E-02  8.377767E+00  2.477287E-02  8.209436E+00  2.351319E-02
  0.160  1.727330E+01  6.049696E-02  1.709234E+01  5.897197E-02  1.663072E+01  5.552684E-02  8.446458E+00  2.881247E-02  8.381280E+00  2.834133E-02  8.212771E+00  2.689909E-02
  0.180  1.728180E+01  6.814256E-02  1.710063E+01  6.642344E-02  1.663853E+01  6.254029E-02  8.450510E+00  3.245271E-02  8.385266E+00  3.192165E-02  8.216555E+00  3.029579E-02
  0.200  1.729132E+01  7.581784E-02  1.710991E+01  7.390335E-02  1.664727E+01  6.957955E-02  8.455044E+00  3.610671E-02  8.389726E+00  3.551536E-02  8.220789E+00  3.370469E-02
  0.220  1.730185E+01  8.352623E-02  1.712018E+01  8.141497E-02  1.665694E+01  7.664758E-02  8.460062E+00  3.977605E-02  8.394662E+00  3.912400E-02  8.225475E+00  3.712719E-02
  0.240  1.731341E+01  9.127120E-02  1.713145E+01  8.896162E-02  1.666755E+01  8.374740E-02  8.465567E+00  4.346233E-02  8.400077E+00  4.274912E-02  8.230615E+00  4.056470E-02
  0.260  1.732599E+01  9.905624E-02  1.714372E+01  9.654665E-02  1.667910E+01  9.088203E-02  8.471560E+00  4.716717E-02  8.405972E+00  4.639231E-02  8.236211E+00  4.401867E-02
  0.280  1.733961E+01  1.068849E-01  1.715699E+01  1.041735E-01  1.669159E+01  9.805456E-02  8.478044E+00  5.089223E-02  8.412350E+00  5.005517E-02  8.242264E+00  4.749053E-02
  0.300  1.735426E+01  1.147609E-01  1.717127E+01  1.118455E-01  1.670504E+01  1.052681E-01  8.485022E+00  5.463916E-02  8.419214E+00  5.373931E-02  8.248778E+00  5.098177E-02
  0.320  1.736996E+01  1.226877E-01  1.718657E+01  1.195663E-01  1.671944E+01  1.125258E-01  8.492497E+00  5.840967E-02  8.426566E+00  5.744638E-02  8.255756E+00  5.449388E-02
  0.340  1.738671E+01  1.306692E-01  1.720289E+01  1.273395E-01  1.673481E+01  1.198310E-01  8.500472E+00  6.220547E-02  8.434410E+00  6.117807E-02  8.263199E+00  5.802838E-02
  0.360  1.740451E+01  1.387091E-01  1.722025E+01  1.351685E-01  1.675115E+01  1.271869E-01  8.508950E+00  6.602833E-02  8.442749E+00  6.493608E-02  8.271111E+00  6.158681E-02
  0.380  1.742338E+01  1.468114E-01  1.723864E+01  1.430572E-01  1.676846E+01  1.345967E-01  8.517936E+00  6.988003E-02  8.451587E+00  6.872214E-02  8.279495E+00  6.517074E-02
  0.400  1.744333E+01  1.549799E-01  1.725808E+01  1.510094E-01  1.678675E+01  1.420640E-01  8.527432E+00  7.376240E-02  8.460927E+00  7.253802E-02  8.288355E+00  6.878177E-02
  0.420  1.746436E+01  1.632188E-01  1.727858E+01  1.590288E-01  1.680604E+01  1.495923E-01  8.537444E+00  7.767728E-02  8.470773E+00  7.638553E-02  8.297694E+00  7.242154E-02
  0.440  1.748649E+01  1.715321E-01  1.730014E+01  1.671194E-01  1.682632E+01  1.571849E-01  8.547975E+00  8.162660E-02  8.481130E+00  8.026652E-02  8.307516E+00  7.609171E-02
  0.460  1.750971E+01  1.799241E-01  1.732277E+01  1.752853E-01  1.684762E+01  1.648457E-01  8.559030E+00  8.561229E-02  8.492001E+00  8.418288E-02  8.317825E+00  7.979398E-02
  0.480  1.753405E+01  1.883990E-01  1.734648E+01  1.835305E-01  1.686993E+01  1.725782E-01  8.570614E+00  8.963635E-02  8.503393E+00  8.813654E-02  8.328626E+00  8.353009E-02
  0.500  1.755952E+01  1.969614E-01  1.737129E+01  1.918594E-01  1.689326E+01  1.803864E-01  8.582732E+00  9.370081E-02  8.515309E+00  9.212947E-02  8.339922E+00  8.730183E-02
  0.520  1.758612E+01  2.056158E-01  1.739721E+01  2.002761E-01  1.691763E+01  1.882740E-01  8.595389E+00  9.780777E-02  8.527755E+00  9.616372E-02  8.351720E+00  9.111101E-02
  0.540  1.761387E+01  2.143669E-01  1.742424E+01  2.087853E-01  1.694305E+01  1.962450E-01  8.608591E+00  1.019594E-01  8.540736E+00  1.002414E-01  8.364023E+00  9.495951E-02
  0.560  1.764278E+01  2.232194E-01  1.745240E+01  2.173915E-01  1.696953E+01  2.043036E-01  8.622345E+00  1.061579E-01  8.554259E+00  1.043645E-01  8.376837E+00  9.884924E-02
  0.580  1.767286E+01  2.321784E-01  1.748170E+01  2.260993E-01  1.699708E+01  2.124540E-01  8.636655E+00  1.104055E-01  8.568329E+00  1.085354E-01  8.390167E+00  1.027822E-01
  0.600  1.770413E+01  2.412488E-01  1.751216E+01  2.349136E-01  1.702570E+01  2.207006E-01  8.651530E+00  1.147045E-01  8.582953E+00  1.127563E-01  8.404020E+00  1.067603E-01
  0.620  1.773661E+01  2.504361E-01  1.754379E+01  2.438394E-01  1.705543E+01  2.290476E-01  8.666975E+00  1.190574E-01  8.598137E+00  1.170295E-01  8.418401E+00  1.107858E-01
  0.640  1.777031E+01  2.597455E-01  1.757661E+01  2.528819E-01  1.708626E+01  2.374999E-01  8.682998E+00  1.234667E-01  8.613888E+00  1.213575E-01  8.433317E+00  1.148607E-01
  0.660  1.780524E+01  2.691827E-01  1.761062E+01  2.620464E-01  1.711821E+01  2.460620E-01  8.699606E+00  1.279349E-01  8.630214E+00  1.257426E-01  8.448773E+00  1.189873E-01
  0.680  1.784142E+01  2.787535E-01  1.764585E+01  2.713383E-01  1.715130E+01  2.547389E-01  8.716807E+00  1.324647E-01  8.647121E+00  1.301876E-01  8.464778E+00  1.231678E-01
  0.700  1.787888E+01  2.884638E-01  1.768231E+01  2.807633E-01  1.718555E+01  2.635355E-01  8.734609E+00  1.370587E-01  8.664619E+00  1.346949E-01  8.481338E+00  1.274046E-01
  0.720  1.791762E+01  2.983199E-01  1.772003E+01  2.903273E-01  1.722096E+01  2.724572E-01  8.753021E+00  1.417199E-01  8.682715E+00  1.392673E-01  8.498460E+00  1.317000E-01
  0.740  1.795767E+01  3.083281E-01  1.775901E+01  3.000364E-01  1.725755E+01  2.815093E-01  8.772052E+00  1.464511E-01  8.701419E+00  1.439077E-01  8.516153E+00  1.360567E-01
  0.760  1.799905E+01  3.184950E-01  1.779928E+01  3.098968E-01  1.729535E+01  2.906974E-01  8.791711E+00  1.512553E-01  8.720738E+00  1.486190E-01  8.534424E+00  1.404771E-01
  0.780  1.804178E+01  3.288277E-01  1.784086E+01  3.199151E-01  1.733437E+01  3.000271E-01  8.812007E+00  1.561357E-01  8.740682E+00  1.534041E-01  8.553282E+00  1.449640E-01
  0.800  1.808588E+01  3.393331E-01  1.788377E+01  3.300979E-01  1.737462E+01  3.095046E-01  8.832951E+00  1.610956E-01  8.761261E+00  1.582664E-01  8.572736E+00  1.495201E-01
  0.820  1.813137E+01  3.500188E-01  1.792803E+01  3.404524E-01  1.741613E+01  3.191360E-01  8.854553E+00  1.661383E-01  8.782486E+00  1.632089E-01  8.592795E+00  1.541482E-01
  0.840  1.817828E+01  3.608924E-01  1.797367E+01  3.509858E-01  1.745892E+01  3.289277E-01  8.876824E+00  1.712674E-01  8.804366E+00  1.682351E-01  8.613468E+00  1.588515E-01
  0.860  1.822663E+01  3.719620E-01  1.802070E+01  3.617057E-01  1.750301E+01  3.388864E-01  8.899775E+00  1.764864E-01  8.826914E+00  1.733485E-01  8.634766E+00  1.636328E-01
  0.880  1.827645E+01  3.832360E-01  1.806915E+01  3.726200E-01  1.754843E+01  3.490190E-01  8.923419E+00  1.817992E-01  8.850140E+00  1.785527E-01  8.656698E+00  1.684955E-01
  0.900  1.832776E+01  3.947230E-01  1.811905E+01  3.837368E-01  1.759518E+01  3.593327E-01  8.947768E+00  1.872097E-01  8.874056E+00  1.838516E-01  8.679276E+00  1.734429E-01
  0.920  1.838060E+01  4.064321E-01  1.817043E+01  3.950648E-01  1.764331E+01  3.698351E-01  8.972834E+00  1.927221E-01  8.898675E+00  1.892491E-01  8.702510E+00  1.784783E-01
  0.940  1.843499E+01  4.183729E-01  1.822331E+01  4.066129E-01  1.769283E+01  3.805339E-01  8.998631E+00  1.983406E-01  8.924010E+00  1.947494E-01  8.726413E+00  1.836055E-01
  0.960  1.849096E+01  4.305552E-01  1.827771E+01  4.183903E-01  1.774376E+01  3.914373E-01  9.025173E+00  2.040696E-01  8.950074E+00  2.003567E-01  8.750996E+00  1.888281E-01
  0.980  1.854855E+01  4.429892E-01  1.833368E+01  4.304068E-01  1.779615E+01  4.025538E-01  9.052474E+00  2.099140E-01  8.976882E+00  2.060755E-01  8.776272E+00  1.941500E-01
  1.000  1.860778E+01  4.556860E-01  1.839124E+01  4.426725E-01  1.785000E+01  4.138922E-01  9.080550E+00  2.158784E-01  9.004447E+00  2.119105E-01  8.802254E+00  1.995752E-01
  1.020  1.866869E+01  4.686567E-01  1.845043E+01  4.551980E-01  1.790536E+01  4.254618E-01  9.109416E+00  2.219681E-01  9.032787E+00  2.178666E-01  8.828955E+00  2.051081E-01
  1.040  1.873133E+01  4.819131E-01  1.851128E+01  4.679945E-01  1.796226E+01  4.372721E-01  9.139090E+00  2.281884E-01  9.061915E+00  2.239489E-01  8.856390E+00  2.107530E-01
  1.060  1.879571E+01  4.954678E-01  1.857382E+01  4.810735E-01  1.802072E+01  4.493333E-01  9.169587E+00  2.345448E-01  9.091849E+00  2.301627E-01  8.884574E+00  2.165146E-01
  1.080  1.886190E+01  5.093336E-01  1.863809E+01  4.944473E-01  1.808077E+01  4.616560E-01  9.200926E+00  2.410432E-01  9.122607E+00  2.365138E-01  8.913521E+00  2.223975E-01
  1.100  1.892991E+01  5.235243E-01  1.870414E+01  5.081285E-01  1.814246E+01  4.742512E-01  9.233125E+00  2.476897E-01  9.154205E+00  2.430078E-01  8.943249E+00  2.284070E-01
  1.120  1.899981E+01  5.380541E-01  1.877199E+01  5.221307E-01  1.820582E+01  4.871305E-01  9.266204E+00  2.544907E-01  9.186663E+00  2.496511E-01  8.973772E+00  2.345481E-01
  1.140  1.907162E+01  5.529382E-01  1.884170E+01  5.364679E-01  1.827089E+01  5.003060E-01  9.300183E+00  2.614531E-01  9.220001E+00  2.564501E-01  9.005110E+00  2.408265E-01
  1.160  1.914541E+01  5.681923E-01  1.891330E+01  5.511548E-01  1.833769E+01  5.137904E-01  9.335083E+00  2.685838E-01  9.254238E+00  2.634114E-01  9.037279E+00  2.472479E-01
  1.180  1.922121E+01  5.838333E-01  1.898684E+01  5.662070E-01  1.840629E+01  5.275972E-01  9.370926E+00  2.758904E-01  9.289396E+00  2.705424E-01  9.070298E+00  2.538184E-01
  1.200  1.929907E+01  5.998785E-01  1.906238E+01  5.816409E-01  1.847671E+01  5.417403E-01  9.407735E+00  2.833807E-01  9.325498E+00  2.778505E-01  9.104187E+00  2.605442E-01
  1.220  1.937906E+01  6.163466E-01  1.913995E+01  5.974737E-01  1.854900E+01  5.562346E-01  9.445534E+00  2.910630E-01  9.362565E+00  2.853435E-01  9.138967E+00  2.674322E-01
  1.240  1.946122E+01  6.332570E-01  1.921962E+01  6.137236E-01  1.862320E+01  5.710956E-01  9.484348E+00  2.989460E-01  9.400623E+00  2.930298E-01  9.174657E+00  2.744892E-01
  1.260  1.954561E+01  6.506305E-01  1.930143E+01  6.304098E-01  1.869937E+01  5.863396E-01  9.524203E+00  3.070389E-01  9.439696E+00  3.009181E-01  9.211282E+00  2.817226E-01
  1.280  1.963229E+01  6.684889E-01  1.938544E+01  6.475525E-01  1.877756E+01  6.019838E-01  9.565126E+00  3.153513E-01  9.479810E+00  3.090177E-01  9.248863E+00  2.891402E-01
  1.300  1.972133E+01  6.868551E-01  1.947172E+01  6.651731E-01  1.885781E+01  6.180466E-01  9.607146E+00  3.238936E-01  9.520994E+00  3.173384E-01  9.287424E+00  2.967501E-01
  1.320  1.981279E+01  7.057536E-01  1.956032E+01  6.832942E-01  1.894018E+01  6.345470E-01  9.650293E+00  3.326765E-01  9.563275E+00  3.258905E-01  9.326991E+00  3.045609E-01
  1.340  1.990673E+01  7.252103E-01  1.965130E+01  7.019398E-01  1.902473E+01  6.515054E-01  9.694597E+00  3.417116E-01  9.606685E+00  3.346848E-01  9.367590E+00  3.125817E-01
  1.360  2.000324E+01  7.452527E-01  1.974474E+01  7.211353E-01  1.911151E+01  6.689432E-01  9.740091E+00  3.510110E-01  9.651253E+00  3.437329E-01  9.409248E+00  3.208221E-01
  1.380  2.010238E+01  7.659099E-01  1.984071E+01  7.409075E-01  1.920060E+01  6.868832E-01  9.786810E+00  3.605876E-01  9.697014E+00  3.530471E-01  9.451993E+00  3.292920E-01
  1.400  2.020424E+01  7.872128E-01  1.993928E+01  7.612851E-01  1.929205E+01  7.053492E-01  9.834789E+00  3.704551E-01  9.744000E+00  3.626404E-01  9.495856E+00  3.380022E-01
  1.420  2.030890E+01  8.091945E-01  2.004053E+01  7.822983E-01  1.938593E+01  7.243669E-01  9.884066E+00  3.806280E-01  9.792249E+00  3.725264E-01  9.540867E+00  3.469640E-01
  1.440  2.041645E+01  8.318898E-01  2.014455E+01  8.039795E-01  1.948231E+01  7.439632E-01  9.934680E+00  3.911217E-01  9.841799E+00  3.827199E-01  9.587060E+00  3.561893E-01
  1.460  2.052697E+01  8.553363E-01  2.025140E+01  8.263630E-01  1.958127E+01  7.641669E-01  9.986672E+00  4.019528E-01  9.892687E+00  3.932365E-01  9.634467E+00  3.656908E-01
  1.480  2.064056E+01  8.795739E-01  2.036120E+01  8.494855E-01  1.968289E+01  7.850086E-01  1.004009E+01  4.131388E-01  9.944957E+00  4.040926E-01  9.683126E+00  3.754818E-01
  1.500  2.075733E+01  9.046450E-01  2.047402E+01  8.733859E-01  1.978724E+01  8.065206E-01  1.009497E+01  4.246983E-01  9.998651E+00  4.153059E-01  9.733072E+00  3.855768E-01
  1.520  2.087738E+01  9.305953E-01  2.058998E+01  8.981060E-01  1.989442E+01  8.287377E-01  1.015136E+01  4.366514E-01  1.005382E+01  4.268954E-01  9.784346E+00  3.959908E-01
  1.540  2.100082E+01  9.574736E-01  2.070917E+01  9.236905E-01  2.000451E+01  8.516967E-01  1.020932E+01  4.490193E-01  1.011050E+01  4.388811E-01  9.836988E+00  4.067399E-01
  1.560  2.112777E+01  9.853320E-01  2.083171E+01  9.501871E-01  2.011761E+01  8.754370E-01  1.026890E+01  4.618250E-01  1.016875E+01  4.512845E-01  9.891042E+00  4.178413E-01
  1.580  2.125835E+01  1.014227E+00  2.095771E+01  9.776468E-01  2.023382E+01  9.000008E-01  1.033015E+01  4.750930E-01  1.022862E+01  4.641287E-01  9.946551E+00  4.293132E-01
  1.600  2.139270E+01  1.044218E+00  2.108729E+01  1.006125E+00  2.035324E+01  9.254332E-01  1.039313E+01  4.888495E-01  1.029017E+01  4.774385E-01  1.000357E+01  4.411753E-01
  1.620  2.153095E+01  1.075371E+00  2.122058E+01  1.035680E+00  2.047599E+01  9.517824E-01  1.045790E+01  5.031228E-01  1.035346E+01  4.912402E-01  1.006213E+01  4.534483E-01
  1.640  2.167325E+01  1.107755E+00  2.135772E+01  1.066375E+00  2.060217E+01  9.791002E-01  1.052453E+01  5.179434E-01  1.041855E+01  5.055624E-01  1.012231E+01  4.661546E-01
  1.660  2.181976E+01  1.141446E+00  2.149885E+01  1.098280E+00  2.073192E+01  1.007442E+00  1.059309E+01  5.333438E-01  1.048550E+01  5.204358E-01  1.018414E+01  4.793179E-01
  1.680  2.197062E+01  1.176525E+00  2.164411E+01  1.131467E+00  2.086536E+01  1.036868E+00  1.066365E+01  5.493596E-01  1.055438E+01  5.358933E-01  1.024769E+01  4.929639E-01
  1.700  2.212603E+01  1.213080E+00  2.179368E+01  1.166016E+00  2.100262E+01  1.067443E+00  1.073629E+01  5.660288E-01  1.062527E+01  5.519707E-01  1.031303E+01  5.071201E-01
  1.720  2.228615E+01  1.251207E+00  2.194773E+01  1.202014E+00  2.114386E+01  1.099236E+00  1.081108E+01  5.833928E-01  1.069825E+01  5.687064E-01  1.038021E+01  5.218158E-01
  1.740  2.245119E+01  1.291010E+00  2.210642E+01  1.239554E+00  2.128922E+01  1.132322E+00  1.088811E+01  6.014963E-01  1.077339E+01  5.861421E-01  1.044930E+01  5.370828E-01
  1.760  2.262135E+01  1.332601E+00  2.226995E+01  1.278737E+00  2.143886E+01  1.166781E+00  1.096748E+01  6.203880E-01  1.085078E+01  6.043232E-01  1.052037E+01  5.529554E-01
  1.780  2.279685E+01  1.376103E+00  2.243852E+01  1.319674E+00  2.159296E+01  1.202703E+00  1.104928E+01  6.401209E-01  1.093051E+01  6.232986E-01  1.059351E+01  5.694704E-01
  1.800  2.297792E+01  1.421651E+00  2.261235E+01  1.362484E+00  2.175169E+01  1.240183E+00  1.113362E+01  6.607524E-01  1.101269E+01  6.431217E-01  1.066878E+01  5.866676E-01
  1.820  2.316480E+01  1.469390E+00  2.279166E+01  1.407298E+00  2.191525E+01  1.279324E+00  1.122059E+01  6.823456E-01  1.109741E+01  6.638509E-01  1.074628E+01  6.045902E-01
  1.840  2.335776E+01  1.519482E+00  2.297670E+01  1.454260E+00  2.208384E+01  1.320239E+00  1.131033E+01  7.049693E-01  1.118479E+01  6.855495E-01  1.082610E+01  6.232850E-01
  1.860  2.355709E+01  1.572102E+00  2.316772E+01  1.503527E+00  2.225767E+01  1.363052E+00  1.140295E+01  7.286988E-01  1.127493E+01  7.082873E-01  1.090832E+01  6.428026E-01
  1.880  2.376308E+01  1.627445E+00  2.336500E+01  1.555270E+00  2.243698E+01  1.407897E+00  1.149858E+01  7.536172E-01  1.136798E+01  7.321404E-01  1.099306E+01  6.631983E-01
  1.900  2.397604E+01  1.685723E+00  2.356883E+01  1.609680E+00  2.262200E+01  1.454922E+00  1.159737E+01  7.798156E-01  1.146405E+01  7.571925E-01  1.108041E+01  6.845322E-01
  1.920  2.419633E+01  1.747174E+00  2.377953E+01  1.666963E+00  2.281301E+01  1.504288E+00  1.169946E+01  8.073946E-01  1.156329E+01  7.835359E-01  1.117050E+01  7.068698E-01
  1.940  2.442431E+01  1.812059E+00  2.399743E+01  1.727353E+00  2.301027E+01  1.556175E+00  1.180501E+01  8.364657E-01  1.166585E+01  8.112724E-01  1.126344E+01  7.302830E-01
  1.960  2.466037E+01  1.880668E+00  2.422289E+01  1.791103E+00  2.321408E+01  1.610777E+00  1.191421E+01  8.671524E-01  1.177190E+01  8.405145E-01  1.135936E+01  7.548504E-01
  1.980  2.490493E+01  1.953325E+00  2.445629E+01  1.858497E+00  2.342476E+01  1.668314E+00  1.202722E+01  8.995918E-01  1.188160E+01  8.713872E-01  1.145840E+01  7.806583E-01
  2.000  2.515844E+01  2.030391E+00  2.469805E+01  1.929851E+00  2.364265E+01  1.729024E+00  1.214425E+01  9.339372E-01  1.199515E+01  9.040293E-01  1.156071E+01  8.078016E-01
  2.020  2.542140E+01  2.112269E+00  2.494860E+01  2.005519E+00  2.386811E+01  1.793176E+00  1.226550E+01  9.703599E-01  1.211273E+01  9.385957E-01  1.166644E+01  8.363851E-01
  2.040  2.569431E+01  2.199414E+00  2.520842E+01  2.085894E+00  2.410153E+01  1.861066E+00  1.239121E+01  1.009052E+00  1.223457E+01  9.752597E-01  1.177576E+01  8.665247E-01
  2.060  2.597773E+01  2.292338E+00  2.547802E+01  2.171420E+00  2.434332E+01  1.933028E+00  1.252161E+01  1.050229E+00  1.236089E+01  1.014216E+00  1.188885E+01  8.983487E-01
  2.080  2.627228E+01  2.391617E+00  2.575795E+01  2.262597E+00  2.459392E+01  2.009434E+00  1.265697E+01  1.094136E+00  1.249193E+01  1.055682E+00  1.200591E+01  9.319995E-01
  2.100  2.657859E+01  2.497908E+00  2.604879E+01  2.359990E+00  2.485383E+01  2.090703E+00  1.279757E+01  1.141049E+00  1.262796E+01  1.099906E+00  1.212713E+01  9.676363E-01
  2.120  2.689737E+01  2.611956E+00  2.635117E+01  2.464239E+00  2.512355E+01  2.177307E+00  1.294370E+01  1.191283E+00  1.276926E+01  1.147168E+00  1.225274E+01  1.005436E+00
  2.140  2.722935E+01  2.734612E+00  2.666578E+01  2.576073E+00  2.540363E+01  2.269780E+00  1.309568E+01  1.245196E+00  1.291614E+01  1.197785E+00  1.238298E+01  1.045598E+00
  2.160  2.757535E+01  2.866854E+00  2.699333E+01  2.696326E+00  2.569466E+01  2.368730E+00  1.325386E+01  1.303200E+00  1.306892E+01  1.252122E+00  1.251810E+01  1.088346E+00
  2.180  2.793620E+01  3.009804E+00  2.733462E+01  2.825954E+00  2.599728E+01  2.474849E+00  1.341860E+01  1.365768E+00  1.322794E+01  1.310594E+00  1.265837E+01  1.133932E+00
  2.200  2.831283E+01  3.164761E+00  2.769045E+01  2.966055E+00  2.631216E+01  2.588927E+00  1.359029E+01  1.433448E+00  1.339358E+01  1.373679E+00  1.280409E+01  1.182641E+00
  2.220  2.870619E+01  3.333232E+00  2.806173E+01  3.117903E+00  2.664003E+01  2.711875E+00  1.376932E+01  1.506871E+00  1.356623E+01  1.441933E+00  1.295557E+01  1.234797E+00
  2.240  2.911729E+01  3.516969E+00  2.844936E+01  3.282971E+00  2.698166E+01  2.844742E+00  1.395612E+01  1.586777E+00  1.374630E+01  1.515995E+00  1.311314E+01  1.290770E+00
  2.260  2.954717E+01  3.718023E+00  2.885433E+01  3.462978E+00  2.733785E+01  2.988741E+00  1.415111E+01  1.674026E+00  1.393423E+01  1.596613E+00  1.327719E+01  1.350981E+00
  2.280  2.999688E+01  3.938796E+00  2.927761E+01  3.659932E+00  2.770946E+01  3.145285E+00  1.435471E+01  1.769626E+00  1.413046E+01  1.684660E+00  1.344808E+01  1.415915E+00
  2.300  3.046746E+01  4.182117E+00  2.972022E+01  3.876184E+00  2.809735E+01  3.316023E+00  1.456734E+01  1.874758E+00  1.433543E+01  1.781161E+00  1.362623E+01  1.486133E+00
  2.320  3.095986E+01  4.451312E+00  3.018309E+01  4.114497E+00  2.850242E+01  3.502882E+00  1.478932E+01  1.990809E+00  1.454959E+01  1.887318E+00  1.381208E+01  1.562281E+00
  2.340  3.147489E+01  4.750305E+00  3.066710E+01  4.378114E+00  2.892552E+01  3.708130E+00  1.502091E+01  2.119398E+00  1.477332E+01  2.004553E+00  1.400609E+01  1.645114E+00
  2.360  3.201307E+01  5.083705E+00  3.117294E+01  4.670842E+00  2.936745E+01  3.934429E+00  1.526223E+01  2.262406E+00  1.500694E+01  2.134534E+00  1.420873E+01  1.735510E+00
  2.380  3.257449E+01  5.456901E+00  3.170099E+01  4.997121E+00  2.982889E+01  4.184914E+00  1.551312E+01  2.421987E+00  1.525065E+01  2.279229E+00  1.442050E+01  1.834500E+00
  2.400  3.315858E+01  5.876125E+00  3.225117E+01  5.362090E+00  3.031026E+01  4.463260E+00  1.577310E+01  2.600558E+00  1.550442E+01  2.440931E+00  1.464187E+01  1.943298E+00
  2.420  3.376378E+01  6.348457E+00  3.282275E+01  5.771607E+00  3.081164E+01  4.773752E+00  1.604124E+01  2.800733E+00  1.576790E+01  2.622289E+00  1.487331E+01  2.063337E+00
  2.440  3.438725E+01  6.881735E+00  3.341408E+01  6.232203E+00  3.133251E+01  5.121328E+00  1.631603E+01  3.025193E+00  1.604028E+01  2.826299E+00  1.511523E+01  2.196311E+00
  2.460  3.502451E+01  7.484316E+00  3.402242E+01  6.750971E+00  3.187156E+01  5.511564E+00  1.659537E+01  3.276474E+00  1.632011E+01  3.056238E+00  1.536791E+01  2.344231E+00
  2.480  3.566926E+01  8.164721E+00  3.464380E+01  7.335408E+00  3.242636E+01  5.950578E+00  1.687673E+01  3.556740E+00  1.660512E+01  3.315519E+00  1.563147E+01  2.509478E+00
  2.500  3.631339E+01  8.931293E+00  3.527299E+01  7.993356E+00  3.299309E+01  6.444791E+00  1.715745E+01  3.867711E+00  1.689214E+01  3.607429E+00  1.590571E+01  2.694853E+00
  2.520  3.694721E+01  9.792136E+00  3.590352E+01  8.733246E+00  3.356638E+01  7.000579E+00  1.743525E+01  4.210974E+00  1.717709E+01  3.934821E+00  1.618992E+01  2.903608E+00
  2.540  3.755945E+01  1.075560E+01  3.652716E+01  9.564684E+00  3.413932E+01  7.623895E+00  1.770822E+01  4.588813E+00  1.745532E+01  4.299891E+00  1.648265E+01  3.139380E+00
  2.560  3.813643E+01  1.183116E+01  3.713247E+01  1.049894E+01  3.470359E+01  8.320091E+00  1.797406E+01  5.005160E+00  1.772195E+01  4.704317E+00  1.678138E+01  3.405961E+00
  2.580  3.865979E+01  1.302987E+01  3.770241E+01  1.154831E+01  3.524949E+01  9.094068E+00  1.822831E+01  5.465775E+00  1.797197E+01  5.149911E+00  1.708237E+01  3.706834E+00
  2.600  3.910298E+01  1.436308E+01  3.821185E+01  1.272354E+01  3.576526E+01  9.950481E+00  1.846253E+01  5.976974E+00  1.819934E+01  5.639419E+00  1.738084E+01  4.044557E+00
  2.620  3.942758E+01  1.583806E+01  3.862658E+01  1.402924E+01  3.623572E+01  1.089313E+01  1.866343E+01  6.543152E+00  1.839493E+01  6.176307E+00  1.767162E+01  4.420364E+00
  2.640  3.958193E+01  1.744992E+01  3.890485E+01  1.545837E+01  3.664105E+01  1.192277E+01  1.881359E+01  7.163927E+00  1.854444E+01  6.762400E+00  1.795007E+01  4.834463E+00
  2.660  3.950523E+01  1.917100E+01  3.900226E+01  1.698692E+01  3.695723E+01  1.303358E+01  1.889360E+01  7.831653E+00  1.862825E+01  7.393407E+00  1.821243E+01  5.287166E+00
  2.680  3.913984E+01  2.094171E+01  3.888019E+01  1.857097E+01  3.715907E+01  1.420960E+01  1.888570E+01  8.530000E+00  1.862496E+01  8.054122E+00  1.845488E+01  5.780114E+00
  2.700  3.845098E+01  2.266974E+01  3.851671E+01  2.014890E+01  3.722583E+01  1.542289E+01  1.877841E+01  9.234688E+00  1.851863E+01  8.716166E+00  1.867149E+01  6.316276E+00
  2.720  3.744704E+01  2.424331E+01  3.791594E+01  2.165089E+01  3.714847E+01  1.663543E+01  1.857040E+01  9.917199E+00  1.830772E+01  9.341125E+00  1.885255E+01  6.897984E+00
  2.740  3.618891E+01  2.555786E+01  3.710990E+01  2.301399E+01  3.693555E+01  1.780604E+01  1.827133E+01  1.055036E+01  1.801142E+01  9.890102E+00  1.898477E+01  7.523800E+00
  2.760  3.477987E+01  2.654515E+01  3.614982E+01  2.419516E+01  3.661405E+01  1.890086E+01  1.789918E+01  1.111277E+01  1.766846E+01  1.033692E+01  1.905398E+01  8.186090E+00
  2.780  3.333890E+01  2.718983E+01  3.509206E+01  2.517499E+01  3.622324E+01  1.990337E+01  1.747671E+01  1.159013E+01  1.732698E+01  1.067869E+01  1.904907E+01  8.870961E+00
  2.800  3.197106E+01  2.752570E+01  3.398737E+01  2.595200E+01  3.580287E+01  2.081890E+01  1.702958E+01  1.197508E+01  1.702918E+01  1.093756E+01  1.896514E+01  9.561040E+00
  2.820  3.074896E+01  2.761682E+01  3.287807E+01  2.653431E+01  3.538058E+01  2.167107E+01  1.658554E+01  1.226826E+01  1.679841E+01  1.115242E+01  1.880381E+01  1.023970E+01
  2.840  2.971036E+01  2.753579E+01  3.180047E+01  2.693497E+01  3.496400E+01  2.249109E+01  1.617199E+01  1.248070E+01  1.663463E+01  1.136499E+01  1.857039E+01  1.089382E+01
  2.860  2.886634E+01  2.734990E+01  3.078702E+01  2.717154E+01  3.454111E+01  2.330471E+01  1.581034E+01  1.263482E+01  1.651899E+01  1.160776E+01  1.827052E+01  1.151316E+01
  2.880  2.821073E+01  2.711638E+01  2.986616E+01  2.726705E+01  3.408808E+01  2.412269E+01  1.550917E+01  1.276096E+01  1.642264E+01  1.189806E+01  1.790944E+01  1.208752E+01
  2.900  2.772580E+01  2.688223E+01  2.906065E+01  2.724981E+01  3.358040E+01  2.493824E+01  1.526060E+01  1.288871E+01  1.631528E+01  1.223772E+01  1.749429E+01  1.260506E+01
  2.920  2.738520E+01  2.668377E+01  2.838622E+01  2.715235E+01  3.300210E+01  2.573110E+01  1.504356E+01  1.303724E+01  1.617109E+01  1.261578E+01  1.703715E+01  1.305381E+01
  2.940  2.715676E+01  2.654532E+01  2.785008E+01  2.701000E+01  3.235048E+01  2.647505E+01  1.483264E+01  1.321014E+01  1.597269E+01  1.301233E+01  1.655575E+01  1.342556E+01
  2.960  2.700652E+01  2.647814E+01  2.744941E+01  2.685855E+01  3.163591E+01  2.714571E+01  1.460761E+01  1.339722E+01  1.571341E+01  1.340313E+01  1.607096E+01  1.371952E+01
  2.980  2.690326E+01  2.648116E+01  2.717067E+01  2.673044E+01  3.087779E+01  2.772674E+01  1.435869E+01  1.358102E+01  1.539723E+01  1.376493E+01  1.560219E+01  1.394372E+01
  3.000  2.682225E+01  2.654319E+01  2.699101E+01  2.665015E+01  3.009777E+01  2.821195E+01  1.408643E+01  1.374365E+01  1.503584E+01  1.407963E+01  1.516238E+01  1.411331E+01
  3.020  2.674827E+01  2.664573E+01  2.688249E+01  2.663019E+01  2.931370E+01  2.860236E+01  1.379878E+01  1.387032E+01  1.464452E+01  1.433529E+01  1.475463E+01  1.424552E+01
  3.040  2.667856E+01  2.676715E+01  2.681859E+01  2.666981E+01  2.853825E+01  2.890037E+01  1.350882E+01  1.395052E+01  1.423984E+01  1.452492E+01  1.437295E+01  1.435335E+01
  3.060  2.662396E+01  2.688928E+01  2.678089E+01  2.675787E+01  2.778206E+01  2.910577E+01  1.323361E+01  1.397899E+01  1.383928E+01  1.464539E+01  1.400675E+01  1.444085E+01
  3.080  2.660571E+01  2.700499E+01  2.676277E+01  2.687925E+01  2.705830E+01  2.921555E+01  1.299229E+01  1.395741E+01  1.346141E+01  1.469796E+01  1.364751E+01  1.450220E+01
  3.100  2.664737E+01  2.712292E+01  2.676884E+01  2.702183E+01  2.638589E+01  2.922693E+01  1.280312E+01  1.389507E+01  1.312462E+01  1.468938E+01  1.329462E+01  1.452483E+01
  3.120  2.676509E+01  2.726607E+01  2.681076E+01  2.718164E+01  2.579017E+01  2.914179E+01  1.268018E+01  1.380797E+01  1.284499E+01  1.463203E+01  1.295854E+01  1.449551E+01
  3.140  2.696102E+01  2.746492E+01  2.690171E+01  2.736482E+01  2.530104E+01  2.897132E+01  1.263112E+01  1.371645E+01  1.263416E+01  1.454278E+01  1.265999E+01  1.440744E+01
  3.160  2.722194E+01  2.774854E+01  2.705079E+01  2.758677E+01  2.494807E+01  2.873979E+01  1.265607E+01  1.364241E+01  1.249808E+01  1.444112E+01  1.242488E+01  1.426607E+01
  3.180  2.752287E+01  2.813705E+01  2.725865E+01  2.786881E+01  2.475286E+01  2.848490E+01  1.274751E+01  1.360616E+01  1.243642E+01  1.434692E+01  1.227621E+01  1.409095E+01
  3.200  2.783351E+01  2.863745E+01  2.751510E+01  2.823289E+01  2.472185E+01  2.825298E+01  1.289172E+01  1.362325E+01  1.244302E+01  1.427799E+01  1.222624E+01  1.391207E+01
  3.220  2.812544E+01  2.924327E+01  2.779981E+01  2.869554E+01  2.484297E+01  2.809023E+01  1.307184E+01  1.370235E+01  1.250753E+01  1.424813E+01  1.227244E+01  1.376235E+01
  3.240  2.837809E+01  2.993739E+01  2.808627E+01  2.926232E+01  2.508800E+01  2.803324E+01  1.327152E+01  1.384525E+01  1.261758E+01  1.426631E+01  1.239843E+01  1.366931E+01
  3.260  2.858305E+01  3.069692E+01  2.834931E+01  2.992500E+01  2.542002E+01  2.810227E+01  1.347767E+01  1.404871E+01  1.276078E+01  1.433669E+01  1.257942E+01  1.364892E+01
  3.280  2.874638E+01  3.149995E+01  2.857404E+01  3.066418E+01  2.580375E+01  2.829998E+01  1.368145E+01  1.430674E+01  1.292673E+01  1.445925E+01  1.279004E+01  1.370358E+01
  3.300  2.888688E+01  3.233390E+01  2.876196E+01  3.145792E+01  2.621458E+01  2.861668E+01  1.387864E+01  1.461238E+01  1.310876E+01  1.463139E+01  1.301185E+01  1.382518E+01
  3.320  2.902939E+01  3.320195E+01  2.893005E+01  3.229327E+01  2.664236E+01  2.903980E+01  1.407014E+01  1.495970E+01  1.330484E+01  1.485037E+01  1.323726E+01  1.400200E+01
  3.340  2.919547E+01  3.412439E+01  2.910253E+01  3.317512E+01  2.708901E+01  2.956292E+01  1.426169E+01  1.534689E+01  1.351718E+01  1.511606E+01  1.346810E+01  1.422608E+01
  3.360  2.939569E+01  3.513500E+01  2.929869E+01  3.412834E+01  2.756225E+01  3.019157E+01  1.446113E+01  1.577971E+01  1.375083E+01  1.543363E+01  1.371046E+01  1.449764E+01
  3.380  2.962514E+01  3.627577E+01  2.952178E+01  3.519263E+01  2.806755E+01  3.094564E+01  1.467316E+01  1.627307E+01  1.401045E+01  1.581617E+01  1.396855E+01  1.482532E+01
  3.400  2.986020E+01  3.759138E+01  2.975230E+01  3.641225E+01  2.859878E+01  3.185741E+01  1.489329E+01  1.684882E+01  1.429468E+01  1.628546E+01  1.423987E+01  1.522318E+01
  3.420  3.005620E+01  3.912174E+01  2.994764E+01  3.782360E+01  2.913032E+01  3.296373E+01  1.510356E+01  1.752985E+01  1.458959E+01  1.686850E+01  1.451329E+01  1.570559E+01
  3.440  3.014842E+01  4.089214E+01  3.004843E+01  3.944410E+01  2.961532E+01  3.429354E+01  1.527237E+01  1.833191E+01  1.486502E+01  1.758933E+01  1.477034E+01  1.628206E+01
  3.460  3.005913E+01  4.290364E+01  2.999020E+01  4.126635E+01  2.999227E+01  3.585649E+01  1.535956E+01  1.925601E+01  1.507685E+01  1.845926E+01  1.498958E+01  1.695415E+01
  3.480  2.970946E+01  4.512843E+01  2.971613E+01  4.325996E+01  3.019711E+01  3.763794E+01  1.532568E+01  2.028522E+01  1.517528E+01  1.946999E+01  1.515177E+01  1.771601E+01
  3.500  2.903186E+01  4.751213E+01  2.918574E+01  4.538021E+01  3.017489E+01  3.960210E+01  1.514156E+01  2.138794E+01  1.511550E+01  2.059282E+01  1.524284E+01  1.855838E+01
  3.520  2.797914E+01  4.998134E+01  2.837627E+01  4.757898E+01  2.988664E+01  4.169986E+01  1.479347E+01  2.252612E+01  1.486678E+01  2.178360E+01  1.525299E+01  1.947292E+01
  3.540  2.652880E+01  5.245351E+01  2.727772E+01  4.981308E+01  2.931094E+01  4.387724E+01  1.428226E+01  2.366396E+01  1.441746E+01  2.299116E+01  1.517314E+01  2.045409E+01
  3.560  2.468295E+01  5.484700E+01  2.588469E+01  5.204713E+01  2.844231E+01  4.608244E+01  1.361852E+01  2.477353E+01  1.377557E+01  2.416672E+01  1.499155E+01  2.149776E+01
  3.580  2.246403E+01  5.709006E+01  2.418903E+01  5.425025E+01  2.728753E+01  4.827167E+01  1.281643E+01  2.583686E+01  1.296486E+01  2.527289E+01  1.469280E+01  2.259810E+01
  3.600  1.990662E+01  5.912671E+01  2.217724E+01  5.638884E+01  2.585885E+01  5.041349E+01  1.188775E+01  2.684470E+01  1.201598E+01  2.628987E+01  1.425884E+01  2.374500E+01
  3.620  1.704682E+01  6.091732E+01  1.983361E+01  5.841986E+01  2.416420E+01  5.248853E+01  1.083731E+01  2.779201E+01  1.095465E+01  2.721528E+01  1.367089E+01  2.492287E+01
  3.640  1.391298E+01  6.243163E+01  1.714649E+01  6.028768E+01  2.219836E+01  5.448144E+01  9.662456E+00  2.867096E+01  9.791842E+00  2.805572E+01  1.291100E+01  2.611002E+01
  3.660  1.052410E+01  6.363621E+01  1.411525E+01  6.192436E+01  1.994219E+01  5.636673E+01  8.358010E+00  2.946538E+01  8.522338E+00  2.881316E+01  1.196393E+01  2.727807E+01
  3.680  6.899134E+00  6.448410E+01  1.075721E+01  6.325316E+01  1.737352E+01  5.809699E+01  6.923978E+00  3.015097E+01  7.133561E+00  2.947402E+01  1.082004E+01  2.839195E+01
  3.700  3.071957E+00  6.491535E+01  7.112753E+00  6.419656E+01  1.448405E+01  5.960252E+01  5.369754E+00  3.070157E+01  5.619365E+00  3.000783E+01  9.478277E+00  2.941204E+01
  3.720 -8.992791E-01  6.486854E+01  3.244086E+00  6.468673E+01  1.129102E+01  6.080220E+01  3.711057E+00  3.109550E+01  3.989977E+00  3.037545E+01  7.946953E+00  3.029789E+01
  3.740 -4.933406E+00  6.429359E+01 -7.726332E-01  6.467140E+01  7.838869E+00  6.161654E+01  1.963103E+00  3.131513E+01  2.273615E+00  3.054014E+01  6.241872E+00  3.101031E+01
  3.760 -8.932202E+00  6.315835E+01 -4.853921E+00  6.411109E+01  4.195779E+00  6.197595E+01  1.386203E-01  3.133933E+01  5.123295E-01  3.047534E+01  4.385243E+00  3.151022E+01
  3.780 -1.278369E+01  6.145192E+01 -8.906425E+00  6.297418E+01  4.513926E-01  6.182647E+01 -1.744236E+00  3.113689E+01 -1.243615E+00  3.016885E+01  2.408736E+00  3.175711E+01
  3.800 -1.636450E+01  5.919160E+01 -1.281783E+01  6.124081E+01 -3.286008E+00  6.113790E+01 -3.648996E+00  3.067035E+01 -2.941831E+00  2.962493E+01  3.593280E-01  3.171220E+01
  3.820 -1.954870E+01  5.643255E+01 -1.645332E+01  5.891910E+01 -6.898083E+00  5.991288E+01 -5.514247E+00  2.991091E+01 -4.534810E+00  2.886370E+01 -1.697891E+00  3.134800E+01
  3.840 -2.222517E+01  5.327252E+01 -1.966799E+01  5.606473E+01 -1.027116E+01  5.819048E+01 -7.260394E+00  2.885560E+01 -5.985990E+00  2.791682E+01 -3.685095E+00  3.065949E+01
  3.860 -2.431788E+01  4.984477E+01 -2.233405E+01  5.278887E+01 -1.331164E+01  5.604036E+01 -8.807008E+00  2.753572E+01 -7.272093E+00  2.682040E+01 -5.524687E+00  2.966991E+01
  3.880 -2.579991E+01  4.629941E+01 -2.436978E+01  4.924585E+01 -1.595473E+01  5.354892E+01 -1.009118E+01  2.601219E+01 -8.380821E+00  2.560857E+01 -7.153054E+00  2.842638E+01
  3.900 -2.669442E+01  4.277985E+01 -2.575477E+01  4.560498E+01 -1.816212E+01  5.080461E+01 -1.107807E+01  2.436182E+01 -9.305362E+00  2.431063E+01 -8.527404E+00  2.698899E+01
  3.920 -2.706333E+01  3.940409E+01 -2.652572E+01  4.202097E+01 -1.991270E+01  4.789172E+01 -1.176139E+01  2.266262E+01 -1.003933E+01  2.295319E+01 -9.624403E+00  2.542082E+01
  3.940 -2.699048E+01  3.625617E+01 -2.675880E+01  3.861466E+01 -2.119645E+01  4.489336E+01 -1.215757E+01  2.098359E+01 -1.057626E+01  2.156525E+01 -1.043598E+01  2.378346E+01
  3.960 -2.656642E+01  3.338668E+01 -2.654909E+01  3.546705E+01 -2.201681E+01  4.189489E+01 -1.229820E+01  1.937973E+01 -1.091398E+01  2.018085E+01 -1.096696E+01  2.213552E+01
  3.980 -2.587749E+01  3.081791E+01 -2.599363E+01  3.262275E+01 -2.239557E+01  3.898101E+01 -1.222297E+01  1.789066E+01 -1.105928E+01  1.883664E+01 -1.123411E+01  2.053069E+01
  4.000 -2.499890E+01  2.855118E+01 -2.518058E+01  3.009859E+01 -2.237382E+01  3.622861E+01 -1.197382E+01  1.654178E+01 -1.102906E+01  1.756683E+01 -1.126451E+01  1.901528E+01
  4.020 -2.399176E+01  2.657514E+01 -2.418455E+01  2.789359E+01 -2.200810E+01  3.370078E+01 -1.159112E+01  1.534724E+01 -1.084803E+01  1.639935E+01 -1.109306E+01  1.762638E+01
  4.040 -2.290427E+01  2.487331E+01 -2.306724E+01  2.599743E+01 -2.136543E+01  3.144391E+01 -1.111226E+01  1.431315E+01 -1.054560E+01  1.535441E+01 -1.075993E+01  1.639096E+01
  4.060 -2.177611E+01  2.342844E+01 -2.188107E+01  2.439514E+01 -2.051877E+01  2.948641E+01 -1.057198E+01  1.343966E+01 -1.015359E+01  1.444442E+01 -1.030836E+01  1.532523E+01
  4.080 -2.064298E+01  2.222266E+01 -2.067277E+01  2.306772E+01 -1.954265E+01  2.783770E+01 -1.000297E+01  1.272115E+01 -9.704649E+00  1.367398E+01 -9.781955E+00  1.443402E+01
  4.100 -1.953860E+01  2.123463E+01 -1.948438E+01  2.199029E+01 -1.850761E+01  2.648806E+01 -9.435076E+00  1.214558E+01 -9.230485E+00  1.303957E+01 -9.221262E+00  1.371092E+01
  4.120 -1.849288E+01  2.043663E+01 -1.835086E+01  2.113083E+01 -1.747392E+01  2.541079E+01 -8.892922E+00  1.169431E+01 -8.759342E+00  1.252979E+01 -8.660049E+00  1.314007E+01
  4.140 -1.752770E+01  1.979442E+01 -1.729656E+01  2.045181E+01 -1.648639E+01  2.456789E+01 -8.393002E+00  1.134422E+01 -8.313240E+00  1.212684E+01 -8.122658E+00  1.269998E+01
  4.160 -1.665316E+01  1.927088E+01 -1.633295E+01  1.991486E+01 -1.557285E+01  2.391786E+01 -7.942391E+00  1.107187E+01 -7.906191E+00  1.180968E+01 -7.623934E+00  1.236829E+01
  4.180 -1.586705E+01  1.883193E+01 -1.546009E+01  1.948641E+01 -1.474752E+01  2.342253E+01 -7.540565E+00  1.085796E+01 -7.544434E+00  1.155758E+01 -7.171815E+00  1.212525E+01
  4.200 -1.515830E+01  1.845158E+01 -1.467116E+01  1.914126E+01 -1.401671E+01  2.304971E+01 -7.183717E+00  1.068948E+01 -7.228424E+00  1.135259E+01 -6.770946E+00  1.195460E+01
  4.220 -1.451258E+01  1.811378E+01 -1.395791E+01  1.886261E+01 -1.338324E+01  2.277178E+01 -6.868948E+00  1.055835E+01 -6.955150E+00  1.118028E+01 -6.425050E+00  1.184200E+01
  4.240 -1.391728E+01  1.781069E+01 -1.331427E+01  1.863914E+01 -1.284765E+01  2.256274E+01 -6.595919E+00  1.045808E+01 -6.719754E+00  1.102941E+01 -6.137030E+00  1.177286E+01
  4.260 -1.336413E+01  1.753881E+01 -1.273720E+01  1.846108E+01 -1.240662E+01  2.239658E+01 -6.365792E+00  1.038089E+01 -6.516376E+00  1.089133E+01 -5.907388E+00  1.173140E+01
  4.280 -1.284875E+01  1.729501E+01 -1.222498E+01  1.831726E+01 -1.205062E+01  2.224785E+01 -6.178901E+00  1.031663E+01 -6.338454E+00  1.075935E+01 -5.732362E+00  1.170136E+01
  4.300 -1.236793E+01  1.707419E+01 -1.177394E+01  1.819417E+01 -1.176222E+01  2.209445E+01 -6.032358E+00  1.025326E+01 -6.178461E+00  1.062849E+01 -5.602941E+00  1.166809E+01
  4.320 -1.191619E+01  1.686985E+01 -1.137527E+01  1.807769E+01 -1.151635E+01  2.192173E+01 -5.918146E+00  1.017895E+01 -6.027329E+00  1.049593E+01 -5.505120E+00  1.162106E+01
  4.340 -1.148404E+01  1.667733E+01 -1.101363E+01  1.795740E+01 -1.128301E+01  2.172689E+01 -5.822668E+00  1.008545E+01 -5.874515E+00  1.036258E+01 -5.421470E+00  1.155647E+01
  4.360 -1.105963E+01  1.649770E+01 -1.066960E+01  1.783148E+01 -1.103296E+01  2.152223E+01 -5.728977E+00  9.971928E+00 -5.709763E+00  1.023491E+01 -5.334286E+00  1.147925E+01
  4.380 -1.063320E+01  1.633919E+01 -1.032560E+01  1.770918E+01 -1.074580E+01  2.133503E+01 -5.621570E+00  9.846583E+00 -5.526516E+00  1.012536E+01 -5.230282E+00  1.140332E+01
  4.400 -1.020160E+01  1.621506E+01 -9.972878E+00  1.760838E+01 -1.041789E+01  2.120226E+01 -5.491649E+00  9.724833E+00 -5.325507E+00  1.005011E+01 -5.105458E+00  1.134881E+01
  4.420 -9.770335E+00  1.613877E+01 -9.615437E+00  1.754883E+01 -1.006647E+01  2.116090E+01 -5.340226E+00  9.624392E+00 -5.116446E+00  1.002472E+01 -4.967826E+00  1.133635E+01
  4.440 -9.351954E+00  1.611898E+01 -9.268539E+00  1.754415E+01 -9.727506E+00  2.123708E+01 -5.177601E+00  9.559498E+00 -4.916754E+00  1.005947E+01 -4.836290E+00  1.138048E+01
  4.460 -8.961769E+00  1.615702E+01 -8.952641E+00  1.759701E+01 -9.448113E+00  2.143829E+01 -5.019638E+00  9.536811E+00 -4.747990E+00  1.015638E+01 -4.735980E+00  1.148491E+01
  4.480 -8.613576E+00  1.624783E+01 -8.686327E+00  1.769932E+01 -9.276784E+00  2.175104E+01 -4.882820E+00  9.554460E+00 -4.631840E+00  1.030881E+01 -4.692121E+00  1.164127E+01
  4.500 -8.317883E+00  1.638288E+01 -8.481831E+00  1.783610E+01 -9.255078E+00  2.214313E+01 -4.780387E+00  9.603823E+00 -4.587230E+00  1.050258E+01 -4.724900E+00  1.183098E+01
  4.520 -8.082819E+00  1.655221E+01 -8.344246E+00  1.799003E+01 -9.412215E+00  2.256780E+01 -4.720569E+00  9.672316E+00 -4.628688E+00  1.071726E+01 -4.846454E+00  1.202859E+01
  4.540 -7.915407E+00  1.674400E+01 -8.272803E+00  1.814399E+01 -9.761207E+00  2.296781E+01 -4.706296E+00  9.745653E+00 -4.764636E+00  1.092683E+01 -5.059397E+00  1.220486E+01
  4.560 -7.820650E+00  1.694276E+01 -8.261697E+00  1.828190E+01 -1.029453E+01  2.328006E+01 -4.735136E+00  9.809486E+00 -4.994555E+00  1.110092E+01 -5.355683E+00  1.232987E+01
  4.580 -7.798190E+00  1.712924E+01 -8.299623E+00  1.838981E+01 -1.098016E+01  2.344373E+01 -4.799204E+00  9.851340E+00 -5.305930E+00  1.120854E+01 -5.715862E+00  1.237705E+01
  4.600 -7.839018E+00  1.728368E+01 -8.369785E+00  1.845884E+01 -1.176207E+01  2.341218E+01 -4.886038E+00  9.863179E+00 -5.673669E+00  1.122432E+01 -6.110505E+00  1.232859E+01
  4.620 -7.925411E+00  1.739157E+01 -8.452598E+00  1.848862E+01 -1.256859E+01  2.316428E+01 -4.981209E+00  9.843534E+00 -6.063785E+00  1.113470E+01 -6.505088E+00  1.217979E+01
  4.640 -8.035160E+00  1.744841E+01 -8.530850E+00  1.848833E+01 -1.332636E+01  2.270892E+01 -5.072055E+00  9.797737E+00 -6.440254E+00  1.094081E+01 -6.866856E+00  1.193986E+01
  4.660 -8.148157E+00  1.746059E+01 -8.594735E+00  1.847419E+01 -1.397378E+01  2.208125E+01 -5.150929E+00  9.735916E+00 -6.771990E+00  1.065714E+01 -7.170425E+00  1.162882E+01
  4.680 -8.252003E+00  1.744195E+01 -8.644251E+00  1.846449E+01 -1.446938E+01  2.133368E+01 -5.216739E+00  9.669608E+00 -7.037591E+00  1.030706E+01 -7.400420E+00  1.127291E+01
  4.700 -8.344094E+00  1.740780E+01 -8.688519E+00  1.847470E+01 -1.479503E+01  2.052596E+01 -5.274465E+00  9.608209E+00 -7.227163E+00  9.917380E+00 -7.552044E+00  1.090057E+01
  4.720 -8.429837E+00  1.736950E+01 -8.743311E+00  1.851405E+01 -1.495545E+01  1.971578E+01 -5.332956E+00  9.556295E+00 -7.341480E+00  9.513005E+00 -7.631000E+00  1.053894E+01
  4.740 -8.518471E+00  1.733139E+01 -8.828069E+00  1.858350E+01 -1.497445E+01  1.895041E+01 -5.401723E+00  9.512587E+00 -7.388889E+00  9.112953E+00 -7.652565E+00  1.020992E+01
  4.760 -8.618397E+00  1.729061E+01 -8.962485E+00  1.867435E+01 -1.488792E+01  1.826071E+01 -5.487882E+00  9.470812E+00 -7.380799E+00  8.728662E+00 -7.638664E+00  9.926350E+00
  4.780 -8.733626E+00  1.723937E+01 -9.162142E+00  1.876795E+01 -1.473507E+01  1.765910E+01 -5.594317E+00  9.421868E+00 -7.327346E+00  8.365109E+00 -7.612865E+00  9.689841E+00
  4.800 -8.862229E+00  1.716835E+01 -9.433331E+00  1.883755E+01 -1.455029E+01  1.714209E+01 -5.719290E+00  9.356113E+00 -7.234969E+00  8.024005E+00 -7.594790E+00  9.491791E+00
  4.820 -8.996630E+00  1.706985E+01 -9.768611E+00  1.885346E+01 -1.435783E+01  1.669576E+01 -5.856790E+00  9.265183E+00 -7.106608E+00  7.707261E+00 -7.595981E+00  9.317176E+00
  4.840 -9.125041E+00  1.694028E+01 -1.014599E+01  1.879122E+01 -1.417005E+01  1.630256E+01 -5.997218E+00  9.143643E+00 -6.943853E+00  7.419047E+00 -7.618632E+00  9.149828E+00
  4.860 -9.233557E+00  1.678183E+01 -1.053361E+01  1.863907E+01 -1.398920E+01  1.594724E+01 -6.128845E+00  8.990618E+00 -6.749473E+00  7.165709E+00 -7.657438E+00  8.977122E+00
  4.880 -9.308819E+00  1.660339E+01 -1.089822E+01  1.840096E+01 -1.381138E+01  1.562052E+01 -6.240294E+00  8.810548E+00 -6.528739E+00  6.954167E+00 -7.703345E+00  8.792350E+00
  4.900 -9.341149E+00  1.642030E+01 -1.121270E+01  1.809394E+01 -1.363103E+01  1.531992E+01 -6.323112E+00  8.612305E+00 -6.289160E+00  6.790411E+00 -7.747154E+00  8.594521E+00
  4.920 -9.327668E+00  1.625275E+01 -1.146008E+01  1.774307E+01 -1.344452E+01  1.504863E+01 -6.373226E+00  8.407157E+00 -6.039725E+00  6.679106E+00 -7.781788E+00  8.386796E+00
  4.940 -9.274566E+00  1.612244E+01 -1.163462E+01  1.737650E+01 -1.325252E+01  1.481335E+01 -6.391116E+00  8.206703E+00 -5.790913E+00  6.623740E+00 -7.803383E+00  8.174722E+00
  4.960 -9.197576E+00  1.604826E+01 -1.174168E+01  1.702128E+01 -1.306129E+01  1.462141E+01 -6.381295E+00  8.021296E+00 -5.555301E+00  6.626035E+00 -7.811781E+00  7.964427E+00
  4.980 -9.120205E+00  1.604209E+01 -1.179639E+01  1.669912E+01 -1.288264E+01  1.447750E+01 -6.351517E+00  7.858852E+00 -5.347549E+00  6.684354E+00 -7.810276E+00  7.760573E+00
  5.000 -9.070205E+00  1.610594E+01 -1.182012E+01  1.642276E+01 -1.273194E+01  1.438043E+01 -6.311683E+00  7.723922E+00 -5.182980E+00  6.792063E+00 -7.804071E+00  7.564484E+00
  5.020 -9.075260E+00  1.623099E+01 -1.183550E+01  1.619476E+01 -1.262429E+01  1.432167E+01 -6.272449E+00  7.617235E+00 -5.075126E+00  6.937036E+00 -7.797576E+00  7.373659E+00
  5.040 -9.158962E+00  1.639849E+01 -1.186202E+01  1.600950E+01 -1.257052E+01  1.428646E+01 -6.243873E+00  7.535859E+00 -5.033379E+00  7.102666E+00 -7.791985E+00  7.183418E+00
  5.060 -9.337754E+00  1.658180E+01 -1.191437E+01  1.585647E+01 -1.257498E+01  1.425715E+01 -6.234391E+00  7.473711E+00 -5.061597E+00  7.269760E+00 -7.784797E+00  6.989800E+00
  5.080 -9.618582E+00  1.674889E+01 -1.200294E+01  1.572236E+01 -1.263585E+01  1.421636E+01 -6.249973E+00  7.422133E+00 -5.157601E+00  7.418493E+00 -7.771507E+00  6.791815E+00
  5.100 -9.996852E+00  1.686560E+01 -1.213401E+01  1.559147E+01 -1.274654E+01  1.414881E+01 -6.293261E+00  7.370703E+00 -5.313116E+00  7.530333E+00 -7.748185E+00  6.591785E+00
  5.120 -1.045563E+01  1.690038E+01 -1.230873E+01  1.544601E+01 -1.289694E+01  1.404202E+01 -6.362959E+00  7.308587E+00 -5.514318E+00  7.590183E+00 -7.713424E+00  6.393971E+00
  5.140 -1.096759E+01  1.682938E+01 -1.252172E+01  1.526800E+01 -1.307437E+01  1.388672E+01 -6.454014E+00  7.226080E+00 -5.743467E+00  7.588277E+00 -7.668867E+00  6.202365E+00
  5.160 -1.149923E+01  1.663947E+01 -1.276109E+01  1.504198E+01 -1.326430E+01  1.367715E+01 -6.558382E+00  7.115690E+00 -5.981187E+00  7.520968E+00 -7.618110E+00  6.018703E+00
  5.180 -1.201504E+01  1.632886E+01 -1.300980E+01  1.475724E+01 -1.345095E+01  1.341127E+01 -6.665730E+00  6.972796E+00 -6.208404E+00  7.390522E+00 -7.564490E+00  5.841846E+00
  5.200 -1.248075E+01  1.590677E+01 -1.324735E+01  1.440936E+01 -1.361775E+01  1.309151E+01 -6.764096E+00  6.796505E+00 -6.407833E+00  7.204780E+00 -7.509138E+00  5.668981E+00
  5.220 -1.286649E+01  1.539299E+01 -1.345183E+01  1.400160E+01 -1.374883E+01  1.272583E+01 -6.841255E+00  6.590691E+00 -6.565763E+00  6.976724E+00 -7.450605E+00  5.497817E+00
  5.240 -1.315071E+01  1.481644E+01 -1.360315E+01  1.354579E+01 -1.383171E+01  1.232794E+01 -6.887096E+00  6.364328E+00 -6.674171E+00  6.723074E+00 -7.386165E+00  5.328243E+00
  5.260 -1.332388E+01  1.421140E+01 -1.368721E+01  1.306147E+01 -1.386033E+01  1.191547E+01 -6.896294E+00  6.130164E+00 -6.732116E+00  6.461441E+00 -7.313843E+00  5.162503E+00
  5.280 -1.338984E+01  1.361152E+01 -1.369945E+01  1.257215E+01 -1.383647E+01  1.150607E+01 -6.869824E+00  5.901664E+00 -6.745202E+00  6.206828E+00 -7.233862E+00  5.003861E+00
  5.300 -1.336344E+01  1.304385E+01 -1.364548E+01  1.209976E+01 -1.376837E+01  1.111339E+01 -6.814148E+00  5.689548E+00 -6.722996E+00  5.969098E+00 -7.148639E+00  4.854690E+00
  5.320 -1.326524E+01  1.252557E+01 -1.353808E+01  1.166006E+01 -1.366702E+01  1.074481E+01 -6.738480E+00  5.499797E+00 -6.675643E+00  5.752648E+00 -7.061367E+00  4.715271E+00
  5.340 -1.311607E+01  1.206449E+01 -1.339242E+01  1.126100E+01 -1.354234E+01  1.040225E+01 -6.651890E+00  5.333920E+00 -6.611501E+00  5.558065E+00 -6.974297E+00  4.584120E+00
  5.360 -1.293393E+01  1.166203E+01 -1.322204E+01  1.090450E+01 -1.340128E+01  1.008497E+01 -6.561776E+00  5.190591E+00 -6.536620E+00  5.384266E+00 -6.888046E+00  4.459467E+00
  5.380 -1.273351E+01  1.131616E+01 -1.303773E+01  1.058944E+01 -1.324850E+01  9.792075E+00 -6.473879E+00  5.067107E+00 -6.455459E+00  5.229768E+00 -6.802404E+00  4.340500E+00
  5.400 -1.252707E+01  1.102290E+01 -1.284852E+01  1.031349E+01 -1.308821E+01  9.523140E+00 -6.392810E+00  4.959803E+00 -6.371627E+00  5.092882E+00 -6.717715E+00  4.227237E+00
  5.420 -1.232501E+01  1.077630E+01 -1.266272E+01  1.007272E+01 -1.292502E+01  9.277184E+00 -6.322027E+00  4.863788E+00 -6.288060E+00  4.971513E+00 -6.635336E+00  4.119238E+00
  5.440 -1.213535E+01  1.056825E+01 -1.248731E+01  9.860651E+00 -1.276336E+01  9.051565E+00 -6.263018E+00  4.772936E+00 -6.206783E+00  4.863193E+00 -6.556643E+00  4.014532E+00
  5.460 -1.196242E+01  1.038913E+01 -1.232589E+01  9.668430E+00 -1.260603E+01  8.842066E+00 -6.214364E+00  4.680846E+00 -6.128757E+00  4.765490E+00 -6.481441E+00  3.909931E+00
  5.480 -1.180621E+01  1.022974E+01 -1.217720E+01  9.487171E+00 -1.245328E+01  8.644224E+00 -6.171680E+00  4.582579E+00 -6.054089E+00  4.676509E+00 -6.407202E+00  3.802624E+00
  5.500 -1.166322E+01  1.008361E+01 -1.203586E+01  9.311012E+00 -1.230324E+01  8.454977E+00 -6.128841E+00  4.476131E+00 -5.982561E+00  4.595143E+00 -6.329835E+00  3.691877E+00
  5.520 -1.152867E+01  9.948217E+00 -1.189503E+01  9.138962E+00 -1.215334E+01  8.273517E+00 -6.079833E+00  4.362766E+00 -5.914160E+00  4.520873E+00 -6.245460E+00  3.579612E+00
  5.540 -1.139897E+01  9.824547E+00 -1.174962E+01  8.974477E+00 -1.200175E+01  8.100970E+00 -6.020244E+00  4.246247E+00 -5.849247E+00  4.453315E+00 -6.151987E+00  3.469635E+00
  5.560 -1.127305E+01  9.715344E+00 -1.159823E+01  8.823304E+00 -1.184813E+01  7.939412E+00 -5.947944E+00  4.131631E+00 -5.788327E+00  4.391888E+00 -6.049739E+00  3.366178E+00
  5.580 -1.115227E+01  9.623361E+00 -1.144336E+01  8.690948E+00 -1.169368E+01  7.790930E+00 -5.863116E+00  4.024127E+00 -5.731713E+00  4.335859E+00 -5.941169E+00  3.272517E+00
  5.600 -1.103953E+01  9.550487E+00 -1.129028E+01  8.580832E+00 -1.154087E+01  7.656881E+00 -5.767836E+00  3.928239E+00 -5.679417E+00  4.284671E+00 -5.829921E+00  3.189966E+00
  5.620 -1.093859E+01  9.497790E+00 -1.114539E+01  8.493512E+00 -1.139289E+01  7.537338E+00 -5.665456E+00  3.847306E+00 -5.631404E+00  4.238260E+00 -5.719402E+00  3.117526E+00
  5.640 -1.085419E+01  9.465753E+00 -1.101472E+01  8.426919E+00 -1.125277E+01  7.430985E+00 -5.560046E+00  3.783421E+00 -5.588091E+00  4.197120E+00 -5.611293E+00  3.052565E+00
  5.660 -1.079256E+01  9.453928E+00 -1.090311E+01  8.377229E+00 -1.112286E+01  7.335541E+00 -5.456093E+00  3.737518E+00 -5.550940E+00  4.161940E+00 -5.504849E+00  2.992486E+00
  5.680 -1.076184E+01  9.459591E+00 -1.081423E+01  8.339604E+00 -1.100473E+01  7.248283E+00 -5.358427E+00  3.709332E+00 -5.522779E+00  4.132702E+00 -5.397648E+00  2.936500E+00
  5.700 -1.077112E+01  9.475723E+00 -1.075079E+01  8.308144E+00 -1.089941E+01  7.166131E+00 -5.272083E+00  3.697052E+00 -5.507350E+00  4.107463E+00 -5.287449E+00  2.886296E+00
  5.720 -1.082765E+01  9.489583E+00 -1.071399E+01  8.275451E+00 -1.080720E+01  7.085376E+00 -5.201681E+00  3.696833E+00 -5.507844E+00  4.081553E+00 -5.173902E+00  2.845140E+00
  5.740 -1.093282E+01  9.483605E+00 -1.070203E+01  8.233053E+00 -1.072694E+01  7.001759E+00 -5.150210E+00  3.702767E+00 -5.524912E+00  4.048012E+00 -5.059013E+00  2.816131E+00
  5.760 -1.107921E+01  9.439313E+00 -1.070915E+01  8.173375E+00 -1.065530E+01  6.911452E+00 -5.117759E+00  3.707851E+00 -5.555264E+00  3.999484E+00 -4.946317E+00  2.800825E+00
  5.780 -1.125083E+01  9.342756E+00 -1.072647E+01  8.092265E+00 -1.058714E+01  6.812544E+00 -5.101094E+00  3.705830E+00 -5.591865E+00  3.930785E+00 -4.839572E+00  2.798913E+00
  5.800 -1.142699E+01  9.188628E+00 -1.074464E+01  7.990284E+00 -1.051683E+01  6.706048E+00 -5.094609E+00  3.693038E+00 -5.625831E+00  3.840794E+00 -4.741846E+00  2.808717E+00
  5.820 -1.158753E+01  8.981061E+00 -1.075643E+01  7.871888E+00 -1.044010E+01  6.595753E+00 -5.092280E+00  3.669191E+00 -5.649033E+00  3.732688E+00 -4.655229E+00  2.827877E+00
  5.840 -1.171714E+01  8.731311E+00 -1.075811E+01  7.743278E+00 -1.035526E+01  6.487040E+00 -5.089595E+00  3.636746E+00 -5.656106E+00  3.612588E+00 -4.580924E+00  2.853820E+00
  5.860 -1.180702E+01  8.454210E+00 -1.074901E+01  7.610374E+00 -1.026360E+01  6.385302E+00 -5.084483E+00  3.599327E+00 -5.645119E+00  3.487576E+00 -4.519366E+00  2.883997E+00
  5.880 -1.185483E+01  8.165126E+00 -1.073029E+01  7.477903E+00 -1.016884E+01  6.294562E+00 -5.077058E+00  3.560230E+00 -5.617146E+00  3.364070E+00 -4.470295E+00  2.916132E+00
  5.900 -1.186378E+01  7.877802E+00 -1.070407E+01  7.349542E+00 -1.007617E+01  6.216624E+00 -5.068766E+00  3.521661E+00 -5.575363E+00  3.246821E+00 -4.432982E+00  2.948513E+00
  5.920 -1.184139E+01  7.602643E+00 -1.067320E+01  7.228381E+00 -9.991129E+00  6.150819E+00 -5.061636E+00  3.484635E+00 -5.524026E+00  3.138400E+00 -4.406682E+00  2.980139E+00
  5.940 -1.179774E+01  7.345403E+00 -1.064186E+01  7.116895E+00 -9.918717E+00  6.094136E+00 -5.057858E+00  3.449067E+00 -5.467344E+00  3.039109E+00 -4.391186E+00  3.010515E+00
  5.960 -1.174315E+01  7.106709E+00 -1.061589E+01  7.016051E+00 -9.862614E+00  6.041453E+00 -5.059480E+00  3.413780E+00 -5.408411E+00  2.947451E+00 -4.387176E+00  3.039015E+00
  5.980 -1.168595E+01  6.882690E+00 -1.060238E+01  6.923788E+00 -9.824291E+00  5.985880E+00 -5.067998E+00  3.376503E+00 -5.348560E+00  2.861087E+00 -4.396028E+00  3.063966E+00
